  -24.4200001         0.00000000    
  -24.2900009        -2.23498642E-09
  -24.1599998        -6.70224587E-09
  -24.0300007        -1.32619018E-08
  -23.8999996        -2.16520810E-08
  -23.7700005        -3.15143431E-08
  -23.6399994        -4.24269757E-08
  -23.5100002        -5.39431078E-08
  -23.3799992        -6.56303101E-08
  -23.2500000        -7.71082469E-08
  -23.1200008        -8.80814355E-08
  -22.9899998        -9.83645876E-08
  -22.8600006        -1.07898565E-07
  -22.7299995        -1.16756148E-07
  -22.6000004        -1.25137220E-07
  -22.4699993        -1.33353822E-07
  -22.3400002        -1.41806638E-07
  -22.2099991        -1.50954207E-07
  -22.0799999        -1.61277839E-07
  -21.9500008        -1.73244345E-07
  -21.8199997        -1.87269947E-07
  -21.6900005        -2.03688174E-07
  -21.5599995        -2.22724253E-07
  -21.4300003        -2.44478741E-07
  -21.2999992        -2.68921525E-07
  -21.1700001        -2.95897536E-07
  -21.0400009        -3.25143333E-07
  -20.9099998        -3.56313734E-07
  -20.7800007        -3.89016179E-07
  -20.6499996        -4.22849752E-07
  -20.5200005        -4.57445395E-07
  -20.3899994        -4.92503716E-07
  -20.2600002        -5.27826955E-07
  -20.1299992        -5.63342383E-07
  -20.0000000        -5.99114628E-07
  -19.8700008        -6.35347192E-07
  -19.7399998        -6.72371414E-07
  -19.6100006        -7.10626068E-07
  -19.4799995        -7.50627919E-07
  -19.3500004        -7.92936987E-07
  -19.2199993        -8.38119036E-07
  -19.0900002        -8.86708222E-07
  -18.9599991        -9.39173447E-07
  -18.8299999        -9.95889991E-07
  -18.7000008        -1.05711979E-06
  -18.5699997        -1.12300040E-06
  -18.4400005        -1.19354479E-06
  -18.3099995        -1.26865086E-06
  -18.1800003        -1.34812103E-06
  -18.0499992        -1.43169075E-06
  -17.9200001        -1.51906102E-06
  -17.7900009        -1.60993773E-06
  -17.6599998        -1.70406815E-06
  -17.5300007        -1.80127824E-06
  -17.3999996        -1.90150070E-06
  -17.2700005        -2.00479735E-06
  -17.1399994        -2.11136967E-06
  -17.0100002        -2.22155677E-06
  -16.8799992        -2.33582318E-06
  -16.7500000        -2.45473530E-06
  -16.6200008        -2.57892862E-06
  -16.4899998        -2.70907026E-06
  -16.3600006        -2.84581961E-06
  -16.2299995        -2.98978830E-06
  -16.1000004        -3.14150816E-06
  -15.9700003        -3.30140392E-06
  -15.8400002        -3.46977754E-06
  -15.7100000        -3.64680295E-06
  -15.5799999        -3.83253155E-06
  -15.4499998        -4.02690875E-06
  -15.3199997        -4.22979974E-06
  -15.1899996        -4.44101943E-06
  -15.0600004        -4.66037045E-06
  -14.9300003        -4.88767864E-06
  -14.8000002        -5.12283077E-06
  -14.6700001        -5.36580183E-06
  -14.5400000        -5.61668276E-06
  -14.4099998        -5.87569548E-06
  -14.2799997        -6.14319742E-06
  -14.1499996        -6.41967790E-06
  -14.0200005        -6.70573991E-06
  -13.8900003        -7.00207647E-06
  -13.7600002        -7.30943702E-06
  -13.6300001        -7.62859099E-06
  -13.5000000        -7.96028417E-06
  -13.3699999        -8.30520548E-06
  -13.2399998        -8.66395021E-06
  -13.1099997        -9.03699765E-06
  -12.9799995        -9.42469524E-06
  -12.8500004        -9.82725669E-06
  -12.7200003        -1.02447711E-05
  -12.5900002        -1.06772231E-05
  -12.4600000        -1.11245254E-05
  -12.3299999        -1.15865478E-05
  -12.1999998        -1.20631630E-05
  -12.0699997        -1.25542792E-05
  -11.9399996        -1.30598819E-05
  -11.8100004        -1.35800528E-05
  -11.6800003        -1.41149958E-05
  -11.5500002        -1.46650445E-05
  -11.4200001        -1.52306602E-05
  -11.2900000        -1.58124203E-05
  -11.1599998        -1.64109915E-05
  -11.0299997        -1.70271160E-05
  -10.8999996        -1.76615576E-05
  -10.7700005        -1.83150842E-05
  -10.6400003        -1.89884140E-05
  -10.5100002        -1.96821875E-05
  -10.3800001        -2.03969430E-05
  -10.2500000        -2.11330898E-05
  -10.1199999        -2.18909026E-05
  -9.98999977        -2.26705160E-05
  -9.85999966        -2.34719373E-05
  -9.72999954        -2.42950700E-05
  -9.60000038        -2.51397450E-05
  -9.47000027        -2.60057604E-05
  -9.34000015        -2.68929107E-05
  -9.21000004        -2.78010393E-05
  -9.07999992        -2.87300627E-05
  -8.94999981        -2.96799972E-05
  -8.81999969        -3.06509828E-05
  -8.68999958        -3.16432852E-05
  -8.56000042        -3.26572917E-05
  -8.43000031        -3.36934827E-05
  -8.30000019        -3.47524219E-05
  -8.17000008        -3.58347097E-05
  -8.03999996        -3.69409499E-05
  -7.90999985        -3.80717102E-05
  -7.78000021        -3.92274851E-05
  -7.65000010        -4.04086713E-05
  -7.51999998        -4.16155308E-05
  -7.38999987        -4.28481835E-05
  -7.26000023        -4.41066150E-05
  -7.13000011        -4.53906432E-05
  -7.00000000        -4.66999918E-05
  -6.86999989        -4.80342678E-05
  -6.73999977        -4.93929947E-05
  -6.61000013        -5.07756922E-05
  -6.48000002        -5.21818547E-05
  -6.34999990        -5.36110347E-05
  -6.21999979        -5.50628574E-05
  -6.09000015        -5.65370319E-05
  -5.96000004        -5.80333981E-05
  -5.82999992        -5.95519050E-05
  -5.69999981        -6.10925999E-05
  -5.57000017        -6.26556284E-05
  -5.44000006        -6.42411906E-05
  -5.30999994        -6.58495046E-05
  -5.17999983        -6.74807743E-05
  -5.05000019        -6.91351524E-05
  -4.92000008        -7.08126900E-05
  -4.78999996        -7.25133068E-05
  -4.65999985        -7.42367774E-05
  -4.53000021        -7.59827381E-05
  -4.40000010        -7.77506502E-05
  -4.26999998        -7.95398519E-05
  -4.13999987        -8.13495499E-05
  -4.01000023        -8.31788639E-05
  -3.88000011        -8.50268771E-05
  -3.75000000        -8.68926290E-05
  -3.61999989        -8.87752030E-05
  -3.49000001        -9.06737405E-05
  -3.35999990        -9.25874483E-05
  -3.23000002        -9.45156426E-05
  -3.09999990        -9.64577703E-05
  -2.97000003        -9.84133731E-05
  -2.83999991        -1.00382080E-04
  -2.71000004        -1.02363636E-04
  -2.57999992        -1.04357801E-04
  -2.45000005        -1.06364358E-04
  -2.31999993        -1.08383050E-04
  -2.19000006        -1.10413574E-04
  -2.05999994        -1.12455535E-04
  -1.92999995        -1.14508366E-04
  -1.79999995        -1.16571377E-04
  -1.66999996        -1.18643737E-04
  -1.53999996        -1.20724428E-04
  -1.40999997        -1.22812329E-04
  -1.27999997        -1.24906190E-04
  -1.14999998        -1.27004736E-04
  -1.01999998        -1.29106600E-04
 -0.889999986        -1.31210472E-04
 -0.759999990        -1.33315043E-04
 -0.629999995        -1.35419134E-04
 -0.500000000        -1.37521638E-04
 -0.370000005        -1.39621610E-04
 -0.239999995        -1.41718163E-04
 -0.109999999        -1.43810597E-04
   1.99999996E-02    -1.45898288E-04
  0.150000006        -1.47980652E-04
  0.280000001        -1.50057196E-04
  0.409999996        -1.52127410E-04
  0.540000021        -1.54190770E-04
  0.670000017        -1.56246664E-04
  0.800000012        -1.58294410E-04
  0.930000007        -1.60333191E-04
   1.05999994        -1.62362048E-04
   1.19000006        -1.64379904E-04
   1.32000005        -1.66385551E-04
   1.45000005        -1.68377679E-04
   1.58000004        -1.70354877E-04
   1.71000004        -1.72315704E-04
   1.84000003        -1.74258719E-04
   1.97000003        -1.76182482E-04
   2.09999990        -1.78085698E-04
   2.23000002        -1.79967101E-04
   2.35999990        -1.81825613E-04
   2.49000001        -1.83660304E-04
   2.61999989        -1.85470315E-04
   2.75000000        -1.87255006E-04
   2.88000011        -1.89013794E-04
   3.00999999        -1.90746185E-04
   3.14000010        -1.92451727E-04
   3.26999998        -1.94130000E-04
   3.40000010        -1.95780522E-04
   3.52999997        -1.97402755E-04
   3.66000009        -1.98996029E-04
   3.78999996        -2.00559633E-04
   3.92000008        -2.02092677E-04
   4.05000019        -2.03594202E-04
   4.17999983        -2.05063145E-04
   4.30999994        -2.06498284E-04
   4.44000006        -2.07898425E-04
   4.57000017        -2.09262362E-04
   4.69999981        -2.10588871E-04
   4.82999992        -2.11876817E-04
   4.96000004        -2.13125139E-04
   5.09000015        -2.14332933E-04
   5.21999979        -2.15499400E-04
   5.34999990        -2.16623914E-04
   5.48000002        -2.17706052E-04
   5.61000013        -2.18745467E-04
   5.73999977        -2.19741967E-04
   5.86999989        -2.20695409E-04
   6.00000000        -2.21605704E-04
   6.13000011        -2.22472794E-04
   6.26000023        -2.23296563E-04
   6.38999987        -2.24076837E-04
   6.51999998        -2.24813310E-04
   6.65000010        -2.25505646E-04
   6.78000021        -2.26153323E-04
   6.90999985        -2.26755757E-04
   7.03999996        -2.27312252E-04
   7.17000008        -2.27822093E-04
   7.30000019        -2.28284480E-04
   7.42999983        -2.28698700E-04
   7.55999994        -2.29064026E-04
   7.69000006        -2.29379846E-04
   7.82000017        -2.29645651E-04
   7.94999981        -2.29861063E-04
   8.07999992        -2.30025864E-04
   8.21000004        -2.30140009E-04
   8.34000015        -2.30203543E-04
   8.47000027        -2.30216669E-04
   8.60000038        -2.30179736E-04
   8.72999954        -2.30093108E-04
   8.85999966        -2.29957164E-04
   8.98999977        -2.29772355E-04
   9.11999989        -2.29538986E-04
   9.25000000        -2.29257348E-04
   9.38000011        -2.28927602E-04
   9.51000023        -2.28549805E-04
   9.64000034        -2.28123885E-04
   9.77000046        -2.27649667E-04
   9.89999962        -2.27126919E-04
   10.0299997        -2.26555319E-04
   10.1599998        -2.25934549E-04
   10.2900000        -2.25264317E-04
   10.4200001        -2.24544405E-04
   10.5500002        -2.23774667E-04
   10.6800003        -2.22955074E-04
   10.8100004        -2.22085800E-04
   10.9399996        -2.21167138E-04
   11.0699997        -2.20199552E-04
   11.1999998        -2.19183596E-04
   11.3299999        -2.18119967E-04
   11.4600000        -2.17009467E-04
   11.5900002        -2.15852924E-04
   11.7200003        -2.14651183E-04
   11.8500004        -2.13405059E-04
   11.9799995        -2.12115337E-04
   12.1099997        -2.10782673E-04
   12.2399998        -2.09407663E-04
   12.3699999        -2.07990772E-04
   12.5000000        -2.06532350E-04
   12.6300001        -2.05032644E-04
   12.7600002        -2.03491873E-04
   12.8900003        -2.01910196E-04
   13.0200005        -2.00287745E-04
   13.1499996        -1.98624693E-04
   13.2799997        -1.96921348E-04
   13.4099998        -1.95178058E-04
   13.5400000        -1.93395332E-04
   13.6700001        -1.91573839E-04
   13.8000002        -1.89714396E-04
   13.9300003        -1.87817990E-04
   14.0600004        -1.85885729E-04
   14.1899996        -1.83918790E-04
   14.3199997        -1.81918469E-04
   14.4499998        -1.79886047E-04
   14.5799999        -1.77822789E-04
   14.7100000        -1.75729947E-04
   14.8400002        -1.73608671E-04
   14.9700003        -1.71459978E-04
   15.1000004        -1.69284831E-04
   15.2299995        -1.67083999E-04
   15.3599997        -1.64858182E-04
   15.4899998        -1.62607976E-04
   15.6199999        -1.60333933E-04
   15.7500000        -1.58036506E-04
   15.8800001        -1.55716203E-04
   16.0100002        -1.53373534E-04
   16.1399994        -1.51009110E-04
   16.2700005        -1.48623672E-04
   16.3999996        -1.46218008E-04
   16.5300007        -1.43793121E-04
   16.6599998        -1.41350145E-04
   16.7900009        -1.38890318E-04
   16.9200001        -1.36415038E-04
   17.0499992        -1.33925729E-04
   17.1800003        -1.31423905E-04
   17.3099995        -1.28911095E-04
   17.4400005        -1.26388739E-04
   17.5699997        -1.23858248E-04
   17.7000008        -1.21320911E-04
   17.8299999        -1.18777898E-04
   17.9599991        -1.16230243E-04
   18.0900002        -1.13678856E-04
   18.2199993        -1.11124529E-04
   18.3500004        -1.08567954E-04
   18.4799995        -1.06009757E-04
   18.6100006        -1.03450555E-04
   18.7399998        -1.00890975E-04
   18.8700008        -9.83316859E-05
   19.0000000        -9.57734592E-05
   19.1299992        -9.32171606E-05
   19.2600002        -9.06637797E-05
   19.3899994        -8.81144515E-05
   19.5200005        -8.55704493E-05
   19.6499996        -8.30331192E-05
   19.7800007        -8.05039454E-05
   19.9099998        -7.79844413E-05
   20.0400009        -7.54761568E-05
   20.1700001        -7.29806197E-05
   20.2999992        -7.04993072E-05
   20.4300003        -6.80335797E-05
   20.5599995        -6.55846889E-05
   20.6900005        -6.31537332E-05
   20.8199997        -6.07416914E-05
   20.9500008        -5.83493602E-05
   21.0799999        -5.59774380E-05
   21.2099991        -5.36264961E-05
   21.3400002        -5.12970510E-05
   21.4699993        -4.89895974E-05
   21.6000004        -4.67046266E-05
   21.7299995        -4.44426914E-05
   21.8600006        -4.22044104E-05
   21.9899998        -3.99905111E-05
   22.1200008        -3.78018449E-05
   22.2500000        -3.56393648E-05
   22.3799992        -3.35041295E-05
   22.5100002        -3.13972814E-05
   22.6399994        -2.93200246E-05
   22.7700005        -2.72735761E-05
   22.8999996        -2.52591290E-05
   23.0300007        -2.32778366E-05
   23.1599998        -2.13307449E-05
   23.2900009        -1.94187869E-05
   23.4200001        -1.75427504E-05
   23.5499992        -1.57032682E-05
   23.6800003        -1.39007943E-05
   23.8099995        -1.21356534E-05
   23.9400005        -1.04080300E-05
   24.0699997        -8.71799966E-06
   24.2000008        -7.06558785E-06
   24.3299999        -5.45077637E-06
   24.4599991        -3.87356522E-06
   24.5900002        -2.33400647E-06
   24.7199993        -8.32222781E-07
   24.8500004         6.31545333E-07
   24.9799995         2.05696097E-06
   25.1100006         3.44357454E-06
   25.2399998         4.79084383E-06
   25.3700008         6.09815243E-06
   25.5000000         7.36485663E-06
   25.6299992         8.59031661E-06
   25.7600002         9.77393393E-06
   25.8899994         1.09151906E-05
   26.0200005         1.20136874E-05
   26.1499996         1.30691706E-05
   26.2800007         1.40815464E-05
   26.4099998         1.50508795E-05
   26.5400009         1.59773972E-05
   26.6700001         1.68614770E-05
   26.7999992         1.77036090E-05
   26.9300003         1.85043718E-05
   27.0599995         1.92643893E-05
   27.1900005         1.99842943E-05
   27.3199997         2.06647055E-05
   27.4500008         2.13061685E-05
   27.5799999         2.19091326E-05
   27.7099991         2.24739470E-05
   27.8400002         2.30008518E-05
   27.9699993         2.34899690E-05
   28.1000004         2.39413293E-05
   28.2299995         2.43548984E-05
   28.3600006         2.47306034E-05
   28.4899998         2.50683861E-05
   28.6200008         2.53682356E-05
   28.7500000         2.56302283E-05
   28.8799992         2.58545679E-05
   29.0100002         2.60415945E-05
   29.1399994         2.61918012E-05
   29.2700005         2.63058573E-05
   29.3999996         2.63845577E-05
   29.5300007         2.64288483E-05
   29.6599998         2.64397368E-05
   29.7900009         2.64183091E-05
   29.9200001         2.63656657E-05
   30.0499992         2.62828707E-05
   30.1800003         2.61709429E-05
   30.3099995         2.60308043E-05
   30.4400005         2.58632663E-05
   30.5699997         2.56690200E-05
   30.7000008         2.54486331E-05
   30.8299999         2.52025584E-05
   30.9599991         2.49311597E-05
   31.0900002         2.46347299E-05
   31.2199993         2.43135382E-05
   31.3500004         2.39678593E-05
   31.4799995         2.35980206E-05
   31.6100006         2.32044240E-05
   31.7399998         2.27875935E-05
   31.8700008         2.23481802E-05
   32.0000000         2.18869864E-05
   32.1300011         2.14049578E-05
   32.2599983         2.09031678E-05
   32.3899994         2.03827876E-05
   32.5200005         1.98450598E-05
   32.6500015         1.92912576E-05
   32.7799988         1.87226360E-05
   32.9099998         1.81403957E-05
   33.0400009         1.75456444E-05
   33.1699982         1.69393679E-05
   33.2999992         1.63224213E-05
   33.4300003         1.56955084E-05
   33.5600014         1.50591995E-05
   33.6899986         1.44139403E-05
   33.8199997         1.37600773E-05
   33.9500008         1.30979024E-05
   34.0800018         1.24276667E-05
   34.2099991         1.17496384E-05
   34.3400002         1.10641349E-05
   34.4700012         1.03715483E-05
   34.5999985         9.67237702E-06
   34.7299995         8.96723304E-06
   34.8600006         8.25685765E-06
   34.9900017         7.54210441E-06
   35.1199989         6.82393238E-06
   35.2500000         6.10337474E-06
   35.3800011         5.38149925E-06
   35.5099983         4.65937865E-06
   35.6399994         3.93804294E-06
   35.7700005         3.21844186E-06
   35.9000015         2.50141011E-06
   36.0299988         1.78764367E-06
   36.1599998         1.07768119E-06
   36.2900009         3.71906481E-07
   36.4199982        -3.29446749E-07
   36.5499992        -1.02626927E-06
   36.6800003        -1.71854799E-06
   36.8100014        -2.40632698E-06
   36.9399986        -3.08966719E-06
   37.0699997        -3.76860294E-06
   37.2000008        -4.44311081E-06
   37.3300018        -5.11307098E-06
   37.4599991        -5.77825176E-06
   37.5900002        -6.43829981E-06
   37.7200012        -7.09274173E-06
   37.8499985        -7.74099135E-06
   37.9799995        -8.38237065E-06
   38.1100006        -9.01614567E-06
   38.2400017        -9.64155970E-06
   38.3699989        -1.02578697E-05
   38.5000000        -1.08643881E-05
   38.6300011        -1.14605100E-05
   38.7599983        -1.20457535E-05
   38.8899994        -1.26197801E-05
   39.0200005        -1.31823890E-05
   39.1500015        -1.37335383E-05
   39.2799988        -1.42733152E-05
   39.4099998        -1.48019271E-05
   39.5400009        -1.53196524E-05
   39.6699982        -1.58268213E-05
   39.7999992        -1.63237564E-05
   39.9300003        -1.68107363E-05
   40.0600014        -1.72879663E-05
   40.1899986        -1.77555467E-05
   40.3199997        -1.82134445E-05
   40.4500008        -1.86615071E-05
   40.5800018        -1.90994451E-05
   40.7099991        -1.95268713E-05
   40.8400002        -1.99433161E-05
   40.9700012        -2.03482614E-05
   41.0999985        -2.07411958E-05
   41.2299995        -2.11216302E-05
   41.3600006        -2.14891588E-05
   41.4900017        -2.18434743E-05
   41.6199989        -2.21844002E-05
   41.7500000        -2.25119056E-05
   41.8800011        -2.28260997E-05
   42.0099983        -2.31272315E-05
   42.1399994        -2.34156723E-05
   42.2700005        -2.36918841E-05
   42.4000015        -2.39563833E-05
   42.5299988        -2.42097121E-05
   42.6599998        -2.44523872E-05
   42.7900009        -2.46848649E-05
   42.9199982        -2.49075092E-05
   43.0499992        -2.51205620E-05
   43.1800003        -2.53241342E-05
   43.3100014        -2.55181967E-05
   43.4399986        -2.57025877E-05
   43.5699997        -2.58770378E-05
   43.7000008        -2.60412035E-05
   43.8300018        -2.61946861E-05
   43.9599991        -2.63371057E-05
   44.0900002        -2.64681148E-05
   44.2200012        -2.65874423E-05
   44.3499985        -2.66949428E-05
   44.4799995        -2.67905907E-05
   44.6100006        -2.68745080E-05
   44.7400017        -2.69469510E-05
   44.8699989        -2.70083074E-05
   45.0000000        -2.70590590E-05
   45.1300011        -2.70997680E-05
   45.2599983        -2.71310109E-05
   45.3899994        -2.71533627E-05
   45.5200005        -2.71673525E-05
   45.6500015        -2.71734170E-05
   45.7799988        -2.71718891E-05
   45.9099998        -2.71629688E-05
   46.0400009        -2.71467052E-05
   46.1699982        -2.71230201E-05
   46.2999992        -2.70916989E-05
   46.4300003        -2.70524379E-05
   46.5600014        -2.70048549E-05
   46.6899986        -2.69485372E-05
   46.8199997        -2.68830845E-05
   46.9500008        -2.68081476E-05
   47.0800018        -2.67234718E-05
   47.2099991        -2.66289153E-05
   47.3400002        -2.65244780E-05
   47.4700012        -2.64103001E-05
   47.5999985        -2.62866743E-05
   47.7299995        -2.61540117E-05
   47.8600006        -2.60128127E-05
   47.9900017        -2.58636373E-05
   48.1199989        -2.57070751E-05
   48.2500000        -2.55436717E-05
   48.3800011        -2.53739236E-05
   48.5099983        -2.51982219E-05
   48.6399994        -2.50168250E-05
   48.7700005        -2.48298693E-05
   48.9000015        -2.46373402E-05
   49.0299988        -2.44390958E-05
   49.1599998        -2.42348797E-05
   49.2900009        -2.40243571E-05
   49.4199982        -2.38071370E-05
   49.5499992        -2.35828302E-05
   49.6800003        -2.33510709E-05
   49.8100014        -2.31115700E-05
   49.9399986        -2.28641347E-05
   50.0699997        -2.26086995E-05
   50.2000008        -2.23453335E-05
   50.3300018        -2.20742568E-05
   50.4599991        -2.17958241E-05
   50.5900002        -2.15104974E-05
   50.7200012        -2.12188224E-05
   50.8499985        -2.09213886E-05
   50.9799995        -2.06187906E-05
   51.1100006        -2.03115796E-05
   51.2400017        -2.00002250E-05
   51.3699989        -1.96850851E-05
   51.5000000        -1.93663764E-05
   51.6300011        -1.90441697E-05
   51.7599983        -1.87183869E-05
   51.8899994        -1.83888169E-05
   52.0200005        -1.80551451E-05
   52.1500015        -1.77169786E-05
   52.2799988        -1.73738936E-05
   52.4099998        -1.70254734E-05
   52.5400009        -1.66713526E-05
   52.6699982        -1.63112527E-05
   52.7999992        -1.59450046E-05
   52.9300003        -1.55725738E-05
   53.0600014        -1.51940667E-05
   53.1899986        -1.48097270E-05
   53.3199997        -1.44199157E-05
   53.4500008        -1.40250977E-05
   53.5800018        -1.36258031E-05
   53.7099991        -1.32225859E-05
   53.8400002        -1.28159936E-05
   53.9700012        -1.24065191E-05
   54.0999985        -1.19945735E-05
   54.2299995        -1.15804469E-05
   54.3600006        -1.11643012E-05
   54.4900017        -1.07461556E-05
   54.6199989        -1.03258935E-05
   54.7500000        -9.90327862E-06
   54.8800011        -9.47798344E-06
   55.0099983        -9.04963053E-06
   55.1399994        -8.61782428E-06
   55.2700005        -8.18220087E-06
   55.4000015        -7.74247110E-06
   55.5299988        -7.29844942E-06
   55.6599998        -6.85008308E-06
   55.7900009        -6.39746622E-06
   55.9199982        -5.94083895E-06
   56.0499992        -5.48058142E-06
   56.1800003        -5.01719023E-06
   56.3100014        -4.55124746E-06
   56.4399986        -4.08338110E-06
   56.5699997        -3.61423031E-06
   56.7000008        -3.14439899E-06
   56.8300018        -2.67442692E-06
   56.9599991        -2.20474772E-06
   57.0900002        -1.73567207E-06
   57.2200012        -1.26738075E-06
   57.3499985        -7.99913380E-07
   57.4799995        -3.33184232E-07
   57.6100006         1.32998309E-07
   57.7400017         5.98901011E-07
   57.8699989         1.06482787E-06
   58.0000000         1.53108363E-06
   58.1300011         1.99792794E-06
   58.2599983         2.46553964E-06
   58.3899994         2.93397898E-06
   58.5200005         3.40317047E-06
   58.6500015         3.87289037E-06
   58.7799988         4.34276444E-06
   58.9099998         4.81228471E-06
   59.0400009         5.28083228E-06
   59.1699982         5.74771684E-06
   59.2999992         6.21221216E-06
   59.4300003         6.67360109E-06
   59.5600014         7.13121835E-06
   59.6899986         7.58448596E-06
   59.8199997         8.03294097E-06
   59.9500008         8.47625415E-06
   60.0800018         8.91423679E-06
   60.2099991         9.34683158E-06
   60.3400002         9.77409945E-06
   60.4700012         1.01961878E-05
   60.5999985         1.06132993E-05
   60.7299995         1.10256560E-05
   60.8600006         1.14334534E-05
   60.9900017         1.18368234E-05
   61.1199989         1.22358042E-05
   61.2500000         1.26303084E-05
   61.3800011         1.30201133E-05
   61.5099983         1.34048496E-05
   61.6399994         1.37840107E-05
   61.7700005         1.41569672E-05
   61.9000015         1.45229978E-05
   62.0299988         1.48813260E-05
   62.1599998         1.52311613E-05
   62.2900009         1.55717389E-05
   62.4199982         1.59023693E-05
   62.5499992         1.62224678E-05
   62.6800003         1.65315796E-05
   62.8100014         1.68294064E-05
   62.9399986         1.71157972E-05
   63.0699997         1.73907465E-05
   63.2000008         1.76543617E-05
   63.3300018         1.79068429E-05
   63.4599991         1.81484393E-05
   63.5900002         1.83794091E-05
   63.7200012         1.85999725E-05
   63.8499985         1.88102822E-05
   63.9799995         1.90103856E-05
   64.1100006         1.92002080E-05
   64.2399979         1.93795440E-05
   64.3700027         1.95480497E-05
   64.5000000         1.97052686E-05
   64.6299973         1.98506405E-05
   64.7600021         1.99835395E-05
   64.8899994         2.01033145E-05
   65.0199966         2.02093233E-05
   65.1500015         2.03009731E-05
   65.2799988         2.03777599E-05
   65.4100037         2.04393000E-05
   65.5400009         2.04853532E-05
   65.6699982         2.05158303E-05
   65.8000031         2.05307988E-05
   65.9300003         2.05304605E-05
   66.0599976         2.05151337E-05
   66.1900024         2.04852167E-05
   66.3199997         2.04411572E-05
   66.4499969         2.03833915E-05
   66.5800018         2.03123182E-05
   66.7099991         2.02282481E-05
   66.8399963         2.01313869E-05
   66.9700012         2.00218055E-05
   67.0999985         1.98994421E-05
   67.2300034         1.97641057E-05
   67.3600006         1.96154961E-05
   67.4899979         1.94532240E-05
   67.6200027         1.92768621E-05
   67.7500000         1.90859755E-05
   67.8799973         1.88801641E-05
   68.0100021         1.86591078E-05
   68.1399994         1.84225955E-05
   68.2699966         1.81705491E-05
   68.4000015         1.79030430E-05
   68.5299988         1.76203102E-05
   68.6600037         1.73227363E-05
   68.7900009         1.70108360E-05
   68.9199982         1.66852296E-05
   69.0500031         1.63466138E-05
   69.1800003         1.59957090E-05
   69.3099976         1.56332335E-05
   69.4400024         1.52598459E-05
   69.5699997         1.48761237E-05
   69.6999969         1.44825308E-05
   69.8300018         1.40794064E-05
   69.9599991         1.36669496E-05
   70.0899963         1.32452406E-05
   70.2200012         1.28142538E-05
   70.3499985         1.23738955E-05
   70.4800034         1.19240349E-05
   70.6100006         1.14645527E-05
   70.7399979         1.09953826E-05
   70.8700027         1.05165500E-05
   71.0000000         1.00282004E-05
   71.1299973         9.53062499E-06
   71.2600021         9.02426746E-06
   71.3899994         8.50972083E-06
   71.5199966         7.98771725E-06
   71.6500015         7.45909711E-06
   71.7799988         6.92478125E-06
   71.9100037         6.38572646E-06
   72.0400009         5.84288819E-06
   72.1699982         5.29717954E-06
   72.3000031         4.74943181E-06
   72.4300003         4.20036804E-06
   72.5599976         3.65057849E-06
   72.6900024         3.10051337E-06
   72.8199997         2.55048440E-06
   72.9499969         2.00067370E-06
   73.0800018         1.45116167E-06
   73.2099991         9.01958401E-07
   73.3399963         3.53043049E-07
   73.4700012        -1.95593501E-07
   73.5999985        -7.43907322E-07
   73.7300034        -1.29176601E-06
   73.8600006        -1.83891211E-06
   73.9899979        -2.38495090E-06
   74.1200027        -2.92933805E-06
   74.2500000        -3.47139166E-06
   74.3799973        -4.01030547E-06
   74.5100021        -4.54518022E-06
   74.6399994        -5.07506184E-06
   74.7699966        -5.59898490E-06
   74.9000015        -6.11601399E-06
   75.0299988        -6.62528646E-06
   75.1600037        -7.12604424E-06
   75.2900009        -7.61766205E-06
   75.4199982        -8.09966332E-06
   75.5500031        -8.57171835E-06
   75.6800003        -9.03363889E-06
   75.8099976        -9.48536217E-06
   75.9400024        -9.92691548E-06
   76.0699997        -1.03583861E-05
   76.1999969        -1.07798796E-05
   76.3300018        -1.11914787E-05
   76.4599991        -1.15932098E-05
   76.5899963        -1.19850010E-05
   76.7200012        -1.23666678E-05
   76.8499985        -1.27378917E-05
   76.9800034        -1.30982207E-05
   77.1100006        -1.34470756E-05
   77.2399979        -1.37837760E-05
   77.3700027        -1.41075689E-05
   77.5000000        -1.44176684E-05
   77.6299973        -1.47132996E-05
   77.7600021        -1.49937414E-05
   77.8899994        -1.52583707E-05
   78.0199966        -1.55066919E-05
   78.1500015        -1.57383602E-05
   78.2799988        -1.59531955E-05
   78.4100037        -1.61511798E-05
   78.5400009        -1.63324403E-05
   78.6699982        -1.64972225E-05
   78.8000031        -1.66458576E-05
   78.9300003        -1.67787221E-05
   79.0599976        -1.68961942E-05
   79.1900024        -1.69986106E-05
   79.3199997        -1.70862368E-05
   79.4499969        -1.71592255E-05
   79.5800018        -1.72176133E-05
   79.7099991        -1.72612999E-05
   79.8399963        -1.72900618E-05
   79.9700012        -1.73035587E-05
   80.0999985        -1.73013686E-05
   80.2300034        -1.72830096E-05
   80.3600006        -1.72479886E-05
   80.4899979        -1.71958400E-05
   80.6200027        -1.71261709E-05
   80.7500000        -1.70386866E-05
   80.8799973        -1.69332361E-05
   81.0100021        -1.68098177E-05
   81.1399994        -1.66686004E-05
   81.2699966        -1.65098991E-05
   81.4000015        -1.63341792E-05
   81.5299988        -1.61420103E-05
   81.6600037        -1.59340343E-05
   81.7900009        -1.57109243E-05
   81.9199982        -1.54733352E-05
   82.0500031        -1.52218690E-05
   82.1800003        -1.49570324E-05
   82.3099976        -1.46792154E-05
   82.4400024        -1.43886728E-05
   82.5699997        -1.40855300E-05
   82.6999969        -1.37697825E-05
   82.8300018        -1.34413312E-05
   82.9599991        -1.31000043E-05
   83.0899963        -1.27455951E-05
   83.2200012        -1.23779118E-05
   83.3499985        -1.19968117E-05
   83.4800034        -1.16022356E-05
   83.6100006        -1.11942445E-05
   83.7399979        -1.07730430E-05
   83.8700027        -1.03389903E-05
   84.0000000        -9.89259479E-06
   84.1299973        -9.43450686E-06
   84.2600021        -8.96549864E-06
   84.3899994        -8.48643322E-06
   84.5199966        -7.99821919E-06
   84.6500015        -7.50177514E-06
   84.7799988        -6.99797738E-06
   84.9100037        -6.48762762E-06
   85.0400009        -5.97141934E-06
   85.1699982        -5.44990644E-06
   85.3000031        -4.92350182E-06
   85.4300003        -4.39247378E-06
   85.5599976        -3.85696012E-06
   85.6900024        -3.31699630E-06
   85.8199997        -2.77255003E-06
   85.9499969        -2.22356516E-06
   86.0800018        -1.66999928E-06
   86.2099991        -1.11187296E-06
   86.3399963        -5.49302513E-07
   86.4700012         1.74742620E-08
   86.5999985         5.88076034E-07
   86.7300034         1.16197918E-06
   86.8600006         1.73851743E-06
   86.9899979         2.31690683E-06
   87.1200027         2.89626860E-06
   87.2500000         3.47567038E-06
   87.3799973         4.05416404E-06
   87.5100021         4.63082324E-06
   87.6399994         5.20479034E-06
   87.7699966         5.77530773E-06
   87.9000015         6.34174512E-06
   88.0299988         6.90362185E-06
   88.1600037         7.46060641E-06
   88.2900009         8.01251736E-06
   88.4199982         8.55929829E-06
   88.5500031         9.10099425E-06
   88.6800003         9.63771345E-06
   88.8099976         1.01695832E-05
   88.9400024         1.06967054E-05
   89.0699997         1.12191165E-05
   89.1999969         1.17367572E-05
   89.3300018         1.22494321E-05
   89.4599991         1.27568101E-05
   89.5899963         1.32584119E-05
   89.7200012         1.37536308E-05
   89.8499985         1.42417503E-05
   89.9800034         1.47219798E-05
   90.1100006         1.51934937E-05
   90.2399979         1.56554797E-05
   90.3700027         1.61071766E-05
   90.5000000         1.65479141E-05
   90.6299973         1.69771447E-05
   90.7600021         1.73944682E-05
   90.8899994         1.77996408E-05
   91.0199966         1.81925679E-05
   91.1500015         1.85733043E-05
   91.2799988         1.89420207E-05
   91.4100037         1.92989701E-05
   91.5400009         1.96444671E-05
   91.6699982         1.99788210E-05
   91.8000031         2.03023155E-05
   91.9300003         2.06151581E-05
   92.0599976         2.09174596E-05
   92.1900024         2.12092000E-05
   92.3199997         2.14902266E-05
   92.4499969         2.17602519E-05
   92.5800018         2.20188685E-05
   92.7099991         2.22655781E-05
   92.8399963         2.24998275E-05
   92.9700012         2.27210439E-05
   93.0999985         2.29286834E-05
   93.2300034         2.31222748E-05
   93.3600006         2.33014598E-05
   93.4899979         2.34660165E-05
   93.6200027         2.36158739E-05
   93.7500000         2.37511304E-05
   93.8799973         2.38720277E-05
   94.0100021         2.39789515E-05
   94.1399994         2.40723803E-05
   94.2699966         2.41528560E-05
   94.4000015         2.42209535E-05
   94.5299988         2.42772203E-05
   94.6600037         2.43221475E-05
   94.7900009         2.43561335E-05
   94.9199982         2.43794620E-05
   95.0500031         2.43922768E-05
   95.1800003         2.43945888E-05
   95.3099976         2.43862760E-05
   95.4400024         2.43671057E-05
   95.5699997         2.43367649E-05
   95.6999969         2.42948881E-05
   95.8300018         2.42411115E-05
   95.9599991         2.41750986E-05
   96.0899963         2.40966001E-05
   96.2200012         2.40054687E-05
   96.3499985         2.39017027E-05
   96.4800034         2.37854420E-05
   96.6100006         2.36569886E-05
   96.7399979         2.35167809E-05
   96.8700027         2.33653755E-05
   97.0000000         2.32034163E-05
   97.1299973         2.30315854E-05
   97.2600021         2.28505687E-05
   97.3899994         2.26610027E-05
   97.5199966         2.24634423E-05
   97.6500015         2.22583240E-05
   97.7799988         2.20459460E-05
   97.9100037         2.18264668E-05
   98.0400009         2.15998898E-05
   98.1699982         2.13660987E-05
   98.3000031         2.11248698E-05
   98.4300003         2.08759102E-05
   98.5599976         2.06188961E-05
   98.6900024         2.03535164E-05
   98.8199997         2.00795093E-05
   98.9499969         1.97966965E-05
   99.0800018         1.95050197E-05
   99.2099991         1.92045536E-05
   99.3399963         1.88955237E-05
   99.4700012         1.85782847E-05
   99.5999985         1.82533258E-05
   99.7300034         1.79212329E-05
   99.8600006         1.75826590E-05
   99.9899979         1.72382770E-05
   100.120003         1.68887418E-05
   100.250000         1.65346410E-05
   100.379997         1.61764674E-05
   100.510002         1.58145740E-05
   100.639999         1.54491700E-05
   100.769997         1.50803062E-05
   100.900002         1.47078872E-05
   101.029999         1.43316875E-05
   101.160004         1.39513850E-05
   101.290001         1.35666032E-05
   101.419998         1.31769493E-05
   101.550003         1.27820604E-05
   101.680000         1.23816435E-05
   101.809998         1.19755105E-05
   101.940002         1.15636003E-05
   102.070000         1.11459976E-05
   102.199997         1.07229262E-05
   102.330002         1.02947452E-05
   102.459999         9.86192754E-06
   102.589996         9.42502629E-06
   102.720001         8.98464077E-06
   102.849998         8.54137397E-06
   102.980003         8.09578978E-06
   103.110001         7.64837841E-06
   103.239998         7.19951868E-06
   103.370003         6.74945704E-06
   103.500000         6.29829265E-06
   103.629997         5.84597592E-06
   103.760002         5.39232042E-06
   103.889999         4.93702782E-06
   104.019997         4.47971934E-06
   104.150002         4.01997750E-06
   104.279999         3.55739371E-06
   104.410004         3.09160851E-06
   104.540001         2.62235471E-06
   104.669998         2.14948955E-06
   104.800003         1.67301732E-06
   104.930000         1.19309618E-06
   105.059998         7.10037568E-07
   105.190002         2.24285515E-07
   105.320000        -2.63607404E-07
   105.449997        -7.53017673E-07
   105.580002        -1.24329483E-06
   105.709999        -1.73380067E-06
   105.839996        -2.22395238E-06
   105.970001        -2.71325757E-06
   106.099998        -3.20134222E-06
   106.230003        -3.68797259E-06
   106.360001        -4.17305591E-06
   106.489998        -4.65663788E-06
   106.620003        -5.13888563E-06
   106.750000        -5.62006198E-06
   106.879997        -6.10048846E-06
   107.010002        -6.58050885E-06
   107.139999        -7.06044102E-06
   107.269997        -7.54053917E-06
   107.400002        -8.02095656E-06
   107.529999        -8.50171455E-06
   107.660004        -8.98268900E-06
   107.790001        -9.46359887E-06
   107.919998        -9.94401853E-06
   108.050003        -1.04233914E-05
   108.180000        -1.09010671E-05
   108.309998        -1.13763390E-05
   108.440002        -1.18484895E-05
   108.570000        -1.23168302E-05
   108.699997        -1.27807425E-05
   108.830002        -1.32397226E-05
   108.959999        -1.36933986E-05
   109.089996        -1.41415385E-05
   109.220001        -1.45840595E-05
   109.349998        -1.50210135E-05
   109.480003        -1.54525551E-05
   109.610001        -1.58789207E-05
   109.739998        -1.63003824E-05
   109.870003        -1.67172111E-05
   110.000000        -1.71296215E-05
   110.129997        -1.75377554E-05
   110.260002        -1.79416365E-05
   110.389999        -1.83411466E-05
   110.519997        -1.87360238E-05
   110.650002        -1.91258569E-05
   110.779999        -1.95100965E-05
   110.910004        -1.98880807E-05
   111.040001        -2.02590691E-05
   111.169998        -2.06222794E-05
   111.300003        -2.09769423E-05
   111.430000        -2.13223266E-05
   111.559998        -2.16577992E-05
   111.690002        -2.19828416E-05
   111.820000        -2.22970866E-05
   111.949997        -2.26003176E-05
   112.080002        -2.28924710E-05
   112.209999        -2.31736140E-05
   112.339996        -2.34439285E-05
   112.470001        -2.37036602E-05
   112.599998        -2.39530837E-05
   112.730003        -2.41924536E-05
   112.860001        -2.44219718E-05
   112.989998        -2.46417385E-05
   113.120003        -2.48517372E-05
   113.250000        -2.50518115E-05
   113.379997        -2.52416576E-05
   113.510002        -2.54208480E-05
   113.639999        -2.55888353E-05
   113.769997        -2.57449865E-05
   113.900002        -2.58886266E-05
   114.029999        -2.60190645E-05
   114.160004        -2.61356527E-05
   114.290001        -2.62378144E-05
   114.419998        -2.63250877E-05
   114.550003        -2.63971415E-05
   114.680000        -2.64538048E-05
   114.809998        -2.64950613E-05
   114.940002        -2.65210492E-05
   115.070000        -2.65320305E-05
   115.199997        -2.65283761E-05
   115.330002        -2.65105064E-05
   115.459999        -2.64788705E-05
   115.589996        -2.64338796E-05
   115.720001        -2.63758811E-05
   115.849998        -2.63051097E-05
   115.980003        -2.62216745E-05
   116.110001        -2.61255391E-05
   116.239998        -2.60165252E-05
   116.370003        -2.58943201E-05
   116.500000        -2.57585125E-05
   116.629997        -2.56086132E-05
   116.760002        -2.54441075E-05
   116.889999        -2.52644913E-05
   117.019997        -2.50693265E-05
   117.150002        -2.48582601E-05
   117.279999        -2.46310683E-05
   117.410004        -2.43876748E-05
   117.540001        -2.41281523E-05
   117.669998        -2.38527336E-05
   117.800003        -2.35617845E-05
   117.930000        -2.32557923E-05
   118.059998        -2.29353172E-05
   118.190002        -2.26009670E-05
   118.320000        -2.22533490E-05
   118.449997        -2.18930272E-05
   118.580002        -2.15204836E-05
   118.709999        -2.11360984E-05
   118.839996        -2.07401117E-05
   118.970001        -2.03326272E-05
   119.099998        -1.99136102E-05
   119.230003        -1.94829045E-05
   119.360001        -1.90402661E-05
   119.489998        -1.85853878E-05
   119.620003        -1.81179566E-05
   119.750000        -1.76376925E-05
   119.879997        -1.71443880E-05
   120.010002        -1.66379559E-05
   120.139999        -1.61184416E-05
   120.269997        -1.55860544E-05
   120.400002        -1.50411634E-05
   120.529999        -1.44842897E-05
   120.660004        -1.39160829E-05
   120.790001        -1.33372941E-05
   120.919998        -1.27487338E-05
   121.050003        -1.21512294E-05
   121.180000        -1.15455878E-05
   121.309998        -1.09325492E-05
   121.440002        -1.03127577E-05
   121.570000        -9.68673430E-06
   121.699997        -9.05486559E-06
   121.830002        -8.41739620E-06
   121.959999        -7.77444075E-06
   122.089996        -7.12600377E-06
   122.220001        -6.47201068E-06
   122.349998        -5.81234463E-06
   122.480003        -5.14688827E-06
   122.610001        -4.47557022E-06
   122.739998        -3.79840117E-06
   122.870003        -3.11551321E-06
   123.000000        -2.42718147E-06
   123.129997        -1.73383933E-06
   123.260002        -1.03607715E-06
   123.389999        -3.34628794E-07
   123.519997         3.69651701E-07
   123.650002         1.07583003E-06
   123.779999         1.78292908E-06
   123.910004         2.48997662E-06
   124.040001         3.19605056E-06
   124.169998         3.90031437E-06
   124.300003         4.60205138E-06
   124.430000         5.30068428E-06
   124.559998         5.99578243E-06
   124.690002         6.68705707E-06
   124.820000         7.37434630E-06
   124.949997         8.05758737E-06
   125.080002         8.73678346E-06
   125.209999         9.41196322E-06
   125.339996         1.00831385E-05
   125.470001         1.07502647E-05
   125.599998         1.14132063E-05
   125.730003         1.20717077E-05
   125.860001         1.27253743E-05
   125.989998         1.33736639E-05
   126.120003         1.40158936E-05
   126.250000         1.46512575E-05
   126.379997         1.52788525E-05
   126.510002         1.58977182E-05
   126.639999         1.65068777E-05
   126.769997         1.71053816E-05
   126.900002         1.76923531E-05
   127.029999         1.82670319E-05
   127.160004         1.88287868E-05
   127.290001         1.93771502E-05
   127.419998         1.99118113E-05
   127.550003         2.04326097E-05
   127.680000         2.09395166E-05
   127.809998         2.14325974E-05
   127.940002         2.19119793E-05
   128.070007         2.23777952E-05
   128.199997         2.28301597E-05
   128.330002         2.32691109E-05
   128.460007         2.36945925E-05
   128.589996         2.41064154E-05
   128.720001         2.45042629E-05
   128.850006         2.48876768E-05
   128.979996         2.52560803E-05
   129.110001         2.56087897E-05
   129.240005         2.59450590E-05
   129.369995         2.62641079E-05
   129.500000         2.65651652E-05
   129.630005         2.68475214E-05
   129.759995         2.71105509E-05
   129.889999         2.73537571E-05
   130.020004         2.75767961E-05
   130.149994         2.77794843E-05
   130.279999         2.79617998E-05
   130.410004         2.81238736E-05
   130.539993         2.82659639E-05
   130.669998         2.83884165E-05
   130.800003         2.84916332E-05
   130.929993         2.85760143E-05
   131.059998         2.86419272E-05
   131.190002         2.86896611E-05
   131.320007         2.87193943E-05
   131.449997         2.87311777E-05
   131.580002         2.87249241E-05
   131.710007         2.87004204E-05
   131.839996         2.86573431E-05
   131.970001         2.85952847E-05
   132.100006         2.85137958E-05
   132.229996         2.84124199E-05
   132.360001         2.82907477E-05
   132.490005         2.81484517E-05
   132.619995         2.79853211E-05
   132.750000         2.78012849E-05
   132.880005         2.75964412E-05
   133.009995         2.73710521E-05
   133.139999         2.71255412E-05
   133.270004         2.68604745E-05
   133.399994         2.65765320E-05
   133.529999         2.62744761E-05
   133.660004         2.59550980E-05
   133.789993         2.56191906E-05
   133.919998         2.52674890E-05
   134.050003         2.49006516E-05
   134.179993         2.45192168E-05
   134.309998         2.41235957E-05
   134.440002         2.37140630E-05
   134.570007         2.32907660E-05
   134.699997         2.28537483E-05
   134.830002         2.24029754E-05
   134.960007         2.19383801E-05
   135.089996         2.14599040E-05
   135.220001         2.09675454E-05
   135.350006         2.04613898E-05
   135.479996         1.99416500E-05
   135.610001         1.94086879E-05
   135.740005         1.88630202E-05
   135.869995         1.83053216E-05
   136.000000         1.77364000E-05
   136.130005         1.71571846E-05
   136.259995         1.65686833E-05
   136.389999         1.59719384E-05
   136.520004         1.53679975E-05
   136.649994         1.47578585E-05
   136.779999         1.41424389E-05
   136.910004         1.35225418E-05
   137.039993         1.28988404E-05
   137.169998         1.22718566E-05
   137.300003         1.16419742E-05
   137.429993         1.10094425E-05
   137.559998         1.03744078E-05
   137.690002         9.73694478E-06
   137.820007         9.09709524E-06
   137.949997         8.45491377E-06
   138.080002         7.81050676E-06
   138.210007         7.16407749E-06
   138.339996         6.51594837E-06
   138.470001         5.86658825E-06
   138.600006         5.21661195E-06
   138.729996         4.56677935E-06
   138.860001         3.91797403E-06
   138.990005         3.27117118E-06
   139.119995         2.62740150E-06
   139.250000         1.98770454E-06
   139.380005         1.35308528E-06
   139.509995         7.24473580E-07
   139.639999         1.02686286E-07
   139.770004        -5.11598614E-07
   139.899994        -1.11785482E-06
   140.029999        -1.71571367E-06
   140.160004        -2.30495493E-06
   140.289993        -2.88548449E-06
   140.419998        -3.45730814E-06
   140.550003        -4.02049182E-06
   140.679993        -4.57512533E-06
   140.809998        -5.12127599E-06
   140.940002        -5.65895425E-06
   141.070007        -6.18807917E-06
   141.199997        -6.70845247E-06
   141.330002        -7.21974402E-06
   141.460007        -7.72149178E-06
   141.589996        -8.21310732E-06
   141.720001        -8.69390169E-06
   141.850006        -9.16312001E-06
   141.979996        -9.61997466E-06
   142.110001        -1.00636980E-05
   142.240005        -1.04935780E-05
   142.369995        -1.09090070E-05
   142.500000        -1.13095120E-05
   142.630005        -1.16947786E-05
   142.759995        -1.20646619E-05
   142.889999        -1.24191847E-05
   143.020004        -1.27585199E-05
   143.149994        -1.30829658E-05
   143.279999        -1.33929052E-05
   143.410004        -1.36887738E-05
   143.539993        -1.39710064E-05
   143.669998        -1.42400022E-05
   143.800003        -1.44960823E-05
   143.929993        -1.47394649E-05
   144.059998        -1.49702446E-05
   144.190002        -1.51883860E-05
   144.320007        -1.53937253E-05
   144.449997        -1.55859907E-05
   144.580002        -1.57648228E-05
   144.710007        -1.59298124E-05
   144.839996        -1.60805394E-05
   144.970001        -1.62166125E-05
   145.100006        -1.63377154E-05
   145.229996        -1.64436424E-05
   145.360001        -1.65343190E-05
   145.490005        -1.66098343E-05
   145.619995        -1.66704394E-05
   145.750000        -1.67165399E-05
   145.880005        -1.67486814E-05
   146.009995        -1.67675116E-05
   146.139999        -1.67737471E-05
   146.270004        -1.67681337E-05
   146.399994        -1.67513808E-05
   146.529999        -1.67241469E-05
   146.660004        -1.66869777E-05
   146.789993        -1.66402970E-05
   146.919998        -1.65843830E-05
   147.050003        -1.65193724E-05
   147.179993        -1.64452686E-05
   147.309998        -1.63619625E-05
   147.440002        -1.62692704E-05
   147.570007        -1.61669686E-05
   147.699997        -1.60548370E-05
   147.830002        -1.59326974E-05
   147.960007        -1.58004514E-05
   148.089996        -1.56581154E-05
   148.220001        -1.55058424E-05
   148.350006        -1.53439323E-05
   148.479996        -1.51728345E-05
   148.610001        -1.49931302E-05
   148.740005        -1.48055187E-05
   148.869995        -1.46107750E-05
   149.000000        -1.44097230E-05
   149.130005        -1.42031768E-05
   149.259995        -1.39919121E-05
   149.389999        -1.37766174E-05
   149.520004        -1.35578621E-05
   149.649994        -1.33360736E-05
   149.779999        -1.31115248E-05
   149.910004        -1.28843421E-05
   150.039993        -1.26545119E-05
   150.169998        -1.24219114E-05
   150.300003        -1.21863450E-05
   150.429993        -1.19475853E-05
   150.559998        -1.17054160E-05
   150.690002        -1.14596769E-05
   150.820007        -1.12102962E-05
   150.949997        -1.09573211E-05
   151.080002        -1.07009355E-05
   151.210007        -1.04414612E-05
   151.339996        -1.01793548E-05
   151.470001        -9.91518664E-06
   151.600006        -9.64961419E-06
   151.729996        -9.38334233E-06
   151.860001        -9.11708958E-06
   151.990005        -8.85154077E-06
   152.119995        -8.58731073E-06
   152.250000        -8.32490878E-06
   152.380005        -8.06471326E-06
   152.509995        -7.80694972E-06
   152.639999        -7.55169094E-06
   152.770004        -7.29886233E-06
   152.899994        -7.04825879E-06
   153.029999        -6.79957748E-06
   153.160004        -6.55245276E-06
   153.289993        -6.30649856E-06
   153.419998        -6.06135609E-06
   153.550003        -5.81673203E-06
   153.679993        -5.57243402E-06
   153.809998        -5.32840295E-06
   153.940002        -5.08471658E-06
   154.070007        -4.84159955E-06
   154.199997        -4.59940748E-06
   154.330002        -4.35860102E-06
   154.460007        -4.11971769E-06
   154.589996        -3.88332728E-06
   154.720001        -3.64998846E-06
   154.850006        -3.42020985E-06
   154.979996        -3.19441028E-06
   155.110001        -2.97288716E-06
   155.240005        -2.75579987E-06
   155.369995        -2.54315637E-06
   155.500000        -2.33481705E-06
   155.630005        -2.13050998E-06
   155.759995        -1.92985340E-06
   155.889999        -1.73239050E-06
   156.020004        -1.53762755E-06
   156.149994        -1.34507388E-06
   156.279999        -1.15428475E-06
   156.410004        -9.64899300E-07
   156.539993        -7.76669538E-07
   156.669998        -5.89483818E-07
   156.800003        -4.03376418E-07
   156.929993        -2.18524804E-07
   157.059998        -3.52317322E-08
   157.190002         1.46097378E-07
   157.320007         3.24994090E-07
   157.449997         5.00966337E-07
   157.580002         6.73545628E-07
   157.710007         8.42324823E-07
   157.839996         1.00699981E-06
   157.970001         1.16739579E-06
   158.100006         1.32348271E-06
   158.229996         1.47538208E-06
   158.360001         1.62335573E-06
   158.490005         1.76778474E-06
   158.619995         1.90913988E-06
   158.750000         2.04794469E-06
   158.880005         2.18473224E-06
   159.009995         2.32000207E-06
   159.139999         2.45418414E-06
   159.270004         2.58760315E-06
   159.399994         2.72045691E-06
   159.529999         2.85279771E-06
   159.660004         2.98453324E-06
   159.789993         3.11543522E-06
   159.919998         3.24515827E-06
   160.050003         3.37326946E-06
   160.179993         3.49928632E-06
   160.309998         3.62271453E-06
   160.440002         3.74309502E-06
   160.570007         3.86003967E-06
   160.699997         3.97326858E-06
   160.830002         4.08263395E-06
   160.960007         4.18813534E-06
   161.089996         4.28991643E-06
   161.220001         4.38825919E-06
   161.350006         4.48355422E-06
   161.479996         4.57627038E-06
   161.610001         4.66691245E-06
   161.740005         4.75597835E-06
   161.869995         4.84391512E-06
   162.000000         4.93108200E-06
   162.130005         5.01771638E-06
   162.259995         5.10391828E-06
   162.389999         5.18963952E-06
   162.520004         5.27468683E-06
   162.649994         5.35874460E-06
   162.779999         5.44139357E-06
   162.910004         5.52214897E-06
   163.039993         5.60049966E-06
   163.169998         5.67594816E-06
   163.300003         5.74805063E-06
   163.429993         5.81645463E-06
   163.559998         5.88092325E-06
   163.690002         5.94135918E-06
   163.820007         5.99780924E-06
   163.949997         6.05046034E-06
   164.080002         6.09962581E-06
   164.210007         6.14571854E-06
   164.339996         6.18921558E-06
   164.470001         6.23061715E-06
   164.600006         6.27040299E-06
   164.729996         6.30899058E-06
   164.860001         6.34670096E-06
   164.990005         6.38372649E-06
   165.119995         6.42011537E-06
   165.250000         6.45576938E-06
   165.380005         6.49044887E-06
   165.509995         6.52379367E-06
   165.639999         6.55535814E-06
   165.770004         6.58464705E-06
   165.899994         6.61115973E-06
   166.029999         6.63443234E-06
   166.160004         6.65407788E-06
   166.289993         6.66981623E-06
   166.419998         6.68150005E-06
   166.550003         6.68912526E-06
   166.679993         6.69283145E-06
   166.809998         6.69289057E-06
   166.940002         6.68968323E-06
   167.070007         6.68367238E-06
   167.199997         6.67536324E-06
   167.330002         6.66526375E-06
   167.460007         6.65384459E-06
   167.589996         6.64150184E-06
   167.720001         6.62852517E-06
   167.850006         6.61507420E-06
   167.979996         6.60116939E-06
   168.110001         6.58668887E-06
   168.240005         6.57138298E-06
   168.369995         6.55489612E-06
   168.500000         6.53680081E-06
   168.630005         6.51663868E-06
   168.759995         6.49396088E-06
   168.889999         6.46837452E-06
   169.020004         6.43957674E-06
   169.149994         6.40738881E-06
   169.279999         6.37177163E-06
   169.410004         6.33283616E-06
   169.539993         6.29083570E-06
   169.669998         6.24614722E-06
   169.800003         6.19924595E-06
   169.929993         6.15066438E-06
   170.059998         6.10095503E-06
   170.190002         6.05064633E-06
   170.320007         6.00020394E-06
   170.449997         5.94999665E-06
   170.580002         5.90027003E-06
   170.710007         5.85113139E-06
   170.839996         5.80254436E-06
   170.970001         5.75433614E-06
   171.100006         5.70621569E-06
   171.229996         5.65780056E-06
   171.360001         5.60865055E-06
   171.490005         5.55831048E-06
   171.619995         5.50634968E-06
   171.750000         5.45240073E-06
   171.880005         5.39619532E-06
   172.009995         5.33759339E-06
   172.139999         5.27659313E-06
   172.270004         5.21334232E-06
   172.399994         5.14812427E-06
   172.529999         5.08133780E-06
   172.660004         5.01346722E-06
   172.789993         4.94503911E-06
   172.919998         4.87658508E-06
   173.050003         4.80859489E-06
   173.179993         4.74147510E-06
   173.309998         4.67551990E-06
   173.440002         4.61088621E-06
   173.570007         4.54758447E-06
   173.699997         4.48548008E-06
   173.830002         4.42430792E-06
   173.960007         4.36369510E-06
   174.089996         4.30319778E-06
   174.220001         4.24233531E-06
   174.350006         4.18063610E-06
   174.479996         4.11767587E-06
   174.610001         4.05311221E-06
   174.740005         3.98671591E-06
   174.869995         3.91839239E-06
   175.000000         3.84818895E-06
   175.130005         3.77629476E-06
   175.259995         3.70302655E-06
   175.389999         3.62880405E-06
   175.520004         3.55411794E-06
   175.649994         3.47948958E-06
   175.779999         3.40542942E-06
   175.910004         3.33239473E-06
   176.039993         3.26075065E-06
   176.169998         3.19074093E-06
   176.300003         3.12246812E-06
   176.429993         3.05588401E-06
   176.559998         2.99079625E-06
   176.690002         2.92688651E-06
   176.820007         2.86373734E-06
   176.949997         2.80087374E-06
   177.080002         2.73780165E-06
   177.210007         2.67405176E-06
   177.339996         2.60922297E-06
   177.470001         2.54301335E-06
   177.600006         2.47524895E-06
   177.729996         2.40589588E-06
   177.860001         2.33506489E-06
   177.990005         2.26299949E-06
   178.119995         2.19006006E-06
   178.250000         2.11669203E-06
   178.380005         2.04339040E-06
   178.509995         1.97066242E-06
   178.639999         1.89898549E-06
   178.770004         1.82877034E-06
   178.899994         1.76032574E-06
   179.029999         1.69383918E-06
   179.160004         1.62935794E-06
   179.289993         1.56678971E-06
   179.419998         1.50590972E-06
   179.550003         1.44638284E-06
   179.679993         1.38779194E-06
   179.809998         1.32967887E-06
   179.940002         1.27158569E-06
   180.070007         1.21309665E-06
   180.199997         1.15387741E-06
   180.330002         1.09371081E-06
   180.460007         1.03251489E-06
   180.589996         9.70356382E-07
   180.720001         9.07448850E-07
   180.850006         8.44136650E-07
   180.979996         7.80869186E-07
   181.110001         7.18167598E-07
   181.240005         6.56583609E-07
   181.369995         5.96657515E-07
   181.500000         5.38878396E-07
   181.630005         4.83649387E-07
   181.759995         4.31258314E-07
   181.889999         3.81859905E-07
   182.020004         3.35469764E-07
   182.149994         2.91968121E-07
   182.279999         2.51114926E-07
   182.410004         2.12574477E-07
   182.539993         1.75947733E-07
   182.669998         1.40810599E-07
   182.800003         1.06753895E-07
   182.929993         7.34214680E-08
   183.059998         4.05458565E-08
   183.190002         7.97591415E-09
   183.320007        -2.43049616E-08
   183.449997        -5.61722473E-08
