  -24.4200001         0.00000000    
  -24.2900009        -6.07965327E-12
  -24.1599998        -1.47752106E-11
  -24.0300007        -1.89957772E-11
  -23.8999996        -8.64445841E-12
  -23.7700005         2.83904202E-11
  -23.6399994         1.04965370E-10
  -23.5100002         2.33256275E-10
  -23.3799992         4.23330093E-10
  -23.2500000         6.81881607E-10
  -23.1200008         1.01128972E-09
  -22.9899998         1.40913203E-09
  -22.8600006         1.86824400E-09
  -22.7299995         2.37734854E-09
  -22.6000004         2.92221025E-09
  -22.4699993         3.48721985E-09
  -22.3400002         4.05724343E-09
  -22.2099991         4.61954786E-09
  -22.0799999         5.16560705E-09
  -21.9500008         5.69258196E-09
  -21.8199997         6.20432639E-09
  -21.6900005         6.71179690E-09
  -21.5599995         7.23280502E-09
  -21.4300003         7.79112241E-09
  -21.2999992         8.41499670E-09
  -21.1700001         9.13521792E-09
  -21.0400009         9.98288918E-09
  -20.9099998         1.09871410E-08
  -20.7800007         1.21729622E-08
  -20.6499996         1.35594105E-08
  -20.5200005         1.51583102E-08
  -20.3899994         1.69736403E-08
  -20.2600002         1.90016074E-08
  -20.1299992         2.12314379E-08
  -20.0000000         2.36467947E-08
  -19.8700008         2.62277506E-08
  -19.7399998         2.89530799E-08
  -19.6100006         3.18027418E-08
  -19.4799995         3.47603191E-08
  -19.3500004         3.78152087E-08
  -19.2199993         4.09644088E-08
  -19.0900002         4.42136887E-08
  -18.9599991         4.75780411E-08
  -18.8299999         5.10813649E-08
  -18.7000008         5.47553505E-08
  -18.5699997         5.86376636E-08
  -18.4400005         6.27695727E-08
  -18.3099995         6.71932270E-08
  -18.1800003         7.19488682E-08
  -18.0499992         7.70722508E-08
  -17.9200001         8.25925071E-08
  -17.7900009         8.85306548E-08
  -17.6599998         9.48989722E-08
  -17.5300007         1.01701282E-07
  -17.3999996         1.08934017E-07
  -17.2700005         1.16588048E-07
  -17.1399994         1.24651137E-07
  -17.0100002         1.33110674E-07
  -16.8799992         1.41956505E-07
  -16.7500000         1.51183784E-07
  -16.6200008         1.60795068E-07
  -16.4899998         1.70802238E-07
  -16.3600006         1.81227421E-07
  -16.2299995         1.92103101E-07
  -16.1000004         2.03471515E-07
  -15.9700003         2.15383153E-07
  -15.8400002         2.27894674E-07
  -15.7100000         2.41066203E-07
  -15.5799999         2.54958479E-07
  -15.4499998         2.69630021E-07
  -15.3199997         2.85134547E-07
  -15.1899996         3.01518781E-07
  -15.0600004         3.18820980E-07
  -14.9300003         3.37070304E-07
  -14.8000002         3.56286989E-07
  -14.6700001         3.76483456E-07
  -14.5400000         3.97666071E-07
  -14.4099998         4.19837761E-07
  -14.2799997         4.43000829E-07
  -14.1499996         4.67159992E-07
  -14.0200005         4.92325512E-07
  -13.8900003         5.18515492E-07
  -13.7600002         5.45758382E-07
  -13.6300001         5.74093463E-07
  -13.5000000         6.03571664E-07
  -13.3699999         6.34254604E-07
  -13.2399998         6.66212998E-07
  -13.1099997         6.99524378E-07
  -12.9799995         7.34270543E-07
  -12.8500004         7.70533973E-07
  -12.7200003         8.08395271E-07
  -12.5900002         8.47930153E-07
  -12.4600000         8.89207058E-07
  -12.3299999         9.32285900E-07
  -12.1999998         9.77216587E-07
  -12.0699997         1.02403988E-06
  -11.9399996         1.07278788E-06
  -11.8100004         1.12348550E-06
  -11.6800003         1.17615343E-06
  -11.5500002         1.23081122E-06
  -11.4200001         1.28747990E-06
  -11.2900000         1.34618563E-06
  -11.1599998         1.40696261E-06
  -11.0299997         1.46985565E-06
  -10.8999996         1.53492158E-06
  -10.7700005         1.60223021E-06
  -10.6400003         1.67186352E-06
  -10.5100002         1.74391482E-06
  -10.3800001         1.81848611E-06
  -10.2500000         1.89568505E-06
  -10.1199999         1.97562167E-06
  -9.98999977         2.05840456E-06
  -9.85999966         2.14413717E-06
  -9.72999954         2.23291522E-06
  -9.60000038         2.32482444E-06
  -9.47000027         2.41993826E-06
  -9.34000015         2.51831898E-06
  -9.21000004         2.62001709E-06
  -9.07999992         2.72507464E-06
  -8.94999981         2.83352688E-06
  -8.81999969         2.94540632E-06
  -8.68999958         3.06074617E-06
  -8.56000042         3.17958370E-06
  -8.43000031         3.30196440E-06
  -8.30000019         3.42794351E-06
  -8.17000008         3.55758880E-06
  -8.03999996         3.69098120E-06
  -7.90999985         3.82821372E-06
  -7.78000021         3.96939004E-06
  -7.65000010         4.11462361E-06
  -7.51999998         4.26403130E-06
  -7.38999987         4.41773136E-06
  -7.26000023         4.57584019E-06
  -7.13000011         4.73846512E-06
  -7.00000000         4.90570255E-06
  -6.86999989         5.07763571E-06
  -6.73999977         5.25433097E-06
  -6.61000013         5.43583837E-06
  -6.48000002         5.62219248E-06
  -6.34999990         5.81341146E-06
  -6.21999979         6.00950625E-06
  -6.09000015         6.21047730E-06
  -5.96000004         6.41632550E-06
  -5.82999992         6.62705133E-06
  -5.69999981         6.84266206E-06
  -5.57000017         7.06317360E-06
  -5.44000006         7.28861551E-06
  -5.30999994         7.51902780E-06
  -5.17999983         7.75446460E-06
  -5.05000019         7.99499230E-06
  -4.92000008         8.24068320E-06
  -4.78999996         8.49161734E-06
  -4.65999985         8.74787202E-06
  -4.53000021         9.00952546E-06
  -4.40000010         9.27663950E-06
  -4.26999998         9.54926873E-06
  -4.13999987         9.82744768E-06
  -4.01000023         1.01111918E-05
  -3.88000011         1.04004966E-05
  -3.75000000         1.06953376E-05
  -3.61999989         1.09956727E-05
  -3.49000001         1.13014430E-05
  -3.35999990         1.16125802E-05
  -3.23000002         1.19290071E-05
  -3.09999990         1.22506499E-05
  -2.97000003         1.25774332E-05
  -2.83999991         1.29092923E-05
  -2.71000004         1.32461728E-05
  -2.57999992         1.35880355E-05
  -2.45000005         1.39348522E-05
  -2.31999993         1.42866083E-05
  -2.19000006         1.46433013E-05
  -2.05999994         1.50049327E-05
  -1.92999995         1.53715064E-05
  -1.79999995         1.57430204E-05
  -1.66999996         1.61194639E-05
  -1.53999996         1.65008114E-05
  -1.40999997         1.68870192E-05
  -1.27999997         1.72780165E-05
  -1.14999998         1.76737103E-05
  -1.01999998         1.80739826E-05
 -0.889999986         1.84786913E-05
 -0.759999990         1.88876747E-05
 -0.629999995         1.93007527E-05
 -0.500000000         1.97177342E-05
 -0.370000005         2.01384246E-05
 -0.239999995         2.05626257E-05
 -0.109999999         2.09901445E-05
   1.99999996E-02     2.14207957E-05
  0.150000006         2.18544119E-05
  0.280000001         2.22908347E-05
  0.409999996         2.27299224E-05
  0.540000021         2.31715439E-05
  0.670000017         2.36155738E-05
  0.800000012         2.40618974E-05
  0.930000007         2.45103929E-05
   1.05999994         2.49609329E-05
   1.19000006         2.54133811E-05
   1.32000005         2.58675773E-05
   1.45000005         2.63233433E-05
   1.58000004         2.67804699E-05
   1.71000004         2.72387260E-05
   1.84000003         2.76978517E-05
   1.97000003         2.81575649E-05
   2.09999990         2.86175637E-05
   2.23000002         2.90775315E-05
   2.35999990         2.95371447E-05
   2.49000001         2.99960757E-05
   2.61999989         3.04540026E-05
   2.75000000         3.09106144E-05
   2.88000011         3.13656092E-05
   3.00999999         3.18187122E-05
   3.14000010         3.22696505E-05
   3.26999998         3.27181770E-05
   3.40000010         3.31640658E-05
   3.52999997         3.36070771E-05
   3.66000009         3.40470033E-05
   3.78999996         3.44836117E-05
   3.92000008         3.49166803E-05
   4.05000019         3.53459654E-05
   4.17999983         3.57711979E-05
   4.30999994         3.61920975E-05
   4.44000006         3.66083623E-05
   4.57000017         3.70196576E-05
   4.69999981         3.74256306E-05
   4.82999992         3.78259101E-05
   4.96000004         3.82201179E-05
   5.09000015         3.86078609E-05
   5.21999979         3.89887500E-05
   5.34999990         3.93624105E-05
   5.48000002         3.97284748E-05
   5.61000013         4.00866011E-05
   5.73999977         4.04364582E-05
   5.86999989         4.07777552E-05
   6.00000000         4.11102155E-05
   6.13000011         4.14335918E-05
   6.26000023         4.17476476E-05
   6.38999987         4.20521610E-05
   6.51999998         4.23469210E-05
   6.65000010         4.26317201E-05
   6.78000021         4.29063293E-05
   6.90999985         4.31705230E-05
   7.03999996         4.34240537E-05
   7.17000008         4.36666487E-05
   7.30000019         4.38980205E-05
   7.42999983         4.41178636E-05
   7.55999994         4.43258614E-05
   7.69000006         4.45216756E-05
   7.82000017         4.47049788E-05
   7.94999981         4.48754290E-05
   8.07999992         4.50327134E-05
   8.21000004         4.51765336E-05
   8.34000015         4.53066059E-05
   8.47000027         4.54226829E-05
   8.60000038         4.55245536E-05
   8.72999954         4.56120288E-05
   8.85999966         4.56849593E-05
   8.98999977         4.57432179E-05
   9.11999989         4.57867136E-05
   9.25000000         4.58153481E-05
   9.38000011         4.58290597E-05
   9.51000023         4.58277718E-05
   9.64000034         4.58114009E-05
   9.77000046         4.57798669E-05
   9.89999962         4.57330752E-05
   10.0299997         4.56709095E-05
   10.1599998         4.55932350E-05
   10.2900000         4.54999172E-05
   10.4200001         4.53908069E-05
   10.5500002         4.52657550E-05
   10.6800003         4.51246196E-05
   10.8100004         4.49672698E-05
   10.9399996         4.47935927E-05
   11.0699997         4.46035119E-05
   11.1999998         4.43969730E-05
   11.3299999         4.41739576E-05
   11.4600000         4.39344913E-05
   11.5900002         4.36786395E-05
   11.7200003         4.34064932E-05
   11.8500004         4.31181797E-05
   11.9799995         4.28138483E-05
   12.1099997         4.24936625E-05
   12.2399998         4.21578006E-05
   12.3699999         4.18064374E-05
   12.5000000         4.14397437E-05
   12.6300001         4.10578868E-05
   12.7600002         4.06610088E-05
   12.8900003         4.02492515E-05
   13.0200005         3.98227385E-05
   13.1499996         3.93815790E-05
   13.2799997         3.89258894E-05
   13.4099998         3.84557788E-05
   13.5400000         3.79713747E-05
   13.6700001         3.74728224E-05
   13.8000002         3.69602858E-05
   13.9300003         3.64339721E-05
   14.0600004         3.58941143E-05
   14.1899996         3.53409887E-05
   14.3199997         3.47749046E-05
   14.4499998         3.41962113E-05
   14.5799999         3.36052872E-05
   14.7100000         3.30025468E-05
   14.8400002         3.23884015E-05
   14.9700003         3.17632985E-05
   15.1000004         3.11276635E-05
   15.2299995         3.04819332E-05
   15.3599997         2.98265259E-05
   15.4899998         2.91618471E-05
   15.6199999         2.84882826E-05
   15.7500000         2.78061980E-05
   15.8800001         2.71159406E-05
   16.0100002         2.64178489E-05
   16.1399994         2.57122538E-05
   16.2700005         2.49994901E-05
   16.3999996         2.42798960E-05
   16.5300007         2.35538319E-05
   16.6599998         2.28216795E-05
   16.7900009         2.20838483E-05
   16.9200001         2.13407802E-05
   17.0499992         2.05929555E-05
   17.1800003         1.98408852E-05
   17.3099995         1.90851115E-05
   17.4400005         1.83261982E-05
   17.5699997         1.75647237E-05
   17.7000008         1.68012793E-05
   17.8299999         1.60364489E-05
   17.9599991         1.52708126E-05
   18.0900002         1.45049253E-05
   18.2199993         1.37393226E-05
   18.3500004         1.29745085E-05
   18.4799995         1.22109623E-05
   18.6100006         1.14491313E-05
   18.7399998         1.06894367E-05
   18.8700008         9.93227786E-06
   19.0000000         9.17804300E-06
   19.1299992         8.42711324E-06
   19.2600002         7.67987513E-06
   19.3899994         6.93672200E-06
   19.5200005         6.19806951E-06
   19.6499996         5.46435649E-06
   19.7800007         4.73604496E-06
   19.9099998         4.01362331E-06
   20.0400009         3.29760474E-06
   20.1700001         2.58852424E-06
   20.2999992         1.88692616E-06
   20.4300003         1.19335914E-06
   20.5599995         5.08365986E-07
   20.6900005        -1.67527588E-07
   20.8199997        -8.33817978E-07
   20.9500008        -1.49003677E-06
   21.0799999        -2.13575254E-06
   21.2099991        -2.77057507E-06
   21.3400002        -3.39415783E-06
   21.4699993        -4.00619183E-06
   21.6000004        -4.60640285E-06
   21.7299995        -5.19454443E-06
   21.8600006        -5.77038645E-06
   21.9899998        -6.33371064E-06
   22.1200008        -6.88429782E-06
   22.2500000        -7.42192287E-06
   22.3799992        -7.94634525E-06
   22.5100002        -8.45730301E-06
   22.6399994        -8.95451558E-06
   22.7700005        -9.43768282E-06
   22.8999996        -9.90648459E-06
   23.0300007        -1.03605944E-05
   23.1599998        -1.07996830E-05
   23.2900009        -1.12234266E-05
   23.4200001        -1.16315232E-05
   23.5499992        -1.20236955E-05
   23.6800003        -1.23997042E-05
   23.8099995        -1.27593530E-05
   23.9400005        -1.31024935E-05
   24.0699997        -1.34290276E-05
   24.2000008        -1.37388997E-05
   24.3299999        -1.40321035E-05
   24.4599991        -1.43086618E-05
   24.5900002        -1.45686290E-05
   24.7199993        -1.48120735E-05
   24.8500004        -1.50390679E-05
   24.9799995        -1.52496823E-05
   25.1100006        -1.54439731E-05
   25.2399998        -1.56219812E-05
   25.3700008        -1.57837203E-05
   25.5000000        -1.59291867E-05
   25.6299992        -1.60583531E-05
   25.7600002        -1.61711869E-05
   25.8899994        -1.62676370E-05
   26.0200005        -1.63476670E-05
   26.1499996        -1.64112516E-05
   26.2800007        -1.64583889E-05
   26.4099998        -1.64891098E-05
   26.5400009        -1.65034908E-05
   26.6700001        -1.65016518E-05
   26.7999992        -1.64837656E-05
   26.9300003        -1.64500507E-05
   27.0599995        -1.64007652E-05
   27.1900005        -1.63362110E-05
   27.3199997        -1.62567158E-05
   27.4500008        -1.61626176E-05
   27.5799999        -1.60542695E-05
   27.7099991        -1.59320098E-05
   27.8400002        -1.57961676E-05
   27.9699993        -1.56470451E-05
   28.1000004        -1.54849204E-05
   28.2299995        -1.53100355E-05
   28.3600006        -1.51226068E-05
   28.4899998        -1.49228263E-05
   28.6200008        -1.47108713E-05
   28.7500000        -1.44869100E-05
   28.8799992        -1.42511153E-05
   29.0100002        -1.40036746E-05
   29.1399994        -1.37448033E-05
   29.2700005        -1.34747470E-05
   29.3999996        -1.31937977E-05
   29.5300007        -1.29022865E-05
   29.6599998        -1.26005916E-05
   29.7900009        -1.22891306E-05
   29.9200001        -1.19683582E-05
   30.0499992        -1.16387519E-05
   30.1800003        -1.13008073E-05
   30.3099995        -1.09550210E-05
   30.4400005        -1.06018852E-05
   30.5699997        -1.02418680E-05
   30.7000008        -9.87540898E-06
   30.8299999        -9.50291542E-06
   30.9599991        -9.12475298E-06
   31.0900002        -8.74124999E-06
   31.2199993        -8.35269748E-06
   31.3500004        -7.95936103E-06
   31.4799995        -7.56148347E-06
   31.6100006        -7.15930082E-06
   31.7399998        -6.75305000E-06
   31.8700008        -6.34298704E-06
   32.0000000        -5.92938704E-06
   32.1300011        -5.51255971E-06
   32.2599983        -5.09285064E-06
   32.3899994        -4.67064820E-06
   32.5200005        -4.24637710E-06
   32.6500015        -3.82049393E-06
   32.7799988        -3.39347889E-06
   32.9099998        -2.96582493E-06
   33.0400009        -2.53802705E-06
   33.1699982        -2.11056999E-06
   33.2999992        -1.68391159E-06
   33.4300003        -1.25848135E-06
   33.5600014        -8.34664604E-07
   33.6899986        -4.12801967E-07
   33.8199997         6.81230228E-09
   33.9500008         4.23929862E-07
   34.0800018         8.38335154E-07
   34.2099991         1.24984831E-06
   34.3400002         1.65830374E-06
   34.4700012         2.06354161E-06
   34.5999985         2.46539844E-06
   34.7299995         2.86368731E-06
   34.8600006         3.25820065E-06
   34.9900017         3.64869084E-06
   35.1199989         4.03487456E-06
   35.2500000         4.41643169E-06
   35.3800011         4.79301389E-06
   35.5099983         5.16423961E-06
   35.6399994         5.52971596E-06
   35.7700005         5.88904368E-06
   35.9000015         6.24184077E-06
   36.0299988         6.58774161E-06
   36.1599998         6.92642107E-06
   36.2900009         7.25759492E-06
   36.4199982         7.58102851E-06
   36.5499992         7.89654132E-06
   36.6800003         8.20400328E-06
   36.8100014         8.50332890E-06
   36.9399986         8.79447362E-06
   37.0699997         9.07741469E-06
   37.2000008         9.35214848E-06
   37.3300018         9.61866863E-06
   37.4599991         9.87695239E-06
   37.5900002         1.01269579E-05
   37.7200012         1.03686089E-05
   37.8499985         1.06017933E-05
   37.9799995         1.08263548E-05
   38.1100006         1.10421061E-05
   38.2400017         1.12488269E-05
   38.3699989         1.14462782E-05
   38.5000000         1.16342071E-05
   38.6300011         1.18123708E-05
   38.7599983         1.19805400E-05
   38.8899994         1.21385165E-05
   39.0200005         1.22861456E-05
   39.1500015         1.24233202E-05
   39.2799988         1.25499864E-05
   39.4099998         1.26661462E-05
   39.5400009         1.27718513E-05
   39.6699982         1.28671927E-05
   39.7999992         1.29523041E-05
   39.9300003         1.30273274E-05
   40.0600014         1.30924182E-05
   40.1899986         1.31477218E-05
   40.3199997         1.31933621E-05
   40.4500008         1.32294344E-05
   40.5800018         1.32559953E-05
   40.7099991         1.32730611E-05
   40.8400002         1.32806063E-05
   40.9700012         1.32785735E-05
   41.0999985         1.32668756E-05
   41.2299995         1.32454134E-05
   41.3600006         1.32140813E-05
   41.4900017         1.31727866E-05
   41.6199989         1.31214629E-05
   41.7500000         1.30600793E-05
   41.8800011         1.29886521E-05
   42.0099983         1.29072487E-05
   42.1399994         1.28159909E-05
   42.2700005         1.27150515E-05
   42.4000015         1.26046516E-05
   42.5299988         1.24850449E-05
   42.6599998         1.23565123E-05
   42.7900009         1.22193414E-05
   42.9199982         1.20738159E-05
   43.0499992         1.19202032E-05
   43.1800003         1.17587351E-05
   43.3100014         1.15896082E-05
   43.4399986         1.14129716E-05
   43.5699997         1.12289272E-05
   43.7000008         1.10375368E-05
   43.8300018         1.08388249E-05
   43.9599991         1.06327880E-05
   44.0900002         1.04194141E-05
   44.2200012         1.01986898E-05
   44.3499985         9.97061761E-06
   44.4799995         9.73523311E-06
   44.6100006         9.49260811E-06
   44.7400017         9.24286815E-06
   44.8699989         8.98618509E-06
   45.0000000         8.72279088E-06
   45.1300011         8.45296017E-06
   45.2599983         8.17700766E-06
   45.3899994         7.89527621E-06
   45.5200005         7.60812964E-06
   45.6500015         7.31592672E-06
   45.7799988         7.01901399E-06
   45.9099998         6.71771022E-06
   46.0400009         6.41230099E-06
   46.1699982         6.10302277E-06
   46.2999992         5.79006655E-06
   46.4300003         5.47357376E-06
   46.5600014         5.15364809E-06
   46.6899986         4.83036047E-06
   46.8199997         4.50376092E-06
   46.9500008         4.17388992E-06
   47.0800018         3.84080249E-06
   47.2099991         3.50457276E-06
   47.3400002         3.16530895E-06
   47.4700012         2.82316637E-06
   47.5999985         2.47835283E-06
   47.7299995         2.13113003E-06
   47.8600006         1.78180278E-06
   47.9900017         1.43072600E-06
   48.1199989         1.07828237E-06
   48.2500000         7.24881374E-07
   48.3800011         3.70933037E-07
   48.5099983         1.68385341E-08
   48.6399994        -3.37024005E-07
   48.7700005        -6.90315687E-07
   48.9000015        -1.04273693E-06
   49.0299988        -1.39404506E-06
   49.1599998        -1.74404261E-06
   49.2900009        -2.09258383E-06
   49.4199982        -2.43956106E-06
   49.5499992        -2.78490120E-06
   49.6800003        -3.12853626E-06
   49.8100014        -3.47041146E-06
   49.9399986        -3.81045015E-06
   50.0699997        -4.14855140E-06
   50.2000008        -4.48457513E-06
   50.3300018        -4.81833331E-06
   50.4599991        -5.14958720E-06
   50.5900002        -5.47804757E-06
   50.7200012        -5.80338019E-06
   50.8499985        -6.12521035E-06
   50.9799995        -6.44313832E-06
   51.1100006        -6.75676029E-06
   51.2400017        -7.06567243E-06
   51.3699989        -7.36949323E-06
   51.5000000        -7.66787252E-06
   51.6300011        -7.96051245E-06
   51.7599983        -8.24715971E-06
   51.8899994        -8.52762423E-06
   52.0200005        -8.80176503E-06
   52.1500015        -9.06949026E-06
   52.2799988        -9.33075080E-06
   52.4099998        -9.58552118E-06
   52.5400009        -9.83378413E-06
   52.6699982        -1.00755224E-05
   52.7999992        -1.03106995E-05
   52.9300003        -1.05392446E-05
   53.0600014        -1.07610467E-05
   53.1899986        -1.09759485E-05
   53.3199997        -1.11837444E-05
   53.4500008        -1.13841797E-05
   53.5800018        -1.15769608E-05
   53.7099991        -1.17617637E-05
   53.8400002        -1.19382530E-05
   53.9700012        -1.21060948E-05
   54.0999985        -1.22649681E-05
   54.2299995        -1.24145872E-05
   54.3600006        -1.25547067E-05
   54.4900017        -1.26851382E-05
   54.6199989        -1.28057491E-05
   54.7500000        -1.29164646E-05
   54.8800011        -1.30172702E-05
   55.0099983        -1.31081933E-05
   55.1399994        -1.31893012E-05
   55.2700005        -1.32606801E-05
   55.4000015        -1.33224221E-05
   55.5299988        -1.33746116E-05
   55.6599998        -1.34173079E-05
   55.7900009        -1.34505372E-05
   55.9199982        -1.34742804E-05
   56.0499992        -1.34884731E-05
   56.1800003        -1.34930033E-05
   56.3100014        -1.34877237E-05
   56.4399986        -1.34724523E-05
   56.5699997        -1.34469910E-05
   56.7000008        -1.34111388E-05
   56.8300018        -1.33647045E-05
   56.9599991        -1.33075309E-05
   57.0900002        -1.32394971E-05
   57.2200012        -1.31605357E-05
   57.3499985        -1.30706421E-05
   57.4799995        -1.29698692E-05
   57.6100006        -1.28583342E-05
   57.7400017        -1.27362055E-05
   57.8699989        -1.26036939E-05
   58.0000000        -1.24610415E-05
   58.1300011        -1.23085074E-05
   58.2599983        -1.21463472E-05
   58.3899994        -1.19747974E-05
   58.5200005        -1.17940690E-05
   58.6500015        -1.16043320E-05
   58.7799988        -1.14057093E-05
   58.9099998        -1.11982790E-05
   59.0400009        -1.09820721E-05
   59.1699982        -1.07570877E-05
   59.2999992        -1.05232975E-05
   59.4300003        -1.02806625E-05
   59.5600014        -1.00291491E-05
   59.6899986        -9.76874435E-06
   59.8199997        -9.49947298E-06
   59.9500008        -9.22140498E-06
   60.0800018        -8.93466768E-06
   60.2099991        -8.63945115E-06
   60.3400002        -8.33600552E-06
   60.4700012        -8.02464274E-06
   60.5999985        -7.70571751E-06
   60.7299995        -7.37962182E-06
   60.8600006        -7.04677223E-06
   60.9900017        -6.70758754E-06
   61.1199989        -6.36247569E-06
   61.2500000        -6.01182001E-06
   61.3800011        -5.65596520E-06
   61.5099983        -5.29521276E-06
   61.6399994        -4.92981053E-06
   61.7700005        -4.55995860E-06
   61.9000015        -4.18581203E-06
   62.0299988        -3.80749361E-06
   62.1599998        -3.42510043E-06
   62.2900009        -3.03872503E-06
   62.4199982        -2.64846926E-06
   62.5499992        -2.25445865E-06
   62.6800003        -1.85685724E-06
   62.8100014        -1.45588001E-06
   62.9399986        -1.05179572E-06
   63.0699997        -6.44934687E-07
   63.2000008        -2.35681199E-07
   63.3300018         1.75530104E-07
   63.4599991         5.88227408E-07
   63.5900002         1.00191482E-06
   63.7200012         1.41608882E-06
   63.8499985         1.83025440E-06
   63.9799995         2.24394421E-06
   64.1100006         2.65672656E-06
   64.2399979         3.06822108E-06
   64.3700027         3.47810146E-06
   64.5000000         3.88609806E-06
   64.6299973         4.29199554E-06
   64.7600021         4.69562519E-06
   64.8899994         5.09685105E-06
   65.0199966         5.49555807E-06
   65.1500015         5.89163710E-06
   65.2799988         6.28496355E-06
   65.4100037         6.67538507E-06
   65.5400009         7.06270839E-06
   65.6699982         7.44669160E-06
   65.8000031         7.82703682E-06
   65.9300003         8.20339119E-06
   66.0599976         8.57535179E-06
   66.1900024         8.94247660E-06
   66.3199997         9.30429360E-06
   66.4499969         9.66032076E-06
   66.5800018         1.00100833E-05
   66.7099991         1.03531293E-05
   66.8399963         1.06890448E-05
   66.9700012         1.10174678E-05
   67.0999985         1.13380975E-05
   67.2300034         1.16506963E-05
   67.3600006         1.19550923E-05
   67.4899979         1.22511719E-05
   67.6200027         1.25388697E-05
   67.7500000         1.28181555E-05
   67.8799973         1.30890130E-05
   68.0100021         1.33514322E-05
   68.1399994         1.36053859E-05
   68.2699966         1.38508194E-05
   68.4000015         1.40876346E-05
   68.5299988         1.43156813E-05
   68.6600037         1.45347612E-05
   68.7900009         1.47446235E-05
   68.9199982         1.49449797E-05
   69.0500031         1.51355007E-05
   69.1800003         1.53158508E-05
   69.3099976         1.54856862E-05
   69.4400024         1.56446895E-05
   69.5699997         1.57925751E-05
   69.6999969         1.59291030E-05
   69.8300018         1.60541003E-05
   69.9599991         1.61674561E-05
   70.0899963         1.62691340E-05
   70.2200012         1.63591631E-05
   70.3499985         1.64376306E-05
   70.4800034         1.65046695E-05
   70.6100006         1.65604415E-05
   70.7399979         1.66051232E-05
   70.8700027         1.66388836E-05
   71.0000000         1.66618756E-05
   71.1299973         1.66742157E-05
   71.2600021         1.66759746E-05
   71.3899994         1.66671725E-05
   71.5199966         1.66477821E-05
   71.6500015         1.66177288E-05
   71.7799988         1.65768961E-05
   71.9100037         1.65251531E-05
   72.0400009         1.64623543E-05
   72.1699982         1.63883706E-05
   72.3000031         1.63030909E-05
   72.4300003         1.62064589E-05
   72.5599976         1.60984600E-05
   72.6900024         1.59791562E-05
   72.8199997         1.58486710E-05
   72.9499969         1.57071991E-05
   73.0800018         1.55549878E-05
   73.2099991         1.53923484E-05
   73.3399963         1.52196126E-05
   73.4700012         1.50371416E-05
   73.5999985         1.48452946E-05
   73.7300034         1.46444108E-05
   73.8600006         1.44348023E-05
   73.9899979         1.42167319E-05
   74.1200027         1.39904123E-05
   74.2500000         1.37560010E-05
   74.3799973         1.35136006E-05
   74.5100021         1.32632740E-05
   74.6399994         1.30050448E-05
   74.7699966         1.27389203E-05
   74.9000015         1.24649096E-05
   75.0299988         1.21830344E-05
   75.1600037         1.18933513E-05
   75.2900009         1.15959638E-05
   75.4199982         1.12910329E-05
   75.5500031         1.09787834E-05
   75.6800003         1.06595053E-05
   75.8099976         1.03335497E-05
   75.9400024         1.00013167E-05
   76.0699997         9.66324478E-06
   76.1999969         9.31979503E-06
   76.3300018         8.97142854E-06
   76.4599991         8.61859553E-06
   76.5899963         8.26171254E-06
   76.7200012         7.90114973E-06
   76.8499985         7.53722179E-06
   76.9800034         7.17018384E-06
   77.1100006         6.80022868E-06
   77.2399979         6.42749364E-06
   77.3700027         6.05207151E-06
   77.5000000         5.67402185E-06
   77.6299973         5.29339059E-06
   77.7600021         4.91022729E-06
   77.8899994         4.52460154E-06
   78.0199966         4.13661974E-06
   78.1500015         3.74643855E-06
   78.2799988         3.35427194E-06
   78.4100037         2.96039525E-06
   78.5400009         2.56514227E-06
   78.6699982         2.16890021E-06
   78.8000031         1.77209438E-06
   78.9300003         1.37517668E-06
   79.0599976         9.78602884E-07
   79.1900024         5.82817677E-07
   79.3199997         1.88236356E-07
   79.4499969        -2.04771140E-07
   79.5800018        -5.95893312E-07
   79.7099991        -9.84883286E-07
   79.8399963        -1.37156167E-06
   79.9700012        -1.75581283E-06
   80.0999985        -2.13757721E-06
   80.2300034        -2.51683900E-06
   80.3600006        -2.89361105E-06
   80.4899979        -3.26791383E-06
   80.6200027        -3.63975914E-06
   80.7500000        -4.00913314E-06
   80.8799973        -4.37597919E-06
   81.0100021        -4.74018952E-06
   81.1399994        -5.10159680E-06
   81.2699966        -5.45997545E-06
   81.4000015        -5.81504537E-06
   81.5299988        -6.16648094E-06
   81.6600037        -6.51392702E-06
   81.7900009        -6.85701525E-06
   81.9199982        -7.19538184E-06
   82.0500031        -7.52868800E-06
   82.1800003        -7.85663451E-06
   82.3099976        -8.17897944E-06
   82.4400024        -8.49554544E-06
   82.5699997        -8.80622065E-06
   82.6999969        -9.11096777E-06
   82.8300018        -9.40980681E-06
   82.9599991        -9.70280780E-06
   83.0899963        -9.99008171E-06
   83.2200012        -1.02717486E-05
   83.3499985        -1.05479312E-05
   83.4800034        -1.08187305E-05
   83.6100006        -1.10842093E-05
   83.7399979        -1.13443775E-05
   83.8700027        -1.15991870E-05
   84.0000000        -1.18485223E-05
   84.1299973        -1.20922141E-05
   84.2600021        -1.23300342E-05
   84.3899994        -1.25617125E-05
   84.5199966        -1.27869562E-05
   84.6500015        -1.30054650E-05
   84.7799988        -1.32169534E-05
   84.9100037        -1.34211650E-05
   85.0400009        -1.36178942E-05
   85.1699982        -1.38069954E-05
   85.3000031        -1.39883905E-05
   85.4300003        -1.41620703E-05
   85.5599976        -1.43280940E-05
   85.6900024        -1.44865753E-05
   85.8199997        -1.46376733E-05
   85.9499969        -1.47815745E-05
   86.0800018        -1.49184689E-05
   86.2099991        -1.50485375E-05
   86.3399963        -1.51719250E-05
   86.4700012        -1.52887351E-05
   86.5999985        -1.53990077E-05
   86.7300034        -1.55027228E-05
   86.8600006        -1.55997968E-05
   86.9899979        -1.56900805E-05
   87.1200027        -1.57733812E-05
   87.2500000        -1.58494695E-05
   87.3799973        -1.59180963E-05
   87.5100021        -1.59790216E-05
   87.6399994        -1.60320196E-05
   87.7699966        -1.60769123E-05
   87.9000015        -1.61135704E-05
   88.0299988        -1.61419339E-05
   88.1600037        -1.61620119E-05
   88.2900009        -1.61738772E-05
   88.4199982        -1.61776716E-05
   88.5500031        -1.61735843E-05
   88.6800003        -1.61618445E-05
   88.8099976        -1.61426924E-05
   88.9400024        -1.61163698E-05
   89.0699997        -1.60830950E-05
   89.1999969        -1.60430518E-05
   89.3300018        -1.59963602E-05
   89.4599991        -1.59430929E-05
   89.5899963        -1.58832481E-05
   89.7200012        -1.58167659E-05
   89.8499985        -1.57435297E-05
   89.9800034        -1.56633832E-05
   90.1100006        -1.55761445E-05
   90.2399979        -1.54816262E-05
   90.3700027        -1.53796573E-05
   90.5000000        -1.52700941E-05
   90.6299973        -1.51528475E-05
   90.7600021        -1.50278884E-05
   90.8899994        -1.48952549E-05
   91.0199966        -1.47550591E-05
   91.1500015        -1.46074744E-05
   91.2799988        -1.44527376E-05
   91.4100037        -1.42911249E-05
   91.5400009        -1.41229393E-05
   91.6699982        -1.39484955E-05
   91.8000031        -1.37680909E-05
   91.9300003        -1.35819964E-05
   92.0599976        -1.33904332E-05
   92.1900024        -1.31935694E-05
   92.3199997        -1.29915115E-05
   92.4499969        -1.27842986E-05
   92.5800018        -1.25719198E-05
   92.7099991        -1.23543141E-05
   92.8399963        -1.21313915E-05
   92.9700012        -1.19030510E-05
   93.0999985        -1.16691972E-05
   93.2300034        -1.14297627E-05
   93.3600006        -1.11847285E-05
   93.4899979        -1.09341290E-05
   93.6200027        -1.06780735E-05
   93.7500000        -1.04167402E-05
   93.8799973        -1.01503820E-05
   94.0100021        -9.87931253E-06
   94.1399994        -9.60390116E-06
   94.2699966        -9.32454986E-06
   94.4000015        -9.04167791E-06
   94.5299988        -8.75570367E-06
   94.6600037        -8.46702096E-06
   94.7900009        -8.17598266E-06
   94.9199982        -7.88289435E-06
   95.0500031        -7.58799706E-06
   95.1800003        -7.29147041E-06
   95.3099976        -6.99343445E-06
   95.4400024        -6.69395604E-06
   95.5699997        -6.39306472E-06
   95.6999969        -6.09077006E-06
   95.8300018        -5.78707750E-06
   95.9599991        -5.48200887E-06
   96.0899963        -5.17562376E-06
   96.2200012        -4.86802992E-06
   96.3499985        -4.55939971E-06
   96.4800034        -4.24997279E-06
   96.6100006        -3.94005701E-06
   96.7399979        -3.63002778E-06
   96.8700027        -3.32030913E-06
   97.0000000        -3.01136402E-06
   97.1299973        -2.70367673E-06
   97.2600021        -2.39772930E-06
   97.3899994        -2.09398354E-06
   97.5199966        -1.79286337E-06
   97.6500015        -1.49473806E-06
   97.7799988        -1.19991364E-06
   97.9100037        -9.08626589E-07
   98.0400009        -6.21044478E-07
   98.1699982        -3.37273320E-07
   98.3000031        -5.73679841E-08
   98.4300003         2.18650669E-07
   98.5599976         4.90780621E-07
   98.6900024         7.59015677E-07
   98.8199997         1.02332717E-06
   98.9499969         1.28364911E-06
   99.0800018         1.53986412E-06
   99.2099991         1.79179210E-06
   99.3399963         2.03919171E-06
   99.4700012         2.28176009E-06
   99.5999985         2.51914184E-06
   99.7300034         2.75094271E-06
   99.8600006         2.97674592E-06
   99.9899979         3.19613287E-06
   100.120003         3.40870270E-06
   100.250000         3.61409207E-06
   100.379997         3.81199015E-06
   100.510002         4.00215549E-06
   100.639999         4.18442005E-06
   100.769997         4.35869197E-06
   100.900002         4.52495260E-06
   101.029999         4.68324743E-06
   101.160004         4.83367285E-06
   101.290001         4.97635438E-06
   101.419998         5.11143207E-06
   101.550003         5.23903918E-06
   101.680000         5.35928211E-06
   101.809998         5.47222771E-06
   101.940002         5.57788871E-06
   102.070000         5.67622101E-06
   102.199997         5.76712137E-06
   102.330002         5.85043472E-06
   102.459999         5.92596189E-06
   102.589996         5.99348050E-06
   102.720001         6.05275454E-06
   102.849998         6.10356165E-06
   102.980003         6.14571036E-06
   103.110001         6.17905607E-06
   103.239998         6.20351693E-06
   103.370003         6.21908703E-06
   103.500000         6.22583411E-06
   103.629997         6.22390507E-06
   103.760002         6.21351592E-06
   103.889999         6.19493994E-06
   104.019997         6.16849184E-06
   104.150002         6.13450948E-06
   104.279999         6.09333256E-06
   104.410004         6.04528350E-06
   104.540001         5.99065106E-06
   104.669998         5.92967353E-06
   104.800003         5.86253373E-06
   104.930000         5.78935123E-06
   105.059998         5.71018882E-06
   105.190002         5.62505875E-06
   105.320000         5.53393375E-06
   105.449997         5.43676424E-06
   105.580002         5.33349885E-06
   105.709999         5.22410301E-06
   105.839996         5.10857672E-06
   105.970001         4.98697091E-06
   106.099998         4.85939927E-06
   106.230003         4.72604734E-06
   106.360001         4.58717159E-06
   106.489998         4.44309671E-06
   106.620003         4.29420470E-06
   106.750000         4.14092256E-06
   106.879997         3.98370457E-06
   107.010002         3.82301096E-06
   107.139999         3.65929009E-06
   107.269997         3.49295919E-06
   107.400002         3.32438776E-06
   107.529999         3.15388797E-06
   107.660004         2.98170630E-06
   107.790001         2.80802351E-06
   107.919998         2.63295851E-06
   108.050003         2.45657998E-06
   108.180000         2.27891951E-06
   108.309998         2.09998962E-06
   108.440002         1.91980189E-06
   108.570000         1.73838862E-06
   108.699997         1.55581654E-06
   108.830002         1.37220331E-06
   108.959999         1.18772630E-06
   109.089996         1.00262753E-06
   109.220001         8.17211230E-07
   109.349998         6.31838134E-07
   109.480003         4.46912281E-07
   109.610001         2.62866138E-07
   109.739998         8.01413549E-08
   109.870003        -1.00831066E-07
   110.000000        -2.79649868E-07
   110.129997        -4.55961100E-07
   110.260002        -6.29471231E-07
   110.389999        -7.99956354E-07
   110.519997        -9.67266033E-07
   110.650002        -1.13132080E-06
   110.779999        -1.29210525E-06
   110.910004        -1.44965441E-06
   111.040001        -1.60403908E-06
   111.169998        -1.75534456E-06
   111.300003        -1.90365415E-06
   111.430000        -2.04902744E-06
   111.559998        -2.19148615E-06
   111.690002        -2.33100013E-06
   111.820000        -2.46748095E-06
   111.949997        -2.60077923E-06
   112.080002        -2.73068827E-06
   112.209999        -2.85695205E-06
   112.339996        -2.97928091E-06
   112.470001        -3.09736743E-06
   112.599998        -3.21090647E-06
   112.730003        -3.31961269E-06
   112.860001        -3.42324188E-06
   112.989998        -3.52160396E-06
   113.120003        -3.61457455E-06
   113.250000        -3.70210114E-06
   113.379997        -3.78420464E-06
   113.510002        -3.86097327E-06
   113.639999        -3.93255232E-06
   113.769997        -3.99912869E-06
   113.900002        -4.06091340E-06
   114.029999        -4.11812243E-06
   114.160004        -4.17095862E-06
   114.290001        -4.21959066E-06
   114.419998        -4.26414226E-06
   114.550003        -4.30468026E-06
   114.680000        -4.34120921E-06
   114.809998        -4.37367316E-06
   114.940002        -4.40196345E-06
   115.070000        -4.42592591E-06
   115.199997        -4.44538500E-06
   115.330002        -4.46015156E-06
   115.459999        -4.47005050E-06
   115.589996        -4.47493494E-06
   115.720001        -4.47470848E-06
   115.849998        -4.46933291E-06
   115.980003        -4.45883961E-06
   116.110001        -4.44333273E-06
   116.239998        -4.42298415E-06
   116.370003        -4.39802761E-06
   116.500000        -4.36874552E-06
   116.629997        -4.33544892E-06
   116.760002        -4.29845932E-06
   116.889999        -4.25809094E-06
   117.019997        -4.21462755E-06
   117.150002        -4.16831017E-06
   117.279999        -4.11931933E-06
   117.410004        -4.06777326E-06
   117.540001        -4.01372108E-06
   117.669998        -3.95715006E-06
   117.800003        -3.89799425E-06
   117.930000        -3.83614679E-06
   118.059998        -3.77147830E-06
   118.190002        -3.70385828E-06
   118.320000        -3.63317258E-06
   118.449997        -3.55934185E-06
   118.580002        -3.48233857E-06
   118.709999        -3.40219708E-06
   118.839996        -3.31902174E-06
   118.970001        -3.23298491E-06
   119.099998        -3.14432077E-06
   119.230003        -3.05331741E-06
   119.360001        -2.96029998E-06
   119.489998        -2.86561158E-06
   119.620003        -2.76959418E-06
   119.750000        -2.67256883E-06
   119.879997        -2.57481770E-06
   120.010002        -2.47656612E-06
   120.139999        -2.37797713E-06
   120.269997        -2.27914256E-06
   120.400002        -2.18008586E-06
   120.529999        -2.08076813E-06
   120.660004        -1.98110160E-06
   120.790001        -1.88096340E-06
   120.919998        -1.78021594E-06
   121.050003        -1.67872429E-06
   121.180000        -1.57638010E-06
   121.309998        -1.47311403E-06
   121.440002        -1.36891128E-06
   121.570000        -1.26382133E-06
   121.699997        -1.15795831E-06
   121.830002        -1.05150150E-06
   121.959999        -9.44683507E-07
   122.089996        -8.37782125E-07
   122.220001        -7.31098794E-07
   122.349998        -6.24942174E-07
   122.480003        -5.19606147E-07
   122.610001        -4.15352503E-07
   122.739998        -3.12394491E-07
   122.870003        -2.10882448E-07
   123.000000        -1.10897965E-07
   123.129997        -1.24529542E-08
   123.260002         8.45091890E-08
   123.389999         1.80100841E-07
   123.519997         2.74477713E-07
   123.650002         3.67820235E-07
   123.779999         4.60314254E-07
   123.910004         5.52130871E-07
   124.040001         6.43408043E-07
   124.169998         7.34235243E-07
   124.300003         8.24641859E-07
   124.430000         9.14591624E-07
   124.559998         1.00398313E-06
   124.690002         1.09265477E-06
   124.820000         1.18039566E-06
   124.949997         1.26696216E-06
   125.080002         1.35209541E-06
   125.209999         1.43554166E-06
   125.339996         1.51707184E-06
   125.470001         1.59649971E-06
   125.599998         1.67369592E-06
   125.730003         1.74859895E-06
   125.860001         1.82121812E-06
   125.989998         1.89163370E-06
   126.120003         1.95998837E-06
   126.250000         2.02647675E-06
   126.379997         2.09132781E-06
   126.510002         2.15478667E-06
   126.639999         2.21709274E-06
   126.769997         2.27846203E-06
   126.900002         2.33906871E-06
   127.029999         2.39903125E-06
   127.160004         2.45840397E-06
   127.290001         2.51717324E-06
   127.419998         2.57525994E-06
   127.550003         2.63252923E-06
   127.680000         2.68880194E-06
   127.809998         2.74387344E-06
   127.940002         2.79753181E-06
   128.070007         2.84957900E-06
   128.199997         2.89984905E-06
   128.330002         2.94822576E-06
   128.460007         2.99465410E-06
   128.589996         3.03914885E-06
   128.720001         3.08179688E-06
   128.850006         3.12275074E-06
   128.979996         3.16222145E-06
   129.110001         3.20046161E-06
   129.240005         3.23775248E-06
   129.369995         3.27437942E-06
   129.500000         3.31061278E-06
   129.630005         3.34668948E-06
   129.759995         3.38279938E-06
   129.889999         3.41906912E-06
   130.020004         3.45556009E-06
   130.149994         3.49226434E-06
   130.279999         3.52911161E-06
   130.410004         3.56598093E-06
   130.539993         3.60271065E-06
   130.669998         3.63912136E-06
   130.800003         3.67503435E-06
   130.929993         3.71029068E-06
   131.059998         3.74476758E-06
   131.190002         3.77839706E-06
   131.320007         3.81117343E-06
   131.449997         3.84315626E-06
   131.580002         3.87447199E-06
   131.710007         3.90530522E-06
   131.839996         3.93588743E-06
   131.970001         3.96647965E-06
   132.100006         3.99735382E-06
   132.229996         4.02877322E-06
   132.360001         4.06097388E-06
   132.490005         4.09414224E-06
   132.619995         4.12840882E-06
   132.750000         4.16383591E-06
   132.880005         4.20041351E-06
   133.009995         4.23806296E-06
   133.139999         4.27664509E-06
   133.270004         4.31597300E-06
   133.399994         4.35583161E-06
   133.529999         4.39599216E-06
   133.660004         4.43623776E-06
   133.789993         4.47637785E-06
   133.919998         4.51626420E-06
   134.050003         4.55580675E-06
   134.179993         4.59498096E-06
   134.309998         4.63382503E-06
   134.440002         4.67243945E-06
   134.570007         4.71097655E-06
   134.699997         4.74962462E-06
   134.830002         4.78859147E-06
   134.960007         4.82808491E-06
   135.089996         4.86829003E-06
   135.220001         4.90935554E-06
   135.350006         4.95137374E-06
   135.479996         4.99437328E-06
   135.610001         5.03830915E-06
   135.740005         5.08306675E-06
   135.869995         5.12846464E-06
   136.000000         5.17426724E-06
   136.130005         5.22020264E-06
   136.259995         5.26597478E-06
   136.389999         5.31128944E-06
   136.520004         5.35586878E-06
   136.649994         5.39947450E-06
   136.779999         5.44191789E-06
   136.910004         5.48307025E-06
   137.039993         5.52286838E-06
   137.169998         5.56131272E-06
   137.300003         5.59846058E-06
   137.429993         5.63441154E-06
   137.559998         5.66929521E-06
   137.690002         5.70325165E-06
   137.820007         5.73640909E-06
   137.949997         5.76886850E-06
   138.080002         5.80068445E-06
   138.210007         5.83185374E-06
   138.339996         5.86230726E-06
   138.470001         5.89190677E-06
   138.600006         5.92044807E-06
   138.729996         5.94767062E-06
   138.860001         5.97327198E-06
   138.990005         5.99692385E-06
   139.119995         6.01829151E-06
   139.250000         6.03705394E-06
   139.380005         6.05292280E-06
   139.509995         6.06565845E-06
   139.639999         6.07508127E-06
   139.770004         6.08107757E-06
   139.899994         6.08360369E-06
   140.029999         6.08267783E-06
   140.160004         6.07837364E-06
   140.289993         6.07080256E-06
   140.419998         6.06010008E-06
   140.550003         6.04640218E-06
   140.679993         6.02983164E-06
   140.809998         6.01047668E-06
   140.940002         5.98837778E-06
   141.070007         5.96351674E-06
   141.199997         5.93581490E-06
   141.330002         5.90513082E-06
   141.460007         5.87126897E-06
   141.589996         5.83398878E-06
   141.720001         5.79302332E-06
   141.850006         5.74809565E-06
   141.979996         5.69893882E-06
   142.110001         5.64531501E-06
   142.240005         5.58703323E-06
   142.369995         5.52396159E-06
   142.500000         5.45603871E-06
   142.630005         5.38327458E-06
   142.759995         5.30574880E-06
   142.889999         5.22360551E-06
   143.020004         5.13703617E-06
   143.149994         5.04626723E-06
   143.279999         4.95153836E-06
   143.410004         4.85308647E-06
   143.539993         4.75112302E-06
   143.669998         4.64582172E-06
   143.800003         4.53730354E-06
   143.929993         4.42563078E-06
   144.059998         4.31080571E-06
   144.190002         4.19277376E-06
   144.320007         4.07143307E-06
   144.449997         3.94664721E-06
   144.580002         3.81826430E-06
   144.710007         3.68613405E-06
   144.839996         3.55012708E-06
   144.970001         3.41015402E-06
   145.100006         3.26617965E-06
   145.229996         3.11823396E-06
   145.360001         2.96641724E-06
   145.490005         2.81090070E-06
   145.619995         2.65192216E-06
   145.750000         2.48977312E-06
   145.880005         2.32478601E-06
   146.009995         2.15731507E-06
   146.139999         1.98771750E-06
   146.270004         1.81633322E-06
   146.399994         1.64346886E-06
   146.529999         1.46938123E-06
   146.660004         1.29426974E-06
   146.789993         1.11827092E-06
   146.919998         9.41460144E-07
   147.050003         7.63854928E-07
   147.179993         5.85429575E-07
   147.309998         4.06131619E-07
   147.440002         2.25894595E-07
   147.570007         4.46617250E-08
   147.699997        -1.37599301E-07
   147.830002        -3.20876694E-07
   147.960007        -5.05104026E-07
   148.089996        -6.90152490E-07
   148.220001        -8.75827936E-07
   148.350006        -1.06187372E-06
   148.479996        -1.24797930E-06
   148.610001        -1.43379145E-06
   148.740005        -1.61893320E-06
   148.869995        -1.80301822E-06
   149.000000        -1.98567454E-06
   149.130005        -2.16656031E-06
   149.259995        -2.34537720E-06
   149.389999        -2.52188738E-06
   149.520004        -2.69591510E-06
   149.649994        -2.86735280E-06
   149.779999        -3.03615343E-06
   149.910004        -3.20232266E-06
   150.039993        -3.36590870E-06
   150.169998        -3.52698089E-06
   150.300003        -3.68561405E-06
   150.429993        -3.84186978E-06
   150.559998        -3.99577721E-06
   150.690002        -4.14732358E-06
   150.820007        -4.29643796E-06
   150.949997        -4.44299349E-06
   151.080002        -4.58680051E-06
   151.210007        -4.72761576E-06
   151.339996        -4.86515319E-06
   151.470001        -4.99909902E-06
   151.600006        -5.12912766E-06
   151.729996        -5.25491987E-06
   151.860001        -5.37618371E-06
   151.990005        -5.49266861E-06
   152.119995        -5.60418084E-06
   152.250000        -5.71058990E-06
   152.380005        -5.81183713E-06
   152.509995        -5.90792979E-06
   152.639999        -5.99893565E-06
   152.770004        -6.08497385E-06
   152.899994        -6.16619855E-06
   153.029999        -6.24277891E-06
   153.160004        -6.31488501E-06
   153.289993        -6.38266829E-06
   153.419998        -6.44624424E-06
   153.550003        -6.50568154E-06
   153.679993        -6.56099610E-06
   153.809998        -6.61214426E-06
   153.940002        -6.65902826E-06
   154.070007        -6.70150257E-06
   154.199997        -6.73938666E-06
   154.330002        -6.77248227E-06
   154.460007        -6.80058702E-06
   154.589996        -6.82351629E-06
   154.720001        -6.84111774E-06
   154.850006        -6.85328678E-06
   154.979996        -6.85997929E-06
   155.110001        -6.86121484E-06
   155.240005        -6.85707755E-06
   155.369995        -6.84771476E-06
   155.500000        -6.83332473E-06
   155.630005        -6.81414713E-06
   155.759995        -6.79044388E-06
   155.889999        -6.76248010E-06
   156.020004        -6.73050954E-06
   156.149994        -6.69475685E-06
   156.279999        -6.65540256E-06
   156.410004        -6.61257445E-06
   156.539993        -6.56634302E-06
   156.669998        -6.51671780E-06
   156.800003        -6.46365788E-06
   156.929993        -6.40707776E-06
   157.059998        -6.34686239E-06
   157.190002        -6.28288672E-06
   157.320007        -6.21502704E-06
   157.449997        -6.14318651E-06
   157.580002        -6.06730373E-06
   157.710007        -5.98736824E-06
   157.839996        -5.90343188E-06
   157.970001        -5.81560698E-06
   158.100006        -5.72406771E-06
   158.229996        -5.62904415E-06
   158.360001        -5.53080736E-06
   158.490005        -5.42965790E-06
   158.619995        -5.32590639E-06
   158.750000        -5.21985567E-06
   158.880005        -5.11178405E-06
   159.009995        -5.00192937E-06
   159.139999        -4.89047852E-06
   159.270004        -4.77755657E-06
   159.399994        -4.66322899E-06
   159.529999        -4.54750079E-06
   159.660004        -4.43032513E-06
   159.789993        -4.31161743E-06
   159.919998        -4.19126718E-06
   160.050003        -4.06916024E-06
   160.179993        -3.94519020E-06
   160.309998        -3.81928385E-06
   160.440002        -3.69140730E-06
   160.570007        -3.56158080E-06
   160.699997        -3.42988642E-06
   160.830002        -3.29646514E-06
   160.960007        -3.16151568E-06
   161.089996        -3.02528406E-06
   161.220001        -2.88805131E-06
   161.350006        -2.75011848E-06
   161.479996        -2.61178457E-06
   161.610001        -2.47333423E-06
   161.740005        -2.33501555E-06
   161.869995        -2.19703156E-06
   162.000000        -2.05952688E-06
   162.130005        -1.92258540E-06
   162.259995        -1.78622713E-06
   162.389999        -1.65041718E-06
   162.520004        -1.51507470E-06
   162.649994        -1.38008670E-06
   162.779999        -1.24532392E-06
   162.910004        -1.11065890E-06
   163.039993        -9.75984449E-07
   163.169998        -8.41228427E-07
   163.300003        -7.06368155E-07
   163.429993        -5.71435010E-07
   163.559998        -4.36521901E-07
   163.690002        -3.01779437E-07
   163.820007        -1.67409894E-07
   163.949997        -3.36558230E-08
   164.080002         9.92125209E-08
   164.210007         2.30919397E-07
   164.339996         3.61194282E-07
   164.470001         4.89795127E-07
   164.600006         6.16519230E-07
   164.729996         7.41216752E-07
   164.860001         8.63798959E-07
   164.990005         9.84235726E-07
   165.119995         1.10255758E-06
   165.250000         1.21884534E-06
   165.380005         1.33321726E-06
   165.509995         1.44581486E-06
   165.639999         1.55678515E-06
   165.770004         1.66626171E-06
   165.899994         1.77434981E-06
   166.029999         1.88111107E-06
   166.160004         1.98655243E-06
   166.289993         2.09062250E-06
   166.419998         2.19320987E-06
   166.550003         2.29414627E-06
   166.679993         2.39321798E-06
   166.809998         2.49017830E-06
   166.940002         2.58476462E-06
   167.070007         2.67671317E-06
   167.199997         2.76578044E-06
   167.330002         2.85175588E-06
   167.460007         2.93447761E-06
   167.589996         3.01384125E-06
   167.720001         3.08980225E-06
   167.850006         3.16237902E-06
   167.979996         3.23164454E-06
   168.110001         3.29771706E-06
   168.240005         3.36074731E-06
   168.369995         3.42090084E-06
   168.500000         3.47833907E-06
   168.630005         3.53320411E-06
   168.759995         3.58560237E-06
   168.889999         3.63559207E-06
   169.020004         3.68317546E-06
   169.149994         3.72829300E-06
   169.279999         3.77083006E-06
   169.410004         3.81061750E-06
   169.539993         3.84744862E-06
   169.669998         3.88109129E-06
   169.800003         3.91130334E-06
   169.929993         3.93785331E-06
   170.059998         3.96053656E-06
   170.190002         3.97918848E-06
   170.320007         3.99369901E-06
   170.449997         4.00401723E-06
   170.580002         4.01015541E-06
   170.710007         4.01218585E-06
   170.839996         4.01023271E-06
   170.970001         4.00445879E-06
   171.100006         3.99505416E-06
   171.229996         3.98221619E-06
   171.360001         3.96613359E-06
   171.490005         3.94696826E-06
   171.619995         3.92484526E-06
   171.750000         3.89983734E-06
   171.880005         3.87196269E-06
   172.009995         3.84118448E-06
   172.139999         3.80741017E-06
   172.270004         3.77050696E-06
   172.399994         3.73030753E-06
   172.529999         3.68663314E-06
   172.660004         3.63930394E-06
   172.789993         3.58816169E-06
   172.919998         3.53308451E-06
   173.050003         3.47399487E-06
   173.179993         3.41087753E-06
   173.309998         3.34377819E-06
   173.440002         3.27280577E-06
   173.570007         3.19812420E-06
   173.699997         3.11994472E-06
   173.830002         3.03851243E-06
   173.960007         2.95408836E-06
   174.089996         2.86693216E-06
   174.220001         2.77728736E-06
   174.350006         2.68536246E-06
   174.479996         2.59132071E-06
   174.610001         2.49527352E-06
   174.740005         2.39727342E-06
   174.869995         2.29731586E-06
   175.000000         2.19534923E-06
   175.130005         2.09128348E-06
   175.259995         1.98500243E-06
   175.389999         1.87638466E-06
   175.520004         1.76531637E-06
   175.649994         1.65171161E-06
   175.779999         1.53552446E-06
   175.910004         1.41676298E-06
   176.039993         1.29549449E-06
   176.169998         1.17184641E-06
   176.300003         1.04600667E-06
   176.429993         9.18214141E-07
   176.559998         7.88748082E-07
   176.690002         6.57910221E-07
   176.820007         5.26012116E-07
   176.949997         3.93353901E-07
   177.080002         2.60209163E-07
   177.210007         1.26811400E-07
   177.339996        -6.65835254E-09
   177.470001        -1.40075727E-07
   177.600006        -2.73375036E-07
   177.729996        -4.06546036E-07
   177.860001        -5.39625830E-07
   177.990005        -6.72684052E-07
   178.119995        -8.05808440E-07
   178.250000        -9.39090796E-07
   178.380005        -1.07260655E-06
   178.509995        -1.20640163E-06
   178.639999        -1.34047752E-06
   178.770004        -1.47478386E-06
   178.899994        -1.60921240E-06
   179.029999        -1.74359786E-06
   179.160004        -1.87772298E-06
   179.289993        -2.01132889E-06
   179.419998        -2.14412694E-06
   179.550003        -2.27581540E-06
   179.679993        -2.40609620E-06
   179.809998        -2.53469102E-06
   179.940002        -2.66135885E-06
   180.070007        -2.78590574E-06
   180.199997        -2.90819435E-06
   180.330002        -3.02814783E-06
   180.460007        -3.14574731E-06
   180.589996        -3.26102759E-06
   180.720001        -3.37406505E-06
   180.850006        -3.48496474E-06
   180.979996        -3.59384467E-06
   181.110001        -3.70081784E-06
   181.240005        -3.80597885E-06
   181.369995        -3.90938749E-06
   181.500000        -4.01105808E-06
   181.630005        -4.11095425E-06
   181.759995        -4.20898414E-06
   181.889999        -4.30500722E-06
   182.020004        -4.39883752E-06
   182.149994        -4.49025811E-06
   182.279999        -4.57903343E-06
   182.410004        -4.66492702E-06
   182.539993        -4.74771696E-06
   182.669998        -4.82721134E-06
   182.800003        -4.90326056E-06
   182.929993        -4.97577003E-06
   183.059998        -5.04470154E-06
   183.190002        -5.11007647E-06
   183.320007        -5.17197213E-06
   183.449997        -5.23051040E-06
