  -24.4200001         0.00000000    
  -24.2900009        -2.48916079E-11
  -24.1599998        -7.45536272E-11
  -24.0300007        -1.47252169E-10
  -23.8999996        -2.39826325E-10
  -23.7700005        -3.47997409E-10
  -23.6399994        -4.66772176E-10
  -23.5100002        -5.90902272E-10
  -23.3799992        -7.15358606E-10
  -23.2500000        -8.35778724E-10
  -23.1200008        -9.48849221E-10
  -22.9899998        -1.05259401E-09
  -22.8600006        -1.14654408E-09
  -22.7299995        -1.23178012E-09
  -22.6000004        -1.31084577E-09
  -22.4699993        -1.38754008E-09
  -22.3400002        -1.46660850E-09
  -22.2099991        -1.55335633E-09
  -22.0799999        -1.65321623E-09
  -21.9500008        -1.77130421E-09
  -21.8199997        -1.91199967E-09
  -21.6900005        -2.07858508E-09
  -21.5599995        -2.27297714E-09
  -21.4300003        -2.49557308E-09
  -21.2999992        -2.74522982E-09
  -21.1700001        -3.01938008E-09
  -21.0400009        -3.31427663E-09
  -20.9099998        -3.62534847E-09
  -20.7800007        -3.94763688E-09
  -20.6499996        -4.27627045E-09
  -20.5200005        -4.60693794E-09
  -20.3899994        -4.93631713E-09
  -20.2600002        -5.26241228E-09
  -20.1299992        -5.58478019E-09
  -20.0000000        -5.90461768E-09
  -19.8700008        -6.22471186E-09
  -19.7399998        -6.54924692E-09
  -19.6100006        -6.88350399E-09
  -19.4799995        -7.23346893E-09
  -19.3500004        -7.60538832E-09
  -19.2199993        -8.00531819E-09
  -19.0900002        -8.43868975E-09
  -18.9599991        -8.90994034E-09
  -18.8299999        -9.42222567E-09
  -18.7000008        -9.97724925E-09
  -18.5699997        -1.05752083E-08
  -18.4400005        -1.12148637E-08
  -18.3099995        -1.18937331E-08
  -18.1800003        -1.26083872E-08
  -18.0499992        -1.33548239E-08
  -17.9200001        -1.41288963E-08
  -17.7900009        -1.49267674E-08
  -17.6599998        -1.57453286E-08
  -17.5300007        -1.65825771E-08
  -17.3999996        -1.74378876E-08
  -17.2700005        -1.83121944E-08
  -17.1399994        -1.92080041E-08
  -17.0100002        -2.01293027E-08
  -16.8799992        -2.10813127E-08
  -16.7500000        -2.20701502E-08
  -16.6200008        -2.31024000E-08
  -16.4899998        -2.41846436E-08
  -16.3600006        -2.53230024E-08
  -16.2299995        -2.65227236E-08
  -16.1000004        -2.77878502E-08
  -15.9700003        -2.91209901E-08
  -15.8400002        -3.05232355E-08
  -15.7100000        -3.19941904E-08
  -15.5799999        -3.35321531E-08
  -15.4499998        -3.51343878E-08
  -15.3199997        -3.67974842E-08
  -15.1899996        -3.85177792E-08
  -15.0600004        -4.02917664E-08
  -14.9300003        -4.21165502E-08
  -14.8000002        -4.39901555E-08
  -14.6700001        -4.59118645E-08
  -14.5400000        -4.78823807E-08
  -14.4099998        -4.99038855E-08
  -14.2799997        -5.19800167E-08
  -14.1499996        -5.41156773E-08
  -14.0200005        -5.63167717E-08
  -13.8900003        -5.85898299E-08
  -13.7600002        -6.09415949E-08
  -13.6300001        -6.33785575E-08
  -13.5000000        -6.59065336E-08
  -13.3699999        -6.85302908E-08
  -13.2399998        -7.12532611E-08
  -13.1099997        -7.40773132E-08
  -12.9799995        -7.70027739E-08
  -12.8500004        -8.00284710E-08
  -12.7200003        -8.31519813E-08
  -12.5900002        -8.63699299E-08
  -12.4600000        -8.96784087E-08
  -12.3299999        -9.30734174E-08
  -12.1999998        -9.65513109E-08
  -12.0699997        -1.00109197E-07
  -11.9399996        -1.03745251E-07
  -11.8100004        -1.07458959E-07
  -11.6800003        -1.11251190E-07
  -11.5500002        -1.15124230E-07
  -11.4200001        -1.19081591E-07
  -11.2900000        -1.23127791E-07
  -11.1599998        -1.27267981E-07
  -11.0299997        -1.31507619E-07
  -10.8999996        -1.35852005E-07
  -10.7700005        -1.40305858E-07
  -10.6400003        -1.44872971E-07
  -10.5100002        -1.49555888E-07
  -10.3800001        -1.54355618E-07
  -10.2500000        -1.59271607E-07
  -10.1199999        -1.64301767E-07
  -9.98999977        -1.69442501E-07
  -9.85999966        -1.74689077E-07
  -9.72999954        -1.80035869E-07
  -9.60000038        -1.85476864E-07
  -9.47000027        -1.91006080E-07
  -9.34000015        -1.96617890E-07
  -9.21000004        -2.02307589E-07
  -9.07999992        -2.08071555E-07
  -8.94999981        -2.13907398E-07
  -8.81999969        -2.19814169E-07
  -8.68999958        -2.25792093E-07
  -8.56000042        -2.31842407E-07
  -8.43000031        -2.37967114E-07
  -8.30000019        -2.44168518E-07
  -8.17000008        -2.50448750E-07
  -8.03999996        -2.56809528E-07
  -7.90999985        -2.63251536E-07
  -7.78000021        -2.69774205E-07
  -7.65000010        -2.76375715E-07
  -7.51999998        -2.83052572E-07
  -7.38999987        -2.89799885E-07
  -7.26000023        -2.96611404E-07
  -7.13000011        -3.03479794E-07
  -7.00000000        -3.10397070E-07
  -6.86999989        -3.17354875E-07
  -6.73999977        -3.24344825E-07
  -6.61000013        -3.31359132E-07
  -6.48000002        -3.38390691E-07
  -6.34999990        -3.45433477E-07
  -6.21999979        -3.52482516E-07
  -6.09000015        -3.59534113E-07
  -5.96000004        -3.66585567E-07
  -5.82999992        -3.73634975E-07
  -5.69999981        -3.80680717E-07
  -5.57000017        -3.87721059E-07
  -5.44000006        -3.94753783E-07
  -5.30999994        -4.01775367E-07
  -5.17999983        -4.08780778E-07
  -5.05000019        -4.15763196E-07
  -4.92000008        -4.22713526E-07
  -4.78999996        -4.29620599E-07
  -4.65999985        -4.36471055E-07
  -4.53000021        -4.43249860E-07
  -4.40000010        -4.49940728E-07
  -4.26999998        -4.56526521E-07
  -4.13999987        -4.62990073E-07
  -4.01000023        -4.69314529E-07
  -3.88000011        -4.75484256E-07
  -3.75000000        -4.81485131E-07
  -3.61999989        -4.87304931E-07
  -3.49000001        -4.92933736E-07
  -3.35999990        -4.98363590E-07
  -3.23000002        -5.03588637E-07
  -3.09999990        -5.08604671E-07
  -2.97000003        -5.13408622E-07
  -2.83999991        -5.17997989E-07
  -2.71000004        -5.22370101E-07
  -2.57999992        -5.26521262E-07
  -2.45000005        -5.30446414E-07
  -2.31999993        -5.34138223E-07
  -2.19000006        -5.37586914E-07
  -2.05999994        -5.40779979E-07
  -1.92999995        -5.43701788E-07
  -1.79999995        -5.46334263E-07
  -1.66999996        -5.48657056E-07
  -1.53999996        -5.50648167E-07
  -1.40999997        -5.52284860E-07
  -1.27999997        -5.53544226E-07
  -1.14999998        -5.54404153E-07
  -1.01999998        -5.54844405E-07
 -0.889999986        -5.54846679E-07
 -0.759999990        -5.54395911E-07
 -0.629999995        -5.53479936E-07
 -0.500000000        -5.52089546E-07
 -0.370000005        -5.50218772E-07
 -0.239999995        -5.47863920E-07
 -0.109999999        -5.45023283E-07
   1.99999996E-02    -5.41696352E-07
  0.150000006        -5.37882556E-07
  0.280000001        -5.33581044E-07
  0.409999996        -5.28789144E-07
  0.540000021        -5.23502365E-07
  0.670000017        -5.17713374E-07
  0.800000012        -5.11411884E-07
  0.930000007        -5.04584534E-07
   1.05999994        -4.97214955E-07
   1.19000006        -4.89284162E-07
   1.32000005        -4.80771462E-07
   1.45000005        -4.71654658E-07
   1.58000004        -4.61911185E-07
   1.71000004        -4.51519270E-07
   1.84000003        -4.40458194E-07
   1.97000003        -4.28709768E-07
   2.09999990        -4.16258359E-07
   2.23000002        -4.03091462E-07
   2.35999990        -3.89199869E-07
   2.49000001        -3.74577525E-07
   2.61999989        -3.59221161E-07
   2.75000000        -3.43129983E-07
   2.88000011        -3.26304416E-07
   3.00999999        -3.08745882E-07
   3.14000010        -2.90455802E-07
   3.26999998        -2.71434772E-07
   3.40000010        -2.51681627E-07
   3.52999997        -2.31193624E-07
   3.66000009        -2.09965663E-07
   3.78999996        -1.87990238E-07
   3.92000008        -1.65257546E-07
   4.05000019        -1.41756146E-07
   4.17999983        -1.17472936E-07
   4.30999994        -9.23941457E-08
   4.44000006        -6.65058622E-08
   4.57000017        -3.97947559E-08
   4.69999981        -1.22489459E-08
   4.82999992         1.61418932E-08
   4.96000004         4.53854696E-08
   5.09000015         7.54871010E-08
   5.21999979         1.06449413E-07
   5.34999990         1.38272469E-07
   5.48000002         1.70954252E-07
   5.61000013         2.04491059E-07
   5.73999977         2.38878215E-07
   5.86999989         2.74110675E-07
   6.00000000         3.10183765E-07
   6.13000011         3.47093703E-07
   6.26000023         3.84838557E-07
   6.38999987         4.23417873E-07
   6.51999998         4.62833725E-07
   6.65000010         5.03089950E-07
   6.78000021         5.44192517E-07
   6.90999985         5.86148758E-07
   7.03999996         6.28967086E-07
   7.17000008         6.72656199E-07
   7.30000019         7.17224623E-07
   7.42999983         7.62679917E-07
   7.55999994         8.09028336E-07
   7.69000006         8.56273914E-07
   7.82000017         9.04418869E-07
   7.94999981         9.53462973E-07
   8.07999992         1.00340355E-06
   8.21000004         1.05423612E-06
   8.34000015         1.10595397E-06
   8.47000027         1.15854948E-06
   8.60000038         1.21201367E-06
   8.72999954         1.26633768E-06
   8.85999966         1.32151263E-06
   8.98999977         1.37753034E-06
   9.11999989         1.43438331E-06
   9.25000000         1.49206517E-06
   9.38000011         1.55057057E-06
   9.51000023         1.60989532E-06
   9.64000034         1.67003543E-06
   9.77000046         1.73098726E-06
   9.89999962         1.79274582E-06
   10.0299997         1.85530575E-06
   10.1599998         1.91865956E-06
   10.2900000         1.98279736E-06
   10.4200001         2.04770618E-06
   10.5500002         2.11336987E-06
   10.6800003         2.17976867E-06
   10.8100004         2.24688006E-06
   10.9399996         2.31467766E-06
   11.0699997         2.38313237E-06
   11.1999998         2.45221236E-06
   11.3299999         2.52188352E-06
   11.4600000         2.59211060E-06
   11.5900002         2.66285679E-06
   11.7200003         2.73408409E-06
   11.8500004         2.80575455E-06
   11.9799995         2.87782927E-06
   12.1099997         2.95026894E-06
   12.2399998         3.02303374E-06
   12.3699999         3.09608208E-06
   12.5000000         3.16937144E-06
   12.6300001         3.24285611E-06
   12.7600002         3.31648880E-06
   12.8900003         3.39021790E-06
   13.0200005         3.46398701E-06
   13.1499996         3.53773680E-06
   13.2799997         3.61140201E-06
   13.4099998         3.68491214E-06
   13.5400000         3.75819172E-06
   13.6700001         3.83116048E-06
   13.8000002         3.90373361E-06
   13.9300003         3.97582244E-06
   14.0600004         4.04733419E-06
   14.1899996         4.11817473E-06
   14.3199997         4.18824720E-06
   14.4499998         4.25745293E-06
   14.5799999         4.32569323E-06
   14.7100000         4.39286896E-06
   14.8400002         4.45888008E-06
   14.9700003         4.52362474E-06
   15.1000004         4.58700333E-06
   15.2299995         4.64891173E-06
   15.3599997         4.70924579E-06
   15.4899998         4.76789955E-06
   15.6199999         4.82476207E-06
   15.7500000         4.87972011E-06
   15.8800001         4.93265497E-06
   16.0100002         4.98344343E-06
   16.1399994         5.03195724E-06
   16.2700005         5.07806317E-06
   16.3999996         5.12162296E-06
   16.5300007         5.16249293E-06
   16.6599998         5.20052663E-06
   16.7900009         5.23557264E-06
   16.9200001         5.26747772E-06
   17.0499992         5.29608587E-06
   17.1800003         5.32124159E-06
   17.3099995         5.34278661E-06
   17.4400005         5.36056541E-06
   17.5699997         5.37442020E-06
   17.7000008         5.38419545E-06
   17.8299999         5.38973609E-06
   17.9599991         5.39088660E-06
   18.0900002         5.38749100E-06
   18.2199993         5.37939377E-06
   18.3500004         5.36643438E-06
   18.4799995         5.34845367E-06
   18.6100006         5.32528702E-06
   18.7399998         5.29676845E-06
   18.8700008         5.26272470E-06
   19.0000000         5.22298342E-06
   19.1299992         5.17736362E-06
   19.2600002         5.12568568E-06
   19.3899994         5.06776450E-06
   19.5200005         5.00341457E-06
   19.6499996         4.93244943E-06
   19.7800007         4.85468308E-06
   19.9099998         4.76993000E-06
   20.0400009         4.67801010E-06
   20.1700001         4.57874603E-06
   20.2999992         4.47196362E-06
   20.4300003         4.35749416E-06
   20.5599995         4.23517440E-06
   20.6900005         4.10484790E-06
   20.8199997         3.96636051E-06
   20.9500008         3.81956670E-06
   21.0799999         3.66432300E-06
   21.2099991         3.50049027E-06
   21.3400002         3.32793365E-06
   21.4699993         3.14651902E-06
   21.6000004         2.95611653E-06
   21.7299995         2.75659636E-06
   21.8600006         2.54783345E-06
   21.9899998         2.32970388E-06
   22.1200008         2.10208759E-06
   22.2500000         1.86486716E-06
   22.3799992         1.61793264E-06
   22.5100002         1.36117717E-06
   22.6399994         1.09450230E-06
   22.7700005         8.17819114E-07
   22.8999996         5.31046567E-07
   23.0300007         2.34114665E-07
   23.1599998        -7.30350180E-08
   23.2900009        -3.90448236E-07
   23.4200001        -7.18162596E-07
   23.5499992        -1.05620074E-06
   23.6800003        -1.40457621E-06
   23.8099995        -1.76328967E-06
   23.9400005        -2.13233511E-06
   24.0699997        -2.51169286E-06
   24.2000008        -2.90133676E-06
   24.3299999        -3.30123180E-06
   24.4599991        -3.71133524E-06
   24.5900002        -4.13159978E-06
   24.7199993        -4.56196676E-06
   24.8500004        -5.00237547E-06
   24.9799995        -5.45275316E-06
   25.1100006        -5.91301796E-06
   25.2399998        -6.38308347E-06
   25.3700008        -6.86285057E-06
   25.5000000        -7.35220829E-06
   25.6299992        -7.85103475E-06
   25.7600002        -8.35919855E-06
   25.8899994        -8.87654824E-06
   26.0200005        -9.40292466E-06
   26.1499996        -9.93815229E-06
   26.2800007        -1.04820447E-05
   26.4099998        -1.10343999E-05
   26.5400009        -1.15950043E-05
   26.6700001        -1.21636340E-05
   26.7999992        -1.27400544E-05
   26.9300003        -1.33240192E-05
   27.0599995        -1.39152762E-05
   27.1900005        -1.45135600E-05
   27.3199997        -1.51186032E-05
   27.4500008        -1.57301274E-05
   27.5799999        -1.63478471E-05
   27.7099991        -1.69714731E-05
   27.8400002        -1.76007052E-05
   27.9699993        -1.82352342E-05
   28.1000004        -1.88747454E-05
   28.2299995        -1.95189150E-05
   28.3600006        -2.01674084E-05
   28.4899998        -2.08198744E-05
   28.6200008        -2.14759621E-05
   28.7500000        -2.21352966E-05
   28.8799992        -2.27975088E-05
   29.0100002        -2.34622021E-05
   29.1399994        -2.41289817E-05
   29.2700005        -2.47974403E-05
   29.3999996        -2.54671595E-05
   29.5300007        -2.61377136E-05
   29.6599998        -2.68086787E-05
   29.7900009        -2.74796184E-05
   29.9200001        -2.81500998E-05
   30.0499992        -2.88196861E-05
   30.1800003        -2.94879337E-05
   30.3099995        -3.01544060E-05
   30.4400005        -3.08186573E-05
   30.5699997        -3.14802455E-05
   30.7000008        -3.21387270E-05
   30.8299999        -3.27936614E-05
   30.9599991        -3.34445976E-05
   31.0900002        -3.40910883E-05
   31.2199993        -3.47326786E-05
   31.3500004        -3.53689247E-05
   31.4799995        -3.59993610E-05
   31.6100006        -3.66235327E-05
   31.7399998        -3.72409850E-05
   31.8700008        -3.78512486E-05
   32.0000000        -3.84538616E-05
   32.1300011        -3.90483692E-05
   32.2599983        -3.96343094E-05
   32.3899994        -4.02112200E-05
   32.5200005        -4.07786574E-05
   32.6500015        -4.13361704E-05
   32.7799988        -4.18833188E-05
   32.9099998        -4.24196733E-05
   33.0400009        -4.29448082E-05
   33.1699982        -4.34583126E-05
   33.2999992        -4.39597788E-05
   33.4300003        -4.44487960E-05
   33.5600014        -4.49249892E-05
   33.6899986        -4.53879657E-05
   33.8199997        -4.58373543E-05
   33.9500008        -4.62727803E-05
   34.0800018        -4.66938909E-05
   34.2099991        -4.71003223E-05
   34.3400002        -4.74917324E-05
   34.4700012        -4.78677757E-05
   34.5999985        -4.82281139E-05
   34.7299995        -4.85724267E-05
   34.8600006        -4.89003905E-05
   34.9900017        -4.92116960E-05
   35.1199989        -4.95060485E-05
   35.2500000        -4.97831643E-05
   35.3800011        -5.00427705E-05
   35.5099983        -5.02846087E-05
   35.6399994        -5.05084281E-05
   35.7700005        -5.07140103E-05
   35.9000015        -5.09011297E-05
   36.0299988        -5.10695936E-05
   36.1599998        -5.12192164E-05
   36.2900009        -5.13498344E-05
   36.4199982        -5.14612802E-05
   36.5499992        -5.15534193E-05
   36.6800003        -5.16261098E-05
   36.8100014        -5.16792352E-05
   36.9399986        -5.17126864E-05
   37.0699997        -5.17263652E-05
   37.2000008        -5.17201734E-05
   37.3300018        -5.16940454E-05
   37.4599991        -5.16479122E-05
   37.5900002        -5.15817119E-05
   37.7200012        -5.14954118E-05
   37.8499985        -5.13889754E-05
   37.9799995        -5.12623883E-05
   38.1100006        -5.11156613E-05
   38.2400017        -5.09488018E-05
   38.3699989        -5.07618533E-05
   38.5000000        -5.05548705E-05
   38.6300011        -5.03279225E-05
   38.7599983        -5.00810966E-05
   38.8899994        -4.98144946E-05
   39.0200005        -4.95282402E-05
   39.1500015        -4.92224644E-05
   39.2799988        -4.88973237E-05
   39.4099998        -4.85529818E-05
   39.5400009        -4.81896132E-05
   39.6699982        -4.78073925E-05
   39.7999992        -4.74065237E-05
   39.9300003        -4.69872139E-05
   40.0600014        -4.65496742E-05
   40.1899986        -4.60941228E-05
   40.3199997        -4.56207963E-05
   40.4500008        -4.51299384E-05
   40.5800018        -4.46218000E-05
   40.7099991        -4.40966360E-05
   40.8400002        -4.35547336E-05
   40.9700012        -4.29963766E-05
   41.0999985        -4.24218597E-05
   41.2299995        -4.18315067E-05
   41.3600006        -4.12256450E-05
   41.4900017        -4.06046129E-05
   41.6199989        -3.99687779E-05
   41.7500000        -3.93184964E-05
   41.8800011        -3.86541615E-05
   42.0099983        -3.79761477E-05
   42.1399994        -3.72848626E-05
   42.2700005        -3.65807100E-05
   42.4000015        -3.58640973E-05
   42.5299988        -3.51354429E-05
   42.6599998        -3.43951651E-05
   42.7900009        -3.36436860E-05
   42.9199982        -3.28814349E-05
   43.0499992        -3.21088410E-05
   43.1800003        -3.13263372E-05
   43.3100014        -3.05343638E-05
   43.4399986        -2.97333609E-05
   43.5699997        -2.89237760E-05
   43.7000008        -2.81060620E-05
   43.8300018        -2.72806774E-05
   43.9599991        -2.64480841E-05
   44.0900002        -2.56087624E-05
   44.2200012        -2.47631851E-05
   44.3499985        -2.39118399E-05
   44.4799995        -2.30552123E-05
   44.6100006        -2.21938026E-05
   44.7400017        -2.13281055E-05
   44.8699989        -2.04586158E-05
   45.0000000        -1.95858393E-05
   45.1300011        -1.87102687E-05
   45.2599983        -1.78324026E-05
   45.3899994        -1.69527320E-05
   45.5200005        -1.60717409E-05
   45.6500015        -1.51899194E-05
   45.7799988        -1.43077432E-05
   45.9099998        -1.34256807E-05
   46.0400009        -1.25442057E-05
   46.1699982        -1.16637812E-05
   46.2999992        -1.07848673E-05
   46.4300003        -9.90792250E-06
   46.5600014        -9.03340333E-06
   46.6899986        -8.16176362E-06
   46.8199997        -7.29345629E-06
   46.9500008        -6.42893428E-06
   47.0800018        -5.56864825E-06
   47.2099991        -4.71304747E-06
   47.3400002        -3.86257625E-06
   47.4700012        -3.01767841E-06
   47.5999985        -2.17879028E-06
   47.7299995        -1.34634183E-06
   47.8600006        -5.20758476E-07
   47.9900017         2.97546734E-07
   48.1199989         1.10816961E-06
   48.2500000         1.91071786E-06
   48.3800011         2.70480973E-06
   48.5099983         3.49007632E-06
   48.6399994         4.26615998E-06
   48.7700005         5.03271531E-06
   48.9000015         5.78940853E-06
   49.0299988         6.53591496E-06
   49.1599998         7.27192037E-06
   49.2900009         7.99711870E-06
   49.4199982         8.71121301E-06
   49.5499992         9.41391227E-06
   49.6800003         1.01049354E-05
   49.8100014         1.07840042E-05
   49.9399986         1.14508503E-05
   50.0699997         1.21052144E-05
   50.2000008         1.27468429E-05
   50.3300018         1.33754920E-05
   50.4599991         1.39909307E-05
   50.5900002         1.45929389E-05
   50.7200012         1.51813074E-05
   50.8499985         1.57558425E-05
   50.9799995         1.63163659E-05
   51.1100006         1.68627139E-05
   51.2400017         1.73947374E-05
   51.3699989         1.79123035E-05
   51.5000000         1.84152941E-05
   51.6300011         1.89036018E-05
   51.7599983         1.93771393E-05
   51.8899994         1.98358248E-05
   52.0200005         2.02795909E-05
   52.1500015         2.07083758E-05
   52.2799988         2.11221304E-05
   52.4099998         2.15208111E-05
   52.5400009         2.19043814E-05
   52.6699982         2.22728158E-05
   52.7999992         2.26260872E-05
   52.9300003         2.29641864E-05
   53.0600014         2.32871043E-05
   53.1899986         2.35948446E-05
   53.3199997         2.38874200E-05
   53.4500008         2.41648559E-05
   53.5800018         2.44271869E-05
   53.7099991         2.46744603E-05
   53.8400002         2.49067361E-05
   53.9700012         2.51240872E-05
   54.0999985         2.53266007E-05
   54.2299995         2.55143732E-05
   54.3600006         2.56875101E-05
   54.4900017         2.58461332E-05
   54.6199989         2.59903682E-05
   54.7500000         2.61203459E-05
   54.8800011         2.62362100E-05
   55.0099983         2.63381025E-05
   55.1399994         2.64261726E-05
   55.2700005         2.65005729E-05
   55.4000015         2.65614563E-05
   55.5299988         2.66089792E-05
   55.6599998         2.66432999E-05
   55.7900009         2.66645802E-05
   55.9199982         2.66729876E-05
   56.0499992         2.66686948E-05
   56.1800003         2.66518746E-05
   56.3100014         2.66227107E-05
   56.4399986         2.65813978E-05
   56.5699997         2.65281305E-05
   56.7000008         2.64631126E-05
   56.8300018         2.63865604E-05
   56.9599991         2.62986869E-05
   57.0900002         2.61997175E-05
   57.2200012         2.60898796E-05
   57.3499985         2.59694025E-05
   57.4799995         2.58385171E-05
   57.6100006         2.56974527E-05
   57.7400017         2.55464402E-05
   57.8699989         2.53857033E-05
   58.0000000         2.52154659E-05
   58.1300011         2.50359426E-05
   58.2599983         2.48473461E-05
   58.3899994         2.46498839E-05
   58.5200005         2.44437597E-05
   58.6500015         2.42291771E-05
   58.7799988         2.40063291E-05
   58.9099998         2.37754157E-05
   59.0400009         2.35366279E-05
   59.1699982         2.32901621E-05
   59.2999992         2.30362184E-05
   59.4300003         2.27749933E-05
   59.5600014         2.25066815E-05
   59.6899986         2.22314866E-05
   59.8199997         2.19496069E-05
   59.9500008         2.16612389E-05
   60.0800018         2.13665826E-05
   60.2099991         2.10658272E-05
   60.3400002         2.07591638E-05
   60.4700012         2.04467724E-05
   60.5999985         2.01288258E-05
   60.7299995         1.98054913E-05
   60.8600006         1.94769273E-05
   60.9900017         1.91432828E-05
   61.1199989         1.88046961E-05
   61.2500000         1.84613000E-05
   61.3800011         1.81132218E-05
   61.5099983         1.77605816E-05
   61.6399994         1.74034940E-05
   61.7700005         1.70420735E-05
   61.9000015         1.66764294E-05
   62.0299988         1.63066725E-05
   62.1599998         1.59329120E-05
   62.2900009         1.55552643E-05
   62.4199982         1.51738359E-05
   62.5499992         1.47887440E-05
   62.6800003         1.44000996E-05
   62.8100014         1.40080147E-05
   62.9399986         1.36125991E-05
   63.0699997         1.32139603E-05
   63.2000008         1.28122010E-05
   63.3300018         1.24074195E-05
   63.4599991         1.19997085E-05
   63.5900002         1.15891526E-05
   63.7200012         1.11758327E-05
   63.8499985         1.07598216E-05
   63.9799995         1.03411876E-05
   64.1100006         9.91999423E-06
   64.2399979         9.49630248E-06
   64.3700027         9.07017056E-06
   64.5000000         8.64165850E-06
   64.6299973         8.21082449E-06
   64.7600021         7.77772948E-06
   64.8899994         7.34243895E-06
   65.0199966         6.90501975E-06
   65.1500015         6.46554463E-06
   65.2799988         6.02408818E-06
   65.4100037         5.58072907E-06
   65.5400009         5.13554869E-06
   65.6699982         4.68863027E-06
   65.8000031         4.24005520E-06
   65.9300003         3.78990694E-06
   66.0599976         3.33826551E-06
   66.1900024         2.88521028E-06
   66.3199997         2.43081695E-06
   66.4499969         1.97515737E-06
   66.5800018         1.51830261E-06
   66.7099991         1.06032132E-06
   66.8399963         6.01279112E-07
   66.9700012         1.41243945E-07
   67.0999985        -3.19714388E-07
   67.2300034        -7.81524591E-07
   67.3600006        -1.24410963E-06
   67.4899979        -1.70738781E-06
   67.6200027        -2.17126785E-06
   67.7500000        -2.63565244E-06
   67.8799973        -3.10043629E-06
   68.0100021        -3.56550618E-06
   68.1399994        -4.03073955E-06
   68.2699966        -4.49600884E-06
   68.4000015        -4.96118128E-06
   68.5299988        -5.42611997E-06
   68.6600037        -5.89068304E-06
   68.7900009        -6.35472634E-06
   68.9199982        -6.81810843E-06
   69.0500031        -7.28068335E-06
   69.1800003        -7.74230830E-06
   69.3099976        -8.20284004E-06
   69.4400024        -8.66213395E-06
   69.5699997        -9.12004634E-06
   69.6999969        -9.57643351E-06
   69.8300018        -1.00311472E-05
   69.9599991        -1.04840365E-05
   70.0899963        -1.09349430E-05
   70.2200012        -1.13837032E-05
   70.3499985        -1.18301459E-05
   70.4800034        -1.22740912E-05
   70.6100006        -1.27153507E-05
   70.7399979        -1.31537299E-05
   70.8700027        -1.35890214E-05
   71.0000000        -1.40210159E-05
   71.1299973        -1.44494952E-05
   71.2600021        -1.48742392E-05
   71.3899994        -1.52950252E-05
   71.5199966        -1.57116301E-05
   71.6500015        -1.61238331E-05
   71.7799988        -1.65314141E-05
   71.9100037        -1.69341583E-05
   72.0400009        -1.73318549E-05
   72.1699982        -1.77242964E-05
   72.3000031        -1.81112828E-05
   72.4300003        -1.84926121E-05
   72.5599976        -1.88680933E-05
   72.6900024        -1.92375301E-05
   72.8199997        -1.96007277E-05
   72.9499969        -1.99574988E-05
   73.0800018        -2.03076434E-05
   73.2099991        -2.06509631E-05
   73.3399963        -2.09872596E-05
   73.4700012        -2.13163239E-05
   73.5999985        -2.16379540E-05
   73.7300034        -2.19519352E-05
   73.8600006        -2.22580566E-05
   73.9899979        -2.25561089E-05
   74.1200027        -2.28458848E-05
   74.2500000        -2.31271752E-05
   74.3799973        -2.33997798E-05
   74.5100021        -2.36635078E-05
   74.6399994        -2.39181736E-05
   74.7699966        -2.41636026E-05
   74.9000015        -2.43996292E-05
   75.0299988        -2.46260934E-05
   75.1600037        -2.48428532E-05
   75.2900009        -2.50497706E-05
   75.4199982        -2.52467107E-05
   75.5500031        -2.54335519E-05
   75.6800003        -2.56101739E-05
   75.8099976        -2.57764605E-05
   75.9400024        -2.59322987E-05
   76.0699997        -2.60775778E-05
   76.1999969        -2.62121866E-05
   76.3300018        -2.63360180E-05
   76.4599991        -2.64489645E-05
   76.5899963        -2.65509188E-05
   76.7200012        -2.66417810E-05
   76.8499985        -2.67214546E-05
   76.9800034        -2.67898486E-05
   77.1100006        -2.68468793E-05
   77.2399979        -2.68924723E-05
   77.3700027        -2.69265656E-05
   77.5000000        -2.69491065E-05
   77.6299973        -2.69600532E-05
   77.7600021        -2.69593802E-05
   77.8899994        -2.69470638E-05
   78.0199966        -2.69231023E-05
   78.1500015        -2.68874992E-05
   78.2799988        -2.68402637E-05
   78.4100037        -2.67814157E-05
   78.5400009        -2.67109808E-05
   78.6699982        -2.66289881E-05
   78.8000031        -2.65354684E-05
   78.9300003        -2.64304563E-05
   79.0599976        -2.63139918E-05
   79.1900024        -2.61861132E-05
   79.3199997        -2.60468641E-05
   79.4499969        -2.58962937E-05
   79.5800018        -2.57344509E-05
   79.7099991        -2.55613959E-05
   79.8399963        -2.53771941E-05
   79.9700012        -2.51819165E-05
   80.0999985        -2.49756504E-05
   80.2300034        -2.47584921E-05
   80.3600006        -2.45305473E-05
   80.4899979        -2.42919323E-05
   80.6200027        -2.40427762E-05
   80.7500000        -2.37832173E-05
   80.8799973        -2.35134048E-05
   81.0100021        -2.32334933E-05
   81.1399994        -2.29436464E-05
   81.2699966        -2.26440334E-05
   81.4000015        -2.23348252E-05
   81.5299988        -2.20161965E-05
   81.6600037        -2.16883218E-05
   81.7900009        -2.13513795E-05
   81.9199982        -2.10055478E-05
   82.0500031        -2.06510031E-05
   82.1800003        -2.02879310E-05
   82.3099976        -1.99165133E-05
   82.4400024        -1.95369357E-05
   82.5699997        -1.91493928E-05
   82.6999969        -1.87540845E-05
   82.8300018        -1.83512147E-05
   82.9599991        -1.79409999E-05
   83.0899963        -1.75236582E-05
   83.2200012        -1.70994226E-05
   83.3499985        -1.66685313E-05
   83.4800034        -1.62312299E-05
   83.6100006        -1.57877694E-05
   83.7399979        -1.53384080E-05
   83.8700027        -1.48834015E-05
   84.0000000        -1.44230116E-05
   84.1299973        -1.39574986E-05
   84.2600021        -1.34871225E-05
   84.3899994        -1.30121407E-05
   84.5199966        -1.25328070E-05
   84.6500015        -1.20493714E-05
   84.7799988        -1.15620815E-05
   84.9100037        -1.10711835E-05
   85.0400009        -1.05769213E-05
   85.1699982        -1.00795387E-05
   85.3000031        -9.57928114E-06
   85.4300003        -9.07639696E-06
   85.5599976        -8.57113719E-06
   85.6900024        -8.06375829E-06
   85.8199997        -7.55452311E-06
   85.9499969        -7.04369813E-06
   86.0800018        -6.53155712E-06
   86.2099991        -6.01837701E-06
   86.3399963        -5.50443883E-06
   86.4700012        -4.99002863E-06
   86.5999985        -4.47542971E-06
   86.7300034        -3.96092537E-06
   86.8600006        -3.44679688E-06
   86.9899979        -2.93332096E-06
   87.1200027        -2.42076999E-06
   87.2500000        -1.90940864E-06
   87.3799973        -1.39949725E-06
   87.5100021        -8.91289403E-07
   87.6399994        -3.85033815E-07
   87.7699966         1.19026623E-07
   87.9000015         6.20649701E-07
   88.0299988         1.11959480E-06
   88.1600037         1.61562355E-06
   88.2900009         2.10849385E-06
   88.4199982         2.59796184E-06
   88.5500031         3.08378048E-06
   88.6800003         3.56569808E-06
   88.8099976         4.04346065E-06
   88.9400024         4.51680899E-06
   89.0699997         4.98548297E-06
   89.1999969         5.44922250E-06
   89.3300018         5.90776790E-06
   89.4599991         6.36086179E-06
   89.5899963         6.80825315E-06
   89.7200012         7.24969686E-06
   89.8499985         7.68495465E-06
   89.9800034         8.11379959E-06
   90.1100006         8.53601432E-06
   90.2399979         8.95139056E-06
   90.3700027         9.35973185E-06
   90.5000000         9.76084721E-06
   90.6299973         1.01545565E-05
   90.7600021         1.05406834E-05
   90.8899994         1.09190578E-05
   91.0199966         1.12895104E-05
   91.1500015         1.16518740E-05
   91.2799988         1.20059822E-05
   91.4100037         1.23516666E-05
   91.5400009         1.26887580E-05
   91.6699982         1.30170874E-05
   91.8000031         1.33364847E-05
   91.9300003         1.36467825E-05
   92.0599976         1.39478143E-05
   92.1900024         1.42394174E-05
   92.3199997         1.45214353E-05
   92.4499969         1.47937217E-05
   92.5800018         1.50561373E-05
   92.7099991         1.53085548E-05
   92.8399963         1.55508587E-05
   92.9700012         1.57829418E-05
   93.0999985         1.60047166E-05
   93.2300034         1.62160977E-05
   93.3600006         1.64170124E-05
   93.4899979         1.66074005E-05
   93.6200027         1.67872058E-05
   93.7500000         1.69563755E-05
   93.8799973         1.71148604E-05
   94.0100021         1.72626133E-05
   94.1399994         1.73995886E-05
   94.2699966         1.75257392E-05
   94.4000015         1.76410158E-05
   94.5299988         1.77453694E-05
   94.6600037         1.78387545E-05
   94.7900009         1.79211238E-05
   94.9199982         1.79924355E-05
   95.0500031         1.80526513E-05
   95.1800003         1.81017385E-05
   95.3099976         1.81396772E-05
   95.4400024         1.81664527E-05
   95.5699997         1.81820633E-05
   95.6999969         1.81865180E-05
   95.8300018         1.81798350E-05
   95.9599991         1.81620489E-05
   96.0899963         1.81331980E-05
   96.2200012         1.80933312E-05
   96.3499985         1.80425068E-05
   96.4800034         1.79807848E-05
   96.6100006         1.79082326E-05
   96.7399979         1.78249138E-05
   96.8700027         1.77308975E-05
   97.0000000         1.76262492E-05
   97.1299973         1.75110363E-05
   97.2600021         1.73853241E-05
   97.3899994         1.72491800E-05
   97.5199966         1.71026641E-05
   97.6500015         1.69458472E-05
   97.7799988         1.67788003E-05
   97.9100037         1.66016016E-05
   98.0400009         1.64143330E-05
   98.1699982         1.62170909E-05
   98.3000031         1.60099717E-05
   98.4300003         1.57930899E-05
   98.5599976         1.55665675E-05
   98.6900024         1.53305391E-05
   98.8199997         1.50851447E-05
   98.9499969         1.48305353E-05
   99.0800018         1.45668655E-05
   99.2099991         1.42942972E-05
   99.3399963         1.40129951E-05
   99.4700012         1.37231227E-05
   99.5999985         1.34248439E-05
   99.7300034         1.31183215E-05
   99.8600006         1.28037191E-05
   99.9899979         1.24811922E-05
   100.120003         1.21508974E-05
   100.250000         1.18129874E-05
   100.379997         1.14676186E-05
   100.510002         1.11149420E-05
   100.639999         1.07551168E-05
   100.769997         1.03883012E-05
   100.900002         1.00146626E-05
   101.029999         9.63437287E-06
   101.160004         9.24761116E-06
   101.290001         8.85456757E-06
   101.419998         8.45543491E-06
   101.550003         8.05041691E-06
   101.680000         7.63972093E-06
   101.809998         7.22356344E-06
   101.940002         6.80215771E-06
   102.070000         6.37572248E-06
   102.199997         5.94447420E-06
   102.330002         5.50862887E-06
   102.459999         5.06839842E-06
   102.589996         4.62399203E-06
   102.720001         4.17561296E-06
   102.849998         3.72346335E-06
   102.980003         3.26774011E-06
   103.110001         2.80864037E-06
   103.239998         2.34635854E-06
   103.370003         1.88109163E-06
   103.500000         1.41304042E-06
   103.629997         9.42409883E-07
   103.760002         4.69410480E-07
   103.889999        -5.74089087E-09
   104.019997        -4.82817484E-07
   104.150002        -9.61587830E-07
   104.279999        -1.44181172E-06
   104.410004        -1.92324342E-06
   104.540001        -2.40563168E-06
   104.669998        -2.88872297E-06
   104.800003        -3.37226425E-06
   104.930000        -3.85600060E-06
   105.059998        -4.33968171E-06
   105.190002        -4.82305950E-06
   105.320000        -5.30589296E-06
   105.449997        -5.78794652E-06
   105.580002        -6.26899009E-06
   105.709999        -6.74879857E-06
   105.839996        -7.22715231E-06
   105.970001        -7.70383303E-06
   106.099998        -8.17862565E-06
   106.230003        -8.65131460E-06
   106.360001        -9.12168161E-06
   106.489998        -9.58950386E-06
   106.620003        -1.00545576E-05
   106.750000        -1.05166091E-05
   106.879997        -1.09754246E-05
   107.010002        -1.14307622E-05
   107.139999        -1.18823755E-05
   107.269997        -1.23300188E-05
   107.400002        -1.27734456E-05
   107.529999        -1.32124069E-05
   107.660004        -1.36466606E-05
   107.790001        -1.40759666E-05
   107.919998        -1.45000968E-05
   108.050003        -1.49188263E-05
   108.180000        -1.53319415E-05
   108.309998        -1.57392387E-05
   108.440002        -1.61405205E-05
   108.570000        -1.65356032E-05
   108.699997        -1.69243012E-05
   108.830002        -1.73064382E-05
   108.959999        -1.76818448E-05
   109.089996        -1.80503448E-05
   109.220001        -1.84117671E-05
   109.349998        -1.87659352E-05
   109.480003        -1.91126710E-05
   109.610001        -1.94517906E-05
   109.739998        -1.97831087E-05
   109.870003        -2.01064358E-05
   110.000000        -2.04215830E-05
   110.129997        -2.07283556E-05
   110.260002        -2.10265680E-05
   110.389999        -2.13160329E-05
   110.519997        -2.15965756E-05
   110.650002        -2.18680270E-05
   110.779999        -2.21302289E-05
   110.910004        -2.23830339E-05
   111.040001        -2.26263073E-05
   111.169998        -2.28599256E-05
   111.300003        -2.30837759E-05
   111.430000        -2.32977582E-05
   111.559998        -2.35017778E-05
   111.690002        -2.36957512E-05
   111.820000        -2.38795928E-05
   111.949997        -2.40532245E-05
   112.080002        -2.42165679E-05
   112.209999        -2.43695467E-05
   112.339996        -2.45120737E-05
   112.470001        -2.46440723E-05
   112.599998        -2.47654552E-05
   112.730003        -2.48761389E-05
   112.860001        -2.49760433E-05
   112.989998        -2.50650901E-05
   113.120003        -2.51432011E-05
   113.250000        -2.52103127E-05
   113.379997        -2.52663685E-05
   113.510002        -2.53113267E-05
   113.639999        -2.53451526E-05
   113.769997        -2.53678299E-05
   113.900002        -2.53793587E-05
   114.029999        -2.53797498E-05
   114.160004        -2.53690250E-05
   114.290001        -2.53472226E-05
   114.419998        -2.53143826E-05
   114.550003        -2.52705613E-05
   114.680000        -2.52158115E-05
   114.809998        -2.51501933E-05
   114.940002        -2.50737667E-05
   115.070000        -2.49865934E-05
   115.199997        -2.48887300E-05
   115.330002        -2.47802345E-05
   115.459999        -2.46611653E-05
   115.589996        -2.45315805E-05
   115.720001        -2.43915383E-05
   115.849998        -2.42411024E-05
   115.980003        -2.40803438E-05
   116.110001        -2.39093388E-05
   116.239998        -2.37281765E-05
   116.370003        -2.35369553E-05
   116.500000        -2.33357823E-05
   116.629997        -2.31247832E-05
   116.760002        -2.29040943E-05
   116.889999        -2.26738575E-05
   117.019997        -2.24342293E-05
   117.150002        -2.21853734E-05
   117.279999        -2.19274552E-05
   117.410004        -2.16606459E-05
   117.540001        -2.13851145E-05
   117.669998        -2.11010301E-05
   117.800003        -2.08085567E-05
   117.930000        -2.05078559E-05
   118.059998        -2.01990824E-05
   118.190002        -1.98823927E-05
   118.320000        -1.95579323E-05
   118.449997        -1.92258485E-05
   118.580002        -1.88862941E-05
   118.709999        -1.85394147E-05
   118.839996        -1.81853666E-05
   118.970001        -1.78243117E-05
   119.099998        -1.74564229E-05
   119.230003        -1.70818766E-05
   119.360001        -1.67008639E-05
   119.489998        -1.63135828E-05
   119.620003        -1.59202446E-05
   119.750000        -1.55210600E-05
   119.879997        -1.51162567E-05
   120.010002        -1.47060573E-05
   120.139999        -1.42906883E-05
   120.269997        -1.38703745E-05
   120.400002        -1.34453367E-05
   120.529999        -1.30157905E-05
   120.660004        -1.25819442E-05
   120.790001        -1.21439989E-05
   120.919998        -1.17021473E-05
   121.050003        -1.12565785E-05
   121.180000        -1.08074755E-05
   121.309998        -1.03550146E-05
   121.440002        -9.89937507E-06
   121.570000        -9.44073690E-06
   121.699997        -8.97928385E-06
   121.830002        -8.51520235E-06
   121.959999        -8.04869069E-06
   122.089996        -7.57995122E-06
   122.220001        -7.10919448E-06
   122.349998        -6.63664014E-06
   122.480003        -6.16251464E-06
   122.610001        -5.68704672E-06
   122.739998        -5.21046968E-06
   122.870003        -4.73301725E-06
   123.000000        -4.25491953E-06
   123.129997        -3.77640276E-06
   123.260002        -3.29768704E-06
   123.389999        -2.81898315E-06
   123.519997        -2.34049435E-06
   123.650002        -1.86241164E-06
   123.779999        -1.38492032E-06
   123.910004        -9.08196398E-07
   124.040001        -4.32409792E-07
   124.169998         4.22730757E-08
   124.300003         5.15686907E-07
   124.430000         9.87665658E-07
   124.559998         1.45803813E-06
   124.690002         1.92663038E-06
   124.820000         2.39326187E-06
   124.949997         2.85774126E-06
   125.080002         3.31987462E-06
   125.209999         3.77945980E-06
   125.339996         4.23628944E-06
   125.470001         4.69015504E-06
   125.599998         5.14084695E-06
   125.730003         5.58815827E-06
   125.860001         6.03188482E-06
   125.989998         6.47183424E-06
   126.120003         6.90782053E-06
   126.250000         7.33966635E-06
   126.379997         7.76720753E-06
   126.510002         8.19029174E-06
   126.639999         8.60877208E-06
   126.769997         9.02251304E-06
   126.900002         9.43138548E-06
   127.029999         9.83526388E-06
   127.160004         1.02340236E-05
   127.290001         1.06275384E-05
   127.419998         1.10156798E-05
   127.550003         1.13983142E-05
   127.680000         1.17753016E-05
   127.809998         1.21464927E-05
   127.940002         1.25117385E-05
   128.070007         1.28708798E-05
   128.199997         1.32237556E-05
   128.330002         1.35702048E-05
   128.460007         1.39100666E-05
   128.589996         1.42431818E-05
   128.720001         1.45694021E-05
   128.850006         1.48885856E-05
   128.979996         1.52005996E-05
   129.110001         1.55053222E-05
   129.240005         1.58026451E-05
   129.369995         1.60924683E-05
   129.500000         1.63746990E-05
   129.630005         1.66492555E-05
   129.759995         1.69160594E-05
   129.889999         1.71750344E-05
   130.020004         1.74261058E-05
   130.149994         1.76691956E-05
   130.279999         1.79042254E-05
   130.410004         1.81311079E-05
   130.539993         1.83497505E-05
   130.669998         1.85600584E-05
   130.800003         1.87619280E-05
   130.929993         1.89552593E-05
   131.059998         1.91399449E-05
   131.190002         1.93158867E-05
   131.320007         1.94829827E-05
   131.449997         1.96411474E-05
   131.580002         1.97903009E-05
   131.710007         1.99303740E-05
   131.839996         2.00613158E-05
   131.970001         2.01830844E-05
   132.100006         2.02956562E-05
   132.229996         2.03990166E-05
   132.360001         2.04931657E-05
   132.490005         2.05781125E-05
   132.619995         2.06538698E-05
   132.750000         2.07204575E-05
   132.880005         2.07778976E-05
   133.009995         2.08262081E-05
   133.139999         2.08654074E-05
   133.270004         2.08955098E-05
   133.399994         2.09165264E-05
   133.529999         2.09284644E-05
   133.660004         2.09313312E-05
   133.789993         2.09251320E-05
   133.919998         2.09098798E-05
   134.050003         2.08855854E-05
   134.179993         2.08522724E-05
   134.309998         2.08099755E-05
   134.440002         2.07587400E-05
   134.570007         2.06986224E-05
   134.699997         2.06297009E-05
   134.830002         2.05520610E-05
   134.960007         2.04658081E-05
   135.089996         2.03710588E-05
   135.220001         2.02679403E-05
   135.350006         2.01565854E-05
   135.479996         2.00371305E-05
   135.610001         1.99097194E-05
   135.740005         1.97744939E-05
   135.869995         1.96315905E-05
   136.000000         1.94811455E-05
   136.130005         1.93232827E-05
   136.259995         1.91581312E-05
   136.389999         1.89858092E-05
   136.520004         1.88064350E-05
   136.649994         1.86201250E-05
   136.779999         1.84269993E-05
   136.910004         1.82271851E-05
   137.039993         1.80208135E-05
   137.169998         1.78080300E-05
   137.300003         1.75889891E-05
   137.429993         1.73638582E-05
   137.559998         1.71328193E-05
   137.690002         1.68960687E-05
   137.820007         1.66538084E-05
   137.949997         1.64062567E-05
   138.080002         1.61536336E-05
   138.210007         1.58961666E-05
   138.339996         1.56340793E-05
   138.470001         1.53675974E-05
   138.600006         1.50969418E-05
   138.729996         1.48223244E-05
   138.860001         1.45439490E-05
   138.990005         1.42620156E-05
   139.119995         1.39767126E-05
   139.250000         1.36882236E-05
   139.380005         1.33967260E-05
   139.509995         1.31023990E-05
   139.639999         1.28054198E-05
   139.770004         1.25059705E-05
   139.899994         1.22042411E-05
   140.029999         1.19004280E-05
   140.160004         1.15947387E-05
   140.289993         1.12873904E-05
   140.419998         1.09786115E-05
   140.550003         1.06686384E-05
   140.679993         1.03577140E-05
   140.809998         1.00460857E-05
   140.940002         9.73400347E-06
   141.070007         9.42171118E-06
   141.199997         9.10944891E-06
   141.330002         8.79744766E-06
   141.460007         8.48592572E-06
   141.589996         8.17509044E-06
   141.720001         7.86513374E-06
   141.850006         7.55623250E-06
   141.979996         7.24855227E-06
   142.110001         6.94224582E-06
   142.240005         6.63745732E-06
   142.369995         6.33432501E-06
   142.500000         6.03298440E-06
   142.630005         5.73357011E-06
   142.759995         5.43621991E-06
   142.889999         5.14107387E-06
   143.020004         4.84828161E-06
   143.149994         4.55799636E-06
   143.279999         4.27037776E-06
   143.410004         3.98558996E-06
   143.539993         3.70379917E-06
   143.669998         3.42517160E-06
   143.800003         3.14986846E-06
   143.929993         2.87804460E-06
   144.059998         2.60984484E-06
   144.190002         2.34540039E-06
   144.320007         2.08482857E-06
   144.449997         1.82823044E-06
   144.580002         1.57569127E-06
   144.710007         1.32728064E-06
   144.839996         1.08305426E-06
   144.970001         8.43057080E-07
   145.100006         6.07325319E-07
   145.229996         3.75889670E-07
   145.360001         1.48778966E-07
   145.490005        -7.39770343E-08
   145.619995        -2.92344708E-07
   145.750000        -5.06286028E-07
   145.880005        -7.15755732E-07
   146.009995        -9.20702860E-07
   146.139999        -1.12107080E-06
   146.270004        -1.31679917E-06
   146.399994        -1.50782660E-06
   146.529999        -1.69409338E-06
   146.660004        -1.87554497E-06
   146.789993        -2.05213496E-06
   146.919998        -2.22382801E-06
   147.050003        -2.39060273E-06
   147.179993        -2.55245277E-06
   147.309998        -2.70938745E-06
   147.440002        -2.86143222E-06
   147.570007        -3.00862689E-06
   147.699997        -3.15102352E-06
   147.830002        -3.28868441E-06
   147.960007        -3.42167800E-06
   148.089996        -3.55007592E-06
   148.220001        -3.67395091E-06
   148.350006        -3.79337143E-06
   148.479996        -3.90840250E-06
   148.610001        -4.01910165E-06
   148.740005        -4.12551981E-06
   148.869995        -4.22770154E-06
   149.000000        -4.32568595E-06
   149.130005        -4.41950988E-06
   149.259995        -4.50920743E-06
   149.389999        -4.59481726E-06
   149.520004        -4.67638165E-06
   149.649994        -4.75395154E-06
   149.779999        -4.82758924E-06
   149.910004        -4.89736794E-06
   150.039993        -4.96337452E-06
   150.169998        -5.02571038E-06
   150.300003        -5.08448647E-06
   150.429993        -5.13982604E-06
   150.559998        -5.19186005E-06
   150.690002        -5.24072175E-06
   150.820007        -5.28654709E-06
   150.949997        -5.32946797E-06
   151.080002        -5.36961306E-06
   151.210007        -5.40709971E-06
   151.339996        -5.44203704E-06
   151.470001        -5.47452237E-06
   151.600006        -5.50463892E-06
   151.729996        -5.53246264E-06
   151.860001        -5.55805900E-06
   151.990005        -5.58148759E-06
   152.119995        -5.60280523E-06
   152.250000        -5.62206696E-06
   152.380005        -5.63933281E-06
   152.509995        -5.65466780E-06
   152.639999        -5.66814469E-06
   152.770004        -5.67984534E-06
   152.899994        -5.68986161E-06
   153.029999        -5.69829672E-06
   153.160004        -5.70525845E-06
   153.289993        -5.71086412E-06
   153.419998        -5.71523333E-06
   153.550003        -5.71848477E-06
   153.679993        -5.72073395E-06
   153.809998        -5.72208910E-06
   153.940002        -5.72265071E-06
   154.070007        -5.72250792E-06
   154.199997        -5.72173531E-06
   154.330002        -5.72039562E-06
   154.460007        -5.71853798E-06
   154.589996        -5.71620194E-06
   154.720001        -5.71341843E-06
   154.850006        -5.71021201E-06
   154.979996        -5.70660450E-06
   155.110001        -5.70261909E-06
   155.240005        -5.69828444E-06
   155.369995        -5.69363465E-06
   155.500000        -5.68871383E-06
   155.630005        -5.68357382E-06
   155.759995        -5.67827692E-06
   155.889999        -5.67289271E-06
   156.020004        -5.66749850E-06
   156.149994        -5.66217432E-06
   156.279999        -5.65699975E-06
   156.410004        -5.65205301E-06
   156.539993        -5.64740412E-06
   156.669998        -5.64311449E-06
   156.800003        -5.63923186E-06
   156.929993        -5.63579079E-06
   157.059998        -5.63281219E-06
   157.190002        -5.63030062E-06
   157.320007        -5.62824971E-06
   157.449997        -5.62663945E-06
   157.580002        -5.62544301E-06
   157.710007        -5.62463038E-06
   157.839996        -5.62416790E-06
   157.970001        -5.62402511E-06
   158.100006        -5.62417699E-06
   158.229996        -5.62460627E-06
   158.360001        -5.62530568E-06
   158.490005        -5.62627793E-06
   158.619995        -5.62753394E-06
   158.750000        -5.62909372E-06
   158.880005        -5.63098274E-06
   159.009995        -5.63322874E-06
   159.139999        -5.63585718E-06
   159.270004        -5.63889216E-06
   159.399994        -5.64234642E-06
   159.529999        -5.64622405E-06
   159.660004        -5.65051641E-06
   159.789993        -5.65519986E-06
   159.919998        -5.66023846E-06
   160.050003        -5.66558128E-06
   160.179993        -5.67116831E-06
   160.309998        -5.67693132E-06
   160.440002        -5.68279620E-06
   160.570007        -5.68868927E-06
   160.699997        -5.69453778E-06
   160.830002        -5.70027760E-06
   160.960007        -5.70585098E-06
   161.089996        -5.71121245E-06
   161.220001        -5.71632881E-06
   161.350006        -5.72117824E-06
   161.479996        -5.72574982E-06
   161.610001        -5.73004127E-06
   161.740005        -5.73405805E-06
   161.869995        -5.73780471E-06
   162.000000        -5.74128717E-06
   162.130005        -5.74450496E-06
   162.259995        -5.74744945E-06
   162.389999        -5.75010154E-06
   162.520004        -5.75242848E-06
   162.649994        -5.75438571E-06
   162.779999        -5.75591366E-06
   162.910004        -5.75694321E-06
   163.039993        -5.75739386E-06
   163.169998        -5.75718195E-06
   163.300003        -5.75622062E-06
   163.429993        -5.75442573E-06
   163.559998        -5.75171725E-06
   163.690002        -5.74802607E-06
   163.820007        -5.74329397E-06
   163.949997        -5.73747639E-06
   164.080002        -5.73054058E-06
   164.210007        -5.72246836E-06
   164.339996        -5.71325290E-06
   164.470001        -5.70289603E-06
   164.600006        -5.69140457E-06
   164.729996        -5.67878715E-06
   164.860001        -5.66505059E-06
   164.990005        -5.65019400E-06
   165.119995        -5.63421054E-06
   165.250000        -5.61707975E-06
   165.380005        -5.59876889E-06
   165.509995        -5.57923340E-06
   165.639999        -5.55841416E-06
   165.770004        -5.53624432E-06
   165.899994        -5.51264839E-06
   166.029999        -5.48754724E-06
   166.160004        -5.46086130E-06
   166.289993        -5.43251599E-06
   166.419998        -5.40244355E-06
   166.550003        -5.37058577E-06
   166.679993        -5.33689945E-06
   166.809998        -5.30135230E-06
   166.940002        -5.26392796E-06
   167.070007        -5.22462324E-06
   167.199997        -5.18344268E-06
   167.330002        -5.14040084E-06
   167.460007        -5.09551546E-06
   167.589996        -5.04880381E-06
   167.720001        -5.00028045E-06
   167.850006        -4.94995311E-06
   167.979996        -4.89781951E-06
   168.110001        -4.84386646E-06
   168.240005        -4.78806851E-06
   168.369995        -4.73038881E-06
   168.500000        -4.67078235E-06
   168.630005        -4.60919318E-06
   168.759995        -4.54556448E-06
   168.889999        -4.47983803E-06
   169.020004        -4.41195698E-06
   169.149994        -4.34187496E-06
   169.279999        -4.26955376E-06
   169.410004        -4.19497019E-06
   169.539993        -4.11811516E-06
   169.669998        -4.03899321E-06
   169.800003        -3.95762663E-06
   169.929993        -3.87404771E-06
   170.059998        -3.78830077E-06
   170.190002        -3.70043745E-06
   170.320007        -3.61051002E-06
   170.449997        -3.51857284E-06
   170.580002        -3.42467456E-06
   170.710007        -3.32885566E-06
   170.839996        -3.23114841E-06
   170.970001        -3.13157398E-06
   171.100006        -3.03014190E-06
   171.229996        -2.92685218E-06
   171.360001        -2.82169776E-06
   171.490005        -2.71466729E-06
   171.619995        -2.60574711E-06
   171.750000        -2.49492950E-06
   171.880005        -2.38221037E-06
   172.009995        -2.26759835E-06
   172.139999        -2.15111413E-06
   172.270004        -2.03279296E-06
   172.399994        -1.91268828E-06
   172.529999        -1.79086805E-06
   172.660004        -1.66741404E-06
   172.789993        -1.54242105E-06
   172.919998        -1.41599207E-06
   173.050003        -1.28823422E-06
   173.179993        -1.15925593E-06
   173.309998        -1.02916260E-06
   173.440002        -8.98052122E-07
   173.570007        -7.66012420E-07
   173.699997        -6.33120351E-07
   173.830002        -4.99441001E-07
   173.960007        -3.65027205E-07
   174.089996        -2.29921838E-07
   174.220001        -9.41604128E-08
   174.350006         4.22257074E-08
   174.479996         1.79204818E-07
   174.610001         3.16741421E-07
   174.740005         4.54791632E-07
   174.869995         5.93301309E-07
   175.000000         7.32201954E-07
   175.130005         8.71409270E-07
   175.259995         1.01082435E-06
   175.389999         1.15033390E-06
   175.520004         1.28981208E-06
   175.649994         1.42912302E-06
   175.779999         1.56812587E-06
   175.910004         1.70667727E-06
   176.039993         1.84463624E-06
   176.169998         1.98186831E-06
   176.300003         2.11824772E-06
   176.429993         2.25366080E-06
   176.559998         2.38800612E-06
   176.690002         2.52119571E-06
   176.820007         2.65315339E-06
   176.949997         2.78381231E-06
   177.080002         2.91311244E-06
   177.210007         3.04099649E-06
   177.339996         3.16740625E-06
   177.470001         3.29227828E-06
   177.600006         3.41554050E-06
   177.729996         3.53710834E-06
   177.860001         3.65688538E-06
   177.990005         3.77476022E-06
   178.119995         3.89060824E-06
   178.250000         4.00429417E-06
   178.380005         4.11567271E-06
   178.509995         4.22459425E-06
   178.639999         4.33090872E-06
   178.770004         4.43446970E-06
   178.899994         4.53513894E-06
   179.029999         4.63279139E-06
   179.160004         4.72731563E-06
   179.289993         4.81861889E-06
   179.419998         4.90662478E-06
   179.550003         4.99127600E-06
   179.679993         5.07253026E-06
   179.809998         5.15035845E-06
   179.940002         5.22474193E-06
   180.070007         5.29566569E-06
   180.199997         5.36311836E-06
   180.330002         5.42708449E-06
   180.460007         5.48754315E-06
   180.589996         5.54446478E-06
   180.720001         5.59781029E-06
   180.850006         5.64752872E-06
   180.979996         5.69356143E-06
   181.110001         5.73584202E-06
   181.240005         5.77430046E-06
   181.369995         5.80886672E-06
   181.500000         5.83947440E-06
   181.630005         5.86606711E-06
   181.759995         5.88860121E-06
   181.889999         5.90704894E-06
   182.020004         5.92140077E-06
   182.149994         5.93166851E-06
   182.279999         5.93788309E-06
   182.410004         5.94009362E-06
   182.539993         5.93836648E-06
   182.669998         5.93277855E-06
   182.800003         5.92341621E-06
   182.929993         5.91036815E-06
   183.059998         5.89372257E-06
   183.190002         5.87356408E-06
   183.320007         5.84996633E-06
   183.449997         5.82299344E-06
