  -24.4200001         0.00000000    
  -24.2900009         0.00000000    
  -24.1599998        -1.08001354E-18
  -24.0300007        -1.08542880E-17
  -23.8999996        -5.24602113E-17
  -23.7700005        -1.73631974E-16
  -23.6399994        -4.51909124E-16
  -23.5100002        -9.92898903E-16
  -23.3799992        -1.92053222E-15
  -23.2500000        -3.36090984E-15
  -23.1200008        -5.42391619E-15
  -22.9899998        -8.18839032E-15
  -22.8600006        -1.16969067E-14
  -22.7299995        -1.59646364E-14
  -22.6000004        -2.10038828E-14
  -22.4699993        -2.68621659E-14
  -22.3400002        -3.36678215E-14
  -22.2099991        -4.16747461E-14
  -22.0799999        -5.12965457E-14
  -21.9500008        -6.31217829E-14
  -21.8199997        -7.79049812E-14
  -21.6900005        -9.65321098E-14
  -21.5599995        -1.19964721E-13
  -21.4300003        -1.49170200E-13
  -21.2999992        -1.85048781E-13
  -21.1700001        -2.28368350E-13
  -21.0400009        -2.79716327E-13
  -20.9099998        -3.39475301E-13
  -20.7800007        -4.07824301E-13
  -20.6499996        -4.84764193E-13
  -20.5200005        -5.70162786E-13
  -20.3899994        -6.63813188E-13
  -20.2600002        -7.65499101E-13
  -20.1299992        -8.75063097E-13
  -20.0000000        -9.92473465E-13
  -19.8700008        -1.11788855E-12
  -19.7399998        -1.25171878E-12
  -19.6100006        -1.39468287E-12
  -19.4799995        -1.54785874E-12
  -19.3500004        -1.71272013E-12
  -19.2199993        -1.89115585E-12
  -19.0900002        -2.08546331E-12
  -18.9599991        -2.29830759E-12
  -18.8299999        -2.53264662E-12
  -18.7000008        -2.79162088E-12
  -18.5699997        -3.07841578E-12
  -18.4400005        -3.39611043E-12
  -18.3099995        -3.74752616E-12
  -18.1800003        -4.13509938E-12
  -18.0499992        -4.56078925E-12
  -17.9200001        -5.02604165E-12
  -17.7900009        -5.53180722E-12
  -17.6599998        -6.07862545E-12
  -17.5300007        -6.66675395E-12
  -17.3999996        -7.29633975E-12
  -17.2700005        -7.96761008E-12
  -17.1399994        -8.68106802E-12
  -17.0100002        -9.43766940E-12
  -16.8799992        -1.02389737E-11
  -16.7500000        -1.10872561E-11
  -16.6200008        -1.19855775E-11
  -16.4899998        -1.29378036E-11
  -16.3600006        -1.39485793E-11
  -16.2299995        -1.50232552E-11
  -16.1000004        -1.61677581E-11
  -15.9700003        -1.73884362E-11
  -15.8400002        -1.86918415E-11
  -15.7100000        -2.00845052E-11
  -15.5799999        -2.15726881E-11
  -15.4499998        -2.31621510E-11
  -15.3199997        -2.48579386E-11
  -15.1899996        -2.66642541E-11
  -15.0600004        -2.85844091E-11
  -14.9300003        -3.06208565E-11
  -14.8000002        -3.27753484E-11
  -14.6700001        -3.50492031E-11
  -14.5400000        -3.74435760E-11
  -14.4099998        -3.99598341E-11
  -14.2799997        -4.25998715E-11
  -14.1499996        -4.53663704E-11
  -14.0200005        -4.82630116E-11
  -13.8900003        -5.12945242E-11
  -13.7600002        -5.44666950E-11
  -13.6300001        -5.77862549E-11
  -13.5000000        -6.12607534E-11
  -13.3699999        -6.48983922E-11
  -13.2399998        -6.87079421E-11
  -13.1099997        -7.26987359E-11
  -12.9799995        -7.68806546E-11
  -12.8500004        -8.12642106E-11
  -12.7200003        -8.58606242E-11
  -12.5900002        -9.06818023E-11
  -12.4600000        -9.57401589E-11
  -12.3299999        -1.01048253E-10
  -12.1999998        -1.06618187E-10
  -12.0699997        -1.12460749E-10
  -11.9399996        -1.18584531E-10
  -11.8100004        -1.24994834E-10
  -11.6800003        -1.31692962E-10
  -11.5500002        -1.38675751E-10
  -11.4200001        -1.45935625E-10
  -11.2900000        -1.53461466E-10
  -11.1599998        -1.61240285E-10
  -11.0299997        -1.69259523E-10
  -10.8999996        -1.77510104E-10
  -10.7700005        -1.85989876E-10
  -10.6400003        -1.94706917E-10
  -10.5100002        -2.03682446E-10
  -10.3800001        -2.12952461E-10
  -10.2500000        -2.22568228E-10
  -10.1199999        -2.32594444E-10
  -9.98999977        -2.43105452E-10
  -9.85999966        -2.54179261E-10
  -9.72999954        -2.65889449E-10
  -9.60000038        -2.78296192E-10
  -9.47000027        -2.91436208E-10
  -9.34000015        -3.05314080E-10
  -9.21000004        -3.19894888E-10
  -9.07999992        -3.35100392E-10
  -8.94999981        -3.50809382E-10
  -8.81999969        -3.66863318E-10
  -8.68999958        -3.83077542E-10
  -8.56000042        -3.99257877E-10
  -8.43000031        -4.15222162E-10
  -8.30000019        -4.30824848E-10
  -8.17000008        -4.45982862E-10
  -8.03999996        -4.60700728E-10
  -7.90999985        -4.75091133E-10
  -7.78000021        -4.89389917E-10
  -7.65000010        -5.03961262E-10
  -7.51999998        -5.19292609E-10
  -7.38999987        -5.35977651E-10
  -7.26000023        -5.54687740E-10
  -7.13000011        -5.76132309E-10
  -7.00000000        -6.01011130E-10
  -6.86999989        -6.29961194E-10
  -6.73999977        -6.63502198E-10
  -6.61000013        -7.01986025E-10
  -6.48000002        -7.45553563E-10
  -6.34999990        -7.94104005E-10
  -6.21999979        -8.47280024E-10
  -6.09000015        -9.04471331E-10
  -5.96000004        -9.64837543E-10
  -5.82999992        -1.02734976E-09
  -5.69999981        -1.09084897E-09
  -5.57000017        -1.15411714E-09
  -5.44000006        -1.21595634E-09
  -5.30999994        -1.27526922E-09
  -5.17999983        -1.33113565E-09
  -5.05000019        -1.38287726E-09
  -4.92000008        -1.43010648E-09
  -4.78999996        -1.47275370E-09
  -4.65999985        -1.51106949E-09
  -4.53000021        -1.54560376E-09
  -4.40000010        -1.57715885E-09
  -4.26999998        -1.60672309E-09
  -4.13999987        -1.63538738E-09
  -4.01000023        -1.66425440E-09
  -3.88000011        -1.69434300E-09
  -3.75000000        -1.72650116E-09
  -3.61999989        -1.76133008E-09
  -3.49000001        -1.79912896E-09
  -3.35999990        -1.83986404E-09
  -3.23000002        -1.88316363E-09
  -3.09999990        -1.92834171E-09
  -2.97000003        -1.97444705E-09
  -2.83999991        -2.02033279E-09
  -2.71000004        -2.06474415E-09
  -2.57999992        -2.10641038E-09
  -2.45000005        -2.14414042E-09
  -2.31999993        -2.17690843E-09
  -2.19000006        -2.20392216E-09
  -2.05999994        -2.22467333E-09
  -1.92999995        -2.23895591E-09
  -1.79999995        -2.24685892E-09
  -1.66999996        -2.24873165E-09
  -1.53999996        -2.24511831E-09
  -1.40999997        -2.23667684E-09
  -1.27999997        -2.22408003E-09
  -1.14999998        -2.20791208E-09
  -1.01999998        -2.18856644E-09
 -0.889999986        -2.16615503E-09
 -0.759999990        -2.14043649E-09
 -0.629999995        -2.11076645E-09
 -0.500000000        -2.07607931E-09
 -0.370000005        -2.03489758E-09
 -0.239999995        -1.98537209E-09
 -0.109999999        -1.92534455E-09
   1.99999996E-02    -1.85244076E-09
  0.150000006        -1.76416592E-09
  0.280000001        -1.65801395E-09
  0.409999996        -1.53157509E-09
  0.540000021        -1.38262957E-09
  0.670000017        -1.20922927E-09
  0.800000012        -1.00975450E-09
  0.930000007        -7.82946818E-10
   1.05999994        -5.27915656E-10
   1.19000006        -2.44120058E-10
   1.32000005         6.86767379E-11
   1.45000005         4.10464884E-10
   1.58000004         7.81066767E-10
   1.71000004         1.18020993E-09
   1.84000003         1.60761238E-09
   1.97000003         2.06305395E-09
   2.09999990         2.54643551E-09
   2.23000002         3.05782732E-09
   2.35999990         3.59748942E-09
   2.49000001         4.16588453E-09
   2.61999989         4.76366324E-09
   2.75000000         5.39163425E-09
   2.88000011         6.05072437E-09
   3.00999999         6.74193545E-09
   3.14000010         7.46628537E-09
   3.26999998         8.22477020E-09
   3.40000010         9.01831498E-09
   3.52999997         9.84774928E-09
   3.66000009         1.07137943E-08
   3.78999996         1.16170691E-08
   3.92000008         1.25581145E-08
   4.05000019         1.35374201E-08
   4.17999983         1.45554875E-08
   4.30999994         1.56128888E-08
   4.44000006         1.67103344E-08
   4.57000017         1.78487447E-08
   4.69999981         1.90293203E-08
   4.82999992         2.02535908E-08
   4.96000004         2.15234657E-08
   5.09000015         2.28412613E-08
   5.21999979         2.42097258E-08
   5.34999990         2.56319961E-08
   5.48000002         2.71116001E-08
   5.61000013         2.86523978E-08
   5.73999977         3.02585228E-08
   5.86999989         3.19343059E-08
   6.00000000         3.36841914E-08
   6.13000011         3.55126630E-08
   6.26000023         3.74241651E-08
   6.38999987         3.94230355E-08
   6.51999998         4.15134416E-08
   6.65000010         4.36993304E-08
   6.78000021         4.59844323E-08
   6.90999985         4.83722538E-08
   7.03999996         5.08660598E-08
   7.17000008         5.34689697E-08
   7.30000019         5.61839038E-08
   7.42999983         5.90137468E-08
   7.55999994         6.19613161E-08
   7.69000006         6.50294254E-08
   7.82000017         6.82209702E-08
   7.94999981         7.15388992E-08
   8.07999992         7.49862323E-08
   8.21000004         7.85660959E-08
   8.34000015         8.22815949E-08
   8.47000027         8.61358558E-08
   8.60000038         9.01318913E-08
   8.72999954         9.42725507E-08
   8.85999966         9.85604345E-08
   8.98999977         1.02997824E-07
   9.11999989         1.07586565E-07
   9.25000000         1.12328088E-07
   9.38000011         1.17223273E-07
   9.51000023         1.22272581E-07
   9.64000034         1.27475900E-07
   9.77000046         1.32832810E-07
   9.89999962         1.38342443E-07
   10.0299997         1.44003721E-07
   10.1599998         1.49815435E-07
   10.2900000         1.55776277E-07
   10.4200001         1.61885069E-07
   10.5500002         1.68140758E-07
   10.6800003         1.74542521E-07
   10.8100004         1.81089803E-07
   10.9399996         1.87782291E-07
   11.0699997         1.94619957E-07
   11.1999998         2.01602901E-07
   11.3299999         2.08731336E-07
   11.4600000         2.16005489E-07
   11.5900002         2.23425459E-07
   11.7200003         2.30990963E-07
   11.8500004         2.38701517E-07
   11.9799995         2.46556226E-07
   12.1099997         2.54553498E-07
   12.2399998         2.62691458E-07
   12.3699999         2.70967547E-07
   12.5000000         2.79379037E-07
   12.6300001         2.87922660E-07
   12.7600002         2.96595005E-07
   12.8900003         3.05392632E-07
   13.0200005         3.14312103E-07
   13.1499996         3.23350207E-07
   13.2799997         3.32503987E-07
   13.4099998         3.41770743E-07
   13.5400000         3.51148060E-07
   13.6700001         3.60633891E-07
   13.8000002         3.70226445E-07
   13.9300003         3.79923790E-07
   14.0600004         3.89723994E-07
   14.1899996         3.99624639E-07
   14.3199997         4.09622885E-07
   14.4499998         4.19715008E-07
   14.5799999         4.29896232E-07
   14.7100000         4.40160761E-07
   14.8400002         4.50501346E-07
   14.9700003         4.60909490E-07
   15.1000004         4.71375415E-07
   15.2299995         4.81887980E-07
   15.3599997         4.92434992E-07
   15.4899998         5.03003150E-07
   15.6199999         5.13578470E-07
   15.7500000         5.24146344E-07
   15.8800001         5.34691935E-07
   16.0100002         5.45200294E-07
   16.1399994         5.55656413E-07
   16.2700005         5.66045685E-07
   16.3999996         5.76353557E-07
   16.5300007         5.86565932E-07
   16.6599998         5.96668883E-07
   16.7900009         6.06648655E-07
   16.9200001         6.16491491E-07
   17.0499992         6.26183464E-07
   17.1800003         6.35710137E-07
   17.3099995         6.45056730E-07
   17.4400005         6.54207838E-07
   17.5699997         6.63146977E-07
   17.7000008         6.71856924E-07
   17.8299999         6.80319602E-07
   17.9599991         6.88515797E-07
   18.0900002         6.96425730E-07
   18.2199993         7.04028707E-07
   18.3500004         7.11303642E-07
   18.4799995         7.18229330E-07
   18.6100006         7.24784059E-07
   18.7399998         7.30946851E-07
   18.8700008         7.36696563E-07
   19.0000000         7.42012730E-07
   19.1299992         7.46875628E-07
   19.2600002         7.51266100E-07
   19.3899994         7.55165843E-07
   19.5200005         7.58557121E-07
   19.6499996         7.61422712E-07
   19.7800007         7.63746016E-07
   19.9099998         7.65510777E-07
   20.0400009         7.66700907E-07
   20.1700001         7.67300094E-07
   20.2999992         7.67292249E-07
   20.4300003         7.66660605E-07
   20.5599995         7.65388506E-07
   20.6900005         7.63458161E-07
   20.8199997         7.60851947E-07
   20.9500008         7.57551618E-07
   21.0799999         7.53538586E-07
   21.2099991         7.48794037E-07
   21.3400002         7.43299040E-07
   21.4699993         7.37035009E-07
   21.6000004         7.29983014E-07
   21.7299995         7.22124753E-07
   21.8600006         7.13442546E-07
   21.9899998         7.03918886E-07
   22.1200008         6.93536947E-07
   22.2500000         6.82280927E-07
   22.3799992         6.70135080E-07
   22.5100002         6.57084513E-07
   22.6399994         6.43115413E-07
   22.7700005         6.28213911E-07
   22.8999996         6.12366989E-07
   23.0300007         5.95561914E-07
   23.1599998         5.77786579E-07
   23.2900009         5.59028763E-07
   23.4200001         5.39276925E-07
   23.5499992         5.18519698E-07
   23.6800003         4.96746054E-07
   23.8099995         4.73945448E-07
   23.9400005         4.50107962E-07
   24.0699997         4.25223675E-07
   24.2000008         3.99283692E-07
   24.3299999         3.72279970E-07
   24.4599991         3.44204665E-07
   24.5900002         3.15051977E-07
   24.7199993         2.84816196E-07
   24.8500004         2.53492942E-07
   24.9799995         2.21078963E-07
   25.1100006         1.87572013E-07
   25.2399998         1.52971296E-07
   25.3700008         1.17276947E-07
   25.5000000         8.04899258E-08
   25.6299992         4.26124984E-08
   25.7600002         3.64808384E-09
   25.8899994        -3.63997081E-08
   26.0200005        -7.75254847E-08
   26.1499996        -1.19723794E-07
   26.2800007        -1.62988144E-07
   26.4099998        -2.07311174E-07
   26.5400009        -2.52684714E-07
   26.6700001        -2.99100435E-07
   26.7999992        -3.46548404E-07
   26.9300003        -3.95018219E-07
   27.0599995        -4.44498539E-07
   27.1900005        -4.94977371E-07
   27.3199997        -5.46441640E-07
   27.4500008        -5.98877477E-07
   27.5799999        -6.52269762E-07
   27.7099991        -7.06602407E-07
   27.8400002        -7.61858189E-07
   27.9699993        -8.18018805E-07
   28.1000004        -8.75064870E-07
   28.2299995        -9.32976150E-07
   28.3600006        -9.91730531E-07
   28.4899998        -1.05130607E-06
   28.6200008        -1.11167913E-06
   28.7500000        -1.17282491E-06
   28.8799992        -1.23471796E-06
   29.0100002        -1.29733189E-06
   29.1399994        -1.36063898E-06
   29.2700005        -1.42461101E-06
   29.3999996        -1.48921902E-06
   29.5300007        -1.55443274E-06
   29.6599998        -1.62022116E-06
   29.7900009        -1.68655242E-06
   29.9200001        -1.75339335E-06
   30.0499992        -1.82071039E-06
   30.1800003        -1.88846923E-06
   30.3099995        -1.95663483E-06
   30.4400005        -2.02517049E-06
   30.5699997        -2.09403993E-06
   30.7000008        -2.16320564E-06
   30.8299999        -2.23262964E-06
   30.9599991        -2.30227374E-06
   31.0900002        -2.37209883E-06
   31.2199993        -2.44206626E-06
   31.3500004        -2.51213646E-06
   31.4799995        -2.58226964E-06
   31.6100006        -2.65242693E-06
   31.7399998        -2.72256761E-06
   31.8700008        -2.79265214E-06
   32.0000000        -2.86264049E-06
   32.1300011        -2.93249218E-06
   32.2599983        -3.00216652E-06
   32.3899994        -3.07162281E-06
   32.5200005        -3.14081922E-06
   32.6500015        -3.20971412E-06
   32.7799988        -3.27826524E-06
   32.9099998        -3.34642914E-06
   33.0400009        -3.41416239E-06
   33.1699982        -3.48142044E-06
   33.2999992        -3.54815802E-06
   33.4300003        -3.61432944E-06
   33.5600014        -3.67988810E-06
   33.6899986        -3.74478668E-06
   33.8199997        -3.80897791E-06
   33.9500008        -3.87241380E-06
   34.0800018        -3.93504570E-06
   34.2099991        -3.99682494E-06
   34.3400002        -4.05770243E-06
   34.4700012        -4.11762903E-06
   34.5999985        -4.17655610E-06
   34.7299995        -4.23443316E-06
   34.8600006        -4.29121155E-06
   34.9900017        -4.34684125E-06
   35.1199989        -4.40127224E-06
   35.2500000        -4.45445494E-06
   35.3800011        -4.50633934E-06
   35.5099983        -4.55687541E-06
   35.6399994        -4.60601177E-06
   35.7700005        -4.65369885E-06
   35.9000015        -4.69988527E-06
   36.0299988        -4.74452145E-06
   36.1599998        -4.78755601E-06
   36.2900009        -4.82893938E-06
   36.4199982        -4.86862155E-06
   36.5499992        -4.90655339E-06
   36.6800003        -4.94268579E-06
   36.8100014        -4.97697147E-06
   36.9399986        -5.00936312E-06
   37.0699997        -5.03981528E-06
   37.2000008        -5.06828246E-06
   37.3300018        -5.09472147E-06
   37.4599991        -5.11909002E-06
   37.5900002        -5.14134626E-06
   37.7200012        -5.16145019E-06
   37.8499985        -5.17936178E-06
   37.9799995        -5.19504283E-06
   38.1100006        -5.20845560E-06
   38.2400017        -5.21956281E-06
   38.3699989        -5.22832715E-06
   38.5000000        -5.23471363E-06
   38.6300011        -5.23868584E-06
   38.7599983        -5.24020879E-06
   38.8899994        -5.23924746E-06
   39.0200005        -5.23576773E-06
   39.1500015        -5.22973642E-06
   39.2799988        -5.22112032E-06
   39.4099998        -5.20988715E-06
   39.5400009        -5.19600599E-06
   39.6699982        -5.17944773E-06
   39.7999992        -5.16018281E-06
   39.9300003        -5.13818441E-06
   40.0600014        -5.11342614E-06
   40.1899986        -5.08588391E-06
   40.3199997        -5.05553407E-06
   40.4500008        -5.02235525E-06
   40.5800018        -4.98632653E-06
   40.7099991        -4.94742972E-06
   40.8400002        -4.90564707E-06
   40.9700012        -4.86096314E-06
   41.0999985        -4.81336292E-06
   41.2299995        -4.76283230E-06
   41.3600006        -4.70936038E-06
   41.4900017        -4.65293624E-06
   41.6199989        -4.59355078E-06
   41.7500000        -4.53119674E-06
   41.8800011        -4.46586819E-06
   42.0099983        -4.39756195E-06
   42.1399994        -4.32627621E-06
   42.2700005        -4.25201051E-06
   42.4000015        -4.17476849E-06
   42.5299988        -4.09455379E-06
   42.6599998        -4.01137549E-06
   42.7900009        -3.92524225E-06
   42.9199982        -3.83616589E-06
   43.0499992        -3.74416231E-06
   43.1800003        -3.64924699E-06
   43.3100014        -3.55143857E-06
   43.4399986        -3.45075750E-06
   43.5699997        -3.34722722E-06
   43.7000008        -3.24087114E-06
   43.8300018        -3.13171518E-06
   43.9599991        -3.01978662E-06
   44.0900002        -2.90511457E-06
   44.2200012        -2.78772859E-06
   44.3499985        -2.66766119E-06
   44.4799995        -2.54494580E-06
   44.6100006        -2.41961698E-06
   44.7400017        -2.29171246E-06
   44.8699989        -2.16127046E-06
   45.0000000        -2.02833166E-06
   45.1300011        -1.89293951E-06
   45.2599983        -1.75513833E-06
   45.3899994        -1.61497633E-06
   45.5200005        -1.47250239E-06
   45.6500015        -1.32776916E-06
   45.7799988        -1.18082960E-06
   45.9099998        -1.03173966E-06
   46.0400009        -8.80555717E-07
   46.1699982        -7.27337238E-07
   46.2999992        -5.72144302E-07
   46.4300003        -4.15037391E-07
   46.5600014        -2.56079460E-07
   46.6899986        -9.53327799E-08
   46.8199997         6.71388420E-08
   46.9500008         2.31270974E-07
   47.0800018         3.96999212E-07
   47.2099991         5.64259324E-07
   47.3400002         7.32984518E-07
   47.4700012         9.03108287E-07
   47.5999985         1.07456367E-06
   47.7299995         1.24728228E-06
   47.8600006         1.42119586E-06
   47.9900017         1.59623482E-06
   48.1199989         1.77232812E-06
   48.2500000         1.94940526E-06
   48.3800011         2.12739360E-06
   48.5099983         2.30622118E-06
   48.6399994         2.48581409E-06
   48.7700005         2.66609891E-06
   48.9000015         2.84700218E-06
   49.0299988         3.02845046E-06
   49.1599998         3.21037078E-06
   49.2900009         3.39269013E-06
   49.4199982         3.57533668E-06
   49.5499992         3.75823947E-06
   49.6800003         3.94132712E-06
   49.8100014         4.12453073E-06
   49.9399986         4.30778118E-06
   50.0699997         4.49101117E-06
   50.2000008         4.67415202E-06
   50.3300018         4.85713781E-06
   50.4599991         5.03990304E-06
   50.5900002         5.22238133E-06
   50.7200012         5.40450810E-06
   50.8499985         5.58621969E-06
   50.9799995         5.76745060E-06
   51.1100006         5.94813946E-06
   51.2400017         6.12822214E-06
   51.3699989         6.30763952E-06
   51.5000000         6.48633022E-06
   51.6300011         6.66423693E-06
   51.7599983         6.84130327E-06
   51.8899994         7.01747331E-06
   52.0200005         7.19269519E-06
   52.1500015         7.36691982E-06
   52.2799988         7.54009807E-06
   52.4099998         7.71218583E-06
   52.5400009         7.88313992E-06
   52.6699982         8.05292075E-06
   52.7999992         8.22148922E-06
   52.9300003         8.38880715E-06
   53.0600014         8.55484359E-06
   53.1899986         8.71956399E-06
   53.3199997         8.88293653E-06
   53.4500008         9.04493027E-06
   53.5800018         9.20551702E-06
   53.7099991         9.36466677E-06
   53.8400002         9.52235223E-06
   53.9700012         9.67854794E-06
   54.0999985         9.83322661E-06
   54.2299995         9.98636551E-06
   54.3600006         1.01379401E-05
   54.4900017         1.02879312E-05
   54.6199989         1.04363180E-05
   54.7500000         1.05830859E-05
   54.8800011         1.07282185E-05
   55.0099983         1.08717040E-05
   55.1399994         1.10135334E-05
   55.2700005         1.11536974E-05
   55.4000015         1.12921916E-05
   55.5299988         1.14290142E-05
   55.6599998         1.15641606E-05
   55.7900009         1.16976316E-05
   55.9199982         1.18294292E-05
   56.0499992         1.19595525E-05
   56.1800003         1.20880050E-05
   56.3100014         1.22147876E-05
   56.4399986         1.23399032E-05
   56.5699997         1.24633525E-05
   56.7000008         1.25851357E-05
   56.8300018         1.27052544E-05
   56.9599991         1.28237089E-05
   57.0900002         1.29404989E-05
   57.2200012         1.30556236E-05
   57.3499985         1.31690831E-05
   57.4799995         1.32808755E-05
   57.6100006         1.33910044E-05
   57.7400017         1.34994680E-05
   57.8699989         1.36062672E-05
   58.0000000         1.37114048E-05
   58.1300011         1.38148798E-05
   58.2599983         1.39166959E-05
   58.3899994         1.40168531E-05
   58.5200005         1.41153505E-05
   58.6500015         1.42121871E-05
   58.7799988         1.43073585E-05
   58.9099998         1.44008627E-05
   59.0400009         1.44926889E-05
   59.1699982         1.45828290E-05
   59.2999992         1.46712673E-05
   59.4300003         1.47579904E-05
   59.5600014         1.48429745E-05
   59.6899986         1.49262005E-05
   59.8199997         1.50076421E-05
   59.9500008         1.50872720E-05
   60.0800018         1.51650602E-05
   60.2099991         1.52409757E-05
   60.3400002         1.53149831E-05
   60.4700012         1.53870515E-05
   60.5999985         1.54571462E-05
   60.7299995         1.55252255E-05
   60.8600006         1.55912549E-05
   60.9900017         1.56551941E-05
   61.1199989         1.57170070E-05
   61.2500000         1.57766499E-05
   61.3800011         1.58340790E-05
   61.5099983         1.58892526E-05
   61.6399994         1.59421234E-05
   61.7700005         1.59926421E-05
   61.9000015         1.60407544E-05
   62.0299988         1.60864056E-05
   62.1599998         1.61295393E-05
   62.2900009         1.61700918E-05
   62.4199982         1.62079996E-05
   62.5499992         1.62431916E-05
   62.6800003         1.62756005E-05
   62.8100014         1.63051518E-05
   62.9399986         1.63317709E-05
   63.0699997         1.63553777E-05
   63.2000008         1.63758959E-05
   63.3300018         1.63932418E-05
   63.4599991         1.64073354E-05
   63.5900002         1.64180910E-05
   63.7200012         1.64254288E-05
   63.8499985         1.64292614E-05
   63.9799995         1.64295016E-05
   64.1100006         1.64260618E-05
   64.2399979         1.64188532E-05
   64.3700027         1.64077865E-05
   64.5000000         1.63927671E-05
   64.6299973         1.63737022E-05
   64.7600021         1.63504956E-05
   64.8899994         1.63230488E-05
   65.0199966         1.62912638E-05
   65.1500015         1.62550386E-05
   65.2799988         1.62142751E-05
   65.4100037         1.61688713E-05
   65.5400009         1.61187236E-05
   65.6699982         1.60637319E-05
   65.8000031         1.60037926E-05
   65.9300003         1.59388110E-05
   66.0599976         1.58686871E-05
   66.1900024         1.57933264E-05
   66.3199997         1.57126342E-05
   66.4499969         1.56265178E-05
   66.5800018         1.55348916E-05
   66.7099991         1.54376648E-05
   66.8399963         1.53347573E-05
   66.9700012         1.52260827E-05
   67.0999985         1.51115610E-05
   67.2300034         1.49911157E-05
   67.3600006         1.48646668E-05
   67.4899979         1.47321398E-05
   67.6200027         1.45934609E-05
   67.7500000         1.44485593E-05
   67.8799973         1.42973631E-05
   68.0100021         1.41398077E-05
   68.1399994         1.39758286E-05
   68.2699966         1.38053647E-05
   68.4000015         1.36283570E-05
   68.5299988         1.34447555E-05
   68.6600037         1.32545101E-05
   68.7900009         1.30575800E-05
   68.9199982         1.28539241E-05
   69.0500031         1.26435116E-05
   69.1800003         1.24263133E-05
   69.3099976         1.22023102E-05
   69.4400024         1.19714823E-05
   69.5699997         1.17338204E-05
   69.6999969         1.14893182E-05
   69.8300018         1.12379748E-05
   69.9599991         1.09797920E-05
   70.0899963         1.07147780E-05
   70.2200012         1.04429437E-05
   70.3499985         1.01643072E-05
   70.4800034         9.87888779E-06
   70.6100006         9.58671171E-06
   70.7399979         9.28780901E-06
   70.8700027         8.98221515E-06
   71.0000000         8.66997198E-06
   71.1299973         8.35112314E-06
   71.2600021         8.02572504E-06
   71.3899994         7.69383496E-06
   71.5199966         7.35551976E-06
   71.6500015         7.01085264E-06
   71.7799988         6.65991320E-06
   71.9100037         6.30278782E-06
   72.0400009         5.93957020E-06
   72.1699982         5.57036037E-06
   72.3000031         5.19526338E-06
   72.4300003         4.81438974E-06
   72.5599976         4.42785631E-06
   72.6900024         4.03578406E-06
   72.8199997         3.63829827E-06
   72.9499969         3.23552922E-06
   73.0800018         2.82760925E-06
   73.2099991         2.41467569E-06
   73.3399963         1.99686883E-06
   73.4700012         1.57433328E-06
   73.5999985         1.14721695E-06
   73.7300034         7.15672400E-07
   73.8600006         2.79856039E-07
   73.9899979        -1.60070954E-07
   74.1200027        -6.03942681E-07
   74.2500000        -1.05158779E-06
   74.3799973        -1.50283017E-06
   74.5100021        -1.95748817E-06
   74.6399994        -2.41537555E-06
   74.7699966        -2.87630041E-06
   74.9000015        -3.34006654E-06
   75.0299988        -3.80647316E-06
   75.1600037        -4.27531540E-06
   75.2900009        -4.74638591E-06
   75.4199982        -5.21947322E-06
   75.5500031        -5.69436543E-06
   75.6800003        -6.17084652E-06
   75.8099976        -6.64870095E-06
   75.9400024        -7.12771089E-06
   76.0699997        -7.60765852E-06
   76.1999969        -8.08832465E-06
   76.3300018        -8.56948918E-06
   76.4599991        -9.05093293E-06
   76.5899963        -9.53243398E-06
   76.7200012        -1.00137686E-05
   76.8499985        -1.04947158E-05
   76.9800034        -1.09750481E-05
   77.1100006        -1.14545401E-05
   77.2399979        -1.19329625E-05
   77.3700027        -1.24100870E-05
   77.5000000        -1.28856818E-05
   77.6299973        -1.33595140E-05
   77.7600021        -1.38313517E-05
   77.8899994        -1.43009602E-05
   78.0199966        -1.47681067E-05
   78.1500015        -1.52325574E-05
   78.2799988        -1.56940823E-05
   78.4100037        -1.61524513E-05
   78.5400009        -1.66074369E-05
   78.6699982        -1.70588137E-05
   78.8000031        -1.75063615E-05
   78.9300003        -1.79498620E-05
   79.0599976        -1.83890988E-05
   79.1900024        -1.88238610E-05
   79.3199997        -1.92539374E-05
   79.4499969        -1.96791243E-05
   79.5800018        -2.00992181E-05
   79.7099991        -2.05140186E-05
   79.8399963        -2.09233258E-05
   79.9700012        -2.13269432E-05
   80.0999985        -2.17246816E-05
   80.2300034        -2.21163446E-05
   80.3600006        -2.25017448E-05
   80.4899979        -2.28806948E-05
   80.6200027        -2.32530092E-05
   80.7500000        -2.36185097E-05
   80.8799973        -2.39770161E-05
   81.0100021        -2.43283575E-05
   81.1399994        -2.46723630E-05
   81.2699966        -2.50088669E-05
   81.4000015        -2.53377129E-05
   81.5299988        -2.56587446E-05
   81.6600037        -2.59718163E-05
   81.7900009        -2.62767844E-05
   81.9199982        -2.65735089E-05
   82.0500031        -2.68618624E-05
   82.1800003        -2.71417175E-05
   82.3099976        -2.74129543E-05
   82.4400024        -2.76754563E-05
   82.5699997        -2.79291089E-05
   82.6999969        -2.81738085E-05
   82.8300018        -2.84094531E-05
   82.9599991        -2.86359427E-05
   83.0899963        -2.88531828E-05
   83.2200012        -2.90610842E-05
   83.3499985        -2.92595632E-05
   83.4800034        -2.94485380E-05
   83.6100006        -2.96279377E-05
   83.7399979        -2.97976912E-05
   83.8700027        -2.99577387E-05
   84.0000000        -3.01080272E-05
   84.1299973        -3.02485078E-05
   84.2600021        -3.03791403E-05
   84.3899994        -3.04998939E-05
   84.5199966        -3.06107431E-05
   84.6500015        -3.07116716E-05
   84.7799988        -3.08026647E-05
   84.9100037        -3.08837298E-05
   85.0400009        -3.09548632E-05
   85.1699982        -3.10160758E-05
   85.3000031        -3.10673859E-05
   85.4300003        -3.11088079E-05
   85.5599976        -3.11403746E-05
   85.6900024        -3.11621152E-05
   85.8199997        -3.11740623E-05
   85.9499969        -3.11762597E-05
   86.0800018        -3.11687472E-05
   86.2099991        -3.11515760E-05
   86.3399963        -3.11247968E-05
   86.4700012        -3.10884679E-05
   86.5999985        -3.10426549E-05
   86.7300034        -3.09874304E-05
   86.8600006        -3.09228599E-05
   86.9899979        -3.08490307E-05
   87.1200027        -3.07660230E-05
   87.2500000        -3.06739312E-05
   87.3799973        -3.05728536E-05
   87.5100021        -3.04628866E-05
   87.6399994        -3.03441411E-05
   87.7699966        -3.02167246E-05
   87.9000015        -3.00807533E-05
   88.0299988        -2.99363473E-05
   88.1600037        -2.97836232E-05
   88.2900009        -2.96227026E-05
   88.4199982        -2.94537131E-05
   88.5500031        -2.92767782E-05
   88.6800003        -2.90920252E-05
   88.8099976        -2.88995834E-05
   88.9400024        -2.86995837E-05
   89.0699997        -2.84921571E-05
   89.1999969        -2.82774363E-05
   89.3300018        -2.80555614E-05
   89.4599991        -2.78266689E-05
   89.5899963        -2.75909042E-05
   89.7200012        -2.73484111E-05
   89.8499985        -2.70993387E-05
   89.9800034        -2.68438380E-05
   90.1100006        -2.65820654E-05
   90.2399979        -2.63141774E-05
   90.3700027        -2.60403358E-05
   90.5000000        -2.57607007E-05
   90.6299973        -2.54754359E-05
   90.7600021        -2.51847032E-05
   90.8899994        -2.48886681E-05
   91.0199966        -2.45874890E-05
   91.1500015        -2.42813330E-05
   91.2799988        -2.39703550E-05
   91.4100037        -2.36547166E-05
   91.5400009        -2.33345745E-05
   91.6699982        -2.30100813E-05
   91.8000031        -2.26813918E-05
   91.9300003        -2.23486586E-05
   92.0599976        -2.20120346E-05
   92.1900024        -2.16716708E-05
   92.3199997        -2.13277199E-05
   92.4499969        -2.09803384E-05
   92.5800018        -2.06296736E-05
   92.7099991        -2.02758802E-05
   92.8399963        -1.99191163E-05
   92.9700012        -1.95595312E-05
   93.0999985        -1.91972813E-05
   93.2300034        -1.88325193E-05
   93.3600006        -1.84654018E-05
   93.4899979        -1.80960797E-05
   93.6200027        -1.77246984E-05
   93.7500000        -1.73514090E-05
   93.8799973        -1.69763571E-05
   94.0100021        -1.65996771E-05
   94.1399994        -1.62215129E-05
   94.2699966        -1.58419953E-05
   94.4000015        -1.54612571E-05
   94.5299988        -1.50794258E-05
   94.6600037        -1.46966277E-05
   94.7900009        -1.43129864E-05
   94.9199982        -1.39286267E-05
   95.0500031        -1.35436685E-05
   95.1800003        -1.31582347E-05
   95.3099976        -1.27724443E-05
   95.4400024        -1.23864211E-05
   95.5699997        -1.20002851E-05
   95.6999969        -1.16141564E-05
   95.8300018        -1.12281541E-05
   95.9599991        -1.08424010E-05
   96.0899963        -1.04570117E-05
   96.2200012        -1.00721045E-05
   96.3499985        -9.68779023E-06
   96.4800034        -9.30417991E-06
   96.6100006        -8.92138360E-06
   96.7399979        -8.53950041E-06
   96.8700027        -8.15863132E-06
   97.0000000        -7.77887271E-06
   97.1299973        -7.40031510E-06
   97.2600021        -7.02304669E-06
   97.3899994        -6.64715799E-06
   97.5199966        -6.27272902E-06
   97.6500015        -5.89984575E-06
   97.7799988        -5.52859137E-06
   97.9100037        -5.15904776E-06
   98.0400009        -4.79130085E-06
   98.1699982        -4.42543615E-06
   98.3000031        -4.06154004E-06
   98.4300003        -3.69970076E-06
   98.5599976        -3.34001084E-06
   98.6900024        -2.98256145E-06
   98.8199997        -2.62744788E-06
   98.9499969        -2.27476289E-06
   99.0800018        -1.92460016E-06
   99.2099991        -1.57705381E-06
   99.3399963        -1.23221537E-06
   99.4700012        -8.90176011E-07
   99.5999985        -5.51025039E-07
   99.7300034        -2.14849535E-07
   99.8600006         1.18264879E-07
   99.9899979         4.48233550E-07
   100.120003         7.74975263E-07
   100.250000         1.09840698E-06
   100.379997         1.41844566E-06
   100.510002         1.73500860E-06
   100.639999         2.04801086E-06
   100.769997         2.35736502E-06
   100.900002         2.66298321E-06
   101.029999         2.96477265E-06
   101.160004         3.26263989E-06
   101.290001         3.55648672E-06
   101.419998         3.84621217E-06
   101.550003         4.13171529E-06
   101.680000         4.41289149E-06
   101.809998         4.68963844E-06
   101.940002         4.96185112E-06
   102.070000         5.22942628E-06
   102.199997         5.49226206E-06
   102.330002         5.75025842E-06
   102.459999         6.00332032E-06
   102.589996         6.25135090E-06
   102.720001         6.49426102E-06
   102.849998         6.73196018E-06
   102.980003         6.96436109E-06
   103.110001         7.19137961E-06
   103.239998         7.41293024E-06
   103.370003         7.62893069E-06
   103.500000         7.83929590E-06
   103.629997         8.04394222E-06
   103.760002         8.24278322E-06
   103.889999         8.43573252E-06
   104.019997         8.62270190E-06
   104.150002         8.80360221E-06
   104.279999         8.97834343E-06
   104.410004         9.14683551E-06
   104.540001         9.30898932E-06
   104.669998         9.46471482E-06
   104.800003         9.61392652E-06
   104.930000         9.75654166E-06
   105.059998         9.89247837E-06
   105.190002         1.00216603E-05
   105.320000         1.01440155E-05
   105.449997         1.02594768E-05
   105.580002         1.03679795E-05
   105.709999         1.04694664E-05
   105.839996         1.05638792E-05
   105.970001         1.06511670E-05
   106.099998         1.07312799E-05
   106.230003         1.08041695E-05
   106.360001         1.08697905E-05
   106.489998         1.09280963E-05
   106.620003         1.09790426E-05
   106.750000         1.10225874E-05
   106.879997         1.10586861E-05
   107.010002         1.10872988E-05
   107.139999         1.11083837E-05
   107.269997         1.11219051E-05
   107.400002         1.11278296E-05
   107.529999         1.11261252E-05
   107.660004         1.11167683E-05
   107.790001         1.10997407E-05
   107.919998         1.10750298E-05
   108.050003         1.10426299E-05
   108.180000         1.10025430E-05
   108.309998         1.09547782E-05
   108.440002         1.08993518E-05
   108.570000         1.08362883E-05
   108.699997         1.07656178E-05
   108.830002         1.06873758E-05
   108.959999         1.06016032E-05
   109.089996         1.05083463E-05
   109.220001         1.04076571E-05
   109.349998         1.02995864E-05
   109.480003         1.01841943E-05
   109.610001         1.00615398E-05
   109.739998         9.93169033E-06
   109.870003         9.79471224E-06
   110.000000         9.65067829E-06
   110.129997         9.49966943E-06
   110.260002         9.34176660E-06
   110.389999         9.17706166E-06
   110.519997         9.00565283E-06
   110.650002         8.82764562E-06
   110.779999         8.64315189E-06
   110.910004         8.45229260E-06
   111.040001         8.25519965E-06
   111.169998         8.05200852E-06
   111.300003         7.84286294E-06
   111.430000         7.62791433E-06
   111.559998         7.40731866E-06
   111.690002         7.18123647E-06
   111.820000         6.94983328E-06
   111.949997         6.71327598E-06
   112.080002         6.47173647E-06
   112.209999         6.22538755E-06
   112.339996         5.97440248E-06
   112.470001         5.71895725E-06
   112.599998         5.45922921E-06
   112.730003         5.19539799E-06
   112.860001         4.92764411E-06
   112.989998         4.65615221E-06
   113.120003         4.38110965E-06
   113.250000         4.10270832E-06
   113.379997         3.82114376E-06
   113.510002         3.53661494E-06
   113.639999         3.24932785E-06
   113.769997         2.95949053E-06
   113.900002         2.66731627E-06
   114.029999         2.37302152E-06
   114.160004         2.07682479E-06
   114.290001         1.77894628E-06
   114.419998         1.47960782E-06
   114.550003         1.17903005E-06
   114.680000         8.77432456E-07
   114.809998         5.75032516E-07
   114.940002         2.72045497E-07
   115.070000        -3.13168798E-08
   115.199997        -3.34846476E-07
   115.330002        -6.38338463E-07
   115.459999        -9.41591225E-07
   115.589996        -1.24440544E-06
   115.720001        -1.54658449E-06
   115.849998        -1.84793328E-06
   115.980003        -2.14825786E-06
   116.110001        -2.44736430E-06
   116.239998        -2.74505874E-06
   116.370003        -3.04114792E-06
   116.500000        -3.33543835E-06
   116.629997        -3.62773585E-06
   116.760002        -3.91784761E-06
   116.889999        -4.20558263E-06
   117.019997        -4.49075151E-06
   117.150002        -4.77316826E-06
   117.279999        -5.05265143E-06
   117.410004        -5.32902504E-06
   117.540001        -5.60211993E-06
   117.669998        -5.87177374E-06
   117.800003        -6.13783368E-06
   117.930000        -6.40015514E-06
   118.059998        -6.65860080E-06
   118.190002        -6.91304285E-06
   118.320000        -7.16336262E-06
   118.449997        -7.40944779E-06
   118.580002        -7.65119512E-06
   118.709999        -7.88850593E-06
   118.839996        -8.12129019E-06
   118.970001        -8.34945968E-06
   119.099998        -8.57293435E-06
   119.230003        -8.79163690E-06
   119.360001        -9.00549367E-06
   119.489998        -9.21443552E-06
   119.620003        -9.41839971E-06
   119.750000        -9.61732894E-06
   119.879997        -9.81117046E-06
   120.010002        -9.99987788E-06
   120.139999        -1.01834175E-05
   120.269997        -1.03617595E-05
   120.400002        -1.05348845E-05
   120.529999        -1.07027836E-05
   120.660004        -1.08654585E-05
   120.790001        -1.10229212E-05
   120.919998        -1.11751924E-05
   121.050003        -1.13223023E-05
   121.180000        -1.14642926E-05
   121.309998        -1.16012088E-05
   121.440002        -1.17331083E-05
   121.570000        -1.18600492E-05
   121.699997        -1.19820997E-05
   121.830002        -1.20993273E-05
   121.959999        -1.22118072E-05
   122.089996        -1.23196114E-05
   122.220001        -1.24228209E-05
   122.349998        -1.25215138E-05
   122.480003        -1.26157720E-05
   122.610001        -1.27056810E-05
   122.739998        -1.27913281E-05
   122.870003        -1.28728043E-05
   123.000000        -1.29502087E-05
   123.129997        -1.30236403E-05
   123.260002        -1.30932076E-05
   123.389999        -1.31590232E-05
   123.519997        -1.32212062E-05
   123.650002        -1.32798814E-05
   123.779999        -1.33351787E-05
   123.910004        -1.33872327E-05
   124.040001        -1.34361835E-05
   124.169998        -1.34821712E-05
   124.300003        -1.35253385E-05
   124.430000        -1.35658302E-05
   124.559998        -1.36037870E-05
   124.690002        -1.36393501E-05
   124.820000        -1.36726594E-05
   124.949997        -1.37038487E-05
   125.080002        -1.37330480E-05
   125.209999        -1.37603865E-05
   125.339996        -1.37859888E-05
   125.470001        -1.38099767E-05
   125.599998        -1.38324685E-05
   125.730003        -1.38535815E-05
   125.860001        -1.38734313E-05
   125.989998        -1.38921314E-05
   126.120003        -1.39097992E-05
   126.250000        -1.39265467E-05
   126.379997        -1.39424874E-05
   126.510002        -1.39577360E-05
   126.639999        -1.39724061E-05
   126.769997        -1.39866070E-05
   126.900002        -1.40004495E-05
   127.029999        -1.40140364E-05
   127.160004        -1.40274706E-05
   127.290001        -1.40408465E-05
   127.419998        -1.40542534E-05
   127.550003        -1.40677721E-05
   127.680000        -1.40814764E-05
   127.809998        -1.40954307E-05
   127.940002        -1.41096925E-05
   128.070007        -1.41243099E-05
   128.199997        -1.41393239E-05
   128.330002        -1.41547689E-05
   128.460007        -1.41706705E-05
   128.589996        -1.41870487E-05
   128.720001        -1.42039225E-05
   128.850006        -1.42213030E-05
   128.979996        -1.42391973E-05
   129.110001        -1.42576100E-05
   129.240005        -1.42765421E-05
   129.369995        -1.42959898E-05
   129.500000        -1.43159477E-05
   129.630005        -1.43364059E-05
   129.759995        -1.43573461E-05
   129.889999        -1.43787456E-05
   130.020004        -1.44005771E-05
   130.149994        -1.44228006E-05
   130.279999        -1.44453743E-05
   130.410004        -1.44682454E-05
   130.539993        -1.44913502E-05
   130.669998        -1.45146169E-05
   130.800003        -1.45379672E-05
   130.929993        -1.45613149E-05
   131.059998        -1.45845643E-05
   131.190002        -1.46076191E-05
   131.320007        -1.46303728E-05
   131.449997        -1.46527163E-05
   131.580002        -1.46745388E-05
   131.710007        -1.46957282E-05
   131.839996        -1.47161682E-05
   131.970001        -1.47357432E-05
   132.100006        -1.47543333E-05
   132.229996        -1.47718229E-05
   132.360001        -1.47880919E-05
   132.490005        -1.48030176E-05
   132.619995        -1.48164772E-05
   132.750000        -1.48283452E-05
   132.880005        -1.48384906E-05
   133.009995        -1.48467798E-05
   133.139999        -1.48530735E-05
   133.270004        -1.48572281E-05
   133.399994        -1.48590962E-05
   133.529999        -1.48585286E-05
   133.660004        -1.48553700E-05
   133.789993        -1.48494646E-05
   133.919998        -1.48406534E-05
   134.050003        -1.48287809E-05
   134.179993        -1.48136887E-05
   134.309998        -1.47952242E-05
   134.440002        -1.47732344E-05
   134.570007        -1.47475730E-05
   134.699997        -1.47180963E-05
   134.830002        -1.46846678E-05
   134.960007        -1.46471557E-05
   135.089996        -1.46054299E-05
   135.220001        -1.45593704E-05
   135.350006        -1.45088552E-05
   135.479996        -1.44537680E-05
   135.610001        -1.43939960E-05
   135.740005        -1.43294264E-05
   135.869995        -1.42599501E-05
   136.000000        -1.41854562E-05
   136.130005        -1.41058372E-05
   136.259995        -1.40209868E-05
   136.389999        -1.39308013E-05
   136.520004        -1.38351761E-05
   136.649994        -1.37340130E-05
   136.779999        -1.36272165E-05
   136.910004        -1.35146993E-05
   137.039993        -1.33963777E-05
   137.169998        -1.32721743E-05
   137.300003        -1.31420238E-05
   137.429993        -1.30058661E-05
   137.559998        -1.28636520E-05
   137.690002        -1.27153380E-05
   137.820007        -1.25608940E-05
   137.949997        -1.24002954E-05
   138.080002        -1.22335241E-05
   138.210007        -1.20605719E-05
   138.339996        -1.18814323E-05
   138.470001        -1.16961064E-05
   138.600006        -1.15045996E-05
   138.729996        -1.13069218E-05
   138.860001        -1.11030849E-05
   138.990005        -1.08931044E-05
   139.119995        -1.06769994E-05
   139.250000        -1.04547953E-05
   139.380005        -1.02265203E-05
   139.509995        -9.99220629E-06
   139.639999        -9.75189505E-06
   139.770004        -9.50563390E-06
   139.899994        -9.25347740E-06
   140.029999        -8.99549013E-06
   140.160004        -8.73174668E-06
   140.289993        -8.46232888E-06
   140.419998        -8.18732951E-06
   140.550003        -7.90685044E-06
   140.679993        -7.62100217E-06
   140.809998        -7.32990293E-06
   140.940002        -7.03367778E-06
   141.070007        -6.73245859E-06
   141.199997        -6.42637997E-06
   141.330002        -6.11558289E-06
   141.460007        -5.80021060E-06
   141.589996        -5.48040680E-06
   141.720001        -5.15631882E-06
   141.850006        -4.82809492E-06
   141.979996        -4.49588515E-06
   142.110001        -4.15984186E-06
   142.240005        -3.82011831E-06
   142.369995        -3.47687137E-06
   142.500000        -3.13026203E-06
   142.630005        -2.78045468E-06
   142.759995        -2.42761985E-06
   142.889999        -2.07193239E-06
   143.020004        -1.71357181E-06
   143.149994        -1.35272489E-06
   143.279999        -9.89584009E-07
   143.410004        -6.24344636E-07
   143.539993        -2.57208285E-07
   143.669998         1.11620821E-07
   143.800003         4.81935444E-07
   143.929993         8.53527752E-07
   144.059998         1.22618803E-06
   144.190002         1.59970875E-06
   144.320007         1.97388181E-06
   144.449997         2.34850222E-06
   144.580002         2.72336592E-06
   144.710007         3.09827192E-06
   144.839996         3.47302171E-06
   144.970001         3.84741725E-06
   145.100006         4.22126277E-06
   145.229996         4.59436296E-06
   145.360001         4.96652319E-06
   145.490005         5.33754701E-06
   145.619995         5.70723751E-06
   145.750000         6.07539596E-06
   145.880005         6.44182137E-06
   146.009995         6.80631092E-06
   146.139999         7.16866043E-06
   146.270004         7.52866345E-06
   146.399994         7.88611396E-06
   146.529999         8.24080507E-06
   146.660004         8.59252941E-06
   146.789993         8.94108325E-06
   146.919998         9.28626650E-06
   147.050003         9.62787999E-06
   147.179993         9.96572908E-06
   147.309998         1.02996246E-05
   147.440002         1.06293810E-05
   147.570007         1.09548182E-05
   147.699997         1.12757607E-05
   147.830002         1.15920366E-05
   147.960007         1.19034776E-05
   148.089996         1.22099173E-05
   148.220001         1.25111937E-05
   148.350006         1.28071433E-05
   148.479996         1.30976068E-05
   148.610001         1.33824233E-05
   148.740005         1.36614326E-05
   148.869995         1.39344747E-05
   149.000000         1.42013914E-05
   149.130005         1.44620235E-05
   149.259995         1.47162154E-05
   149.389999         1.49638117E-05
   149.520004         1.52046623E-05
   149.649994         1.54386198E-05
   149.779999         1.56655424E-05
   149.910004         1.58852945E-05
   150.039993         1.60977434E-05
   150.169998         1.63027671E-05
   150.300003         1.65002475E-05
   150.429993         1.66900718E-05
   150.559998         1.68721363E-05
   150.690002         1.70463391E-05
   150.820007         1.72125892E-05
   150.949997         1.73707922E-05
   151.080002         1.75208606E-05
   151.210007         1.76627145E-05
   151.339996         1.77962720E-05
   151.470001         1.79214530E-05
   151.600006         1.80381830E-05
   151.729996         1.81463874E-05
   151.860001         1.82459953E-05
   151.990005         1.83369411E-05
   152.119995         1.84191595E-05
   152.250000         1.84925957E-05
   152.380005         1.85571953E-05
   152.509995         1.86129146E-05
   152.639999         1.86597154E-05
   152.770004         1.86975685E-05
   152.899994         1.87264504E-05
   153.029999         1.87463447E-05
   153.160004         1.87572496E-05
   153.289993         1.87591631E-05
   153.419998         1.87520927E-05
   153.550003         1.87360529E-05
   153.679993         1.87110654E-05
   153.809998         1.86771504E-05
   153.940002         1.86343368E-05
   154.070007         1.85826520E-05
   154.199997         1.85221306E-05
   154.330002         1.84528089E-05
   154.460007         1.83747215E-05
   154.589996         1.82879103E-05
   154.720001         1.81924170E-05
   154.850006         1.80882889E-05
   154.979996         1.79755789E-05
   155.110001         1.78543396E-05
   155.240005         1.77246366E-05
   155.369995         1.75865407E-05
   155.500000         1.74401266E-05
   155.630005         1.72854816E-05
   155.759995         1.71226948E-05
   155.889999         1.69518698E-05
   156.020004         1.67731141E-05
   156.149994         1.65865422E-05
   156.279999         1.63922778E-05
   156.410004         1.61904463E-05
   156.539993         1.59811771E-05
   156.669998         1.57646045E-05
   156.800003         1.55408707E-05
   156.929993         1.53101137E-05
   157.059998         1.50724736E-05
   157.190002         1.48280988E-05
   157.320007         1.45771346E-05
   157.449997         1.43197312E-05
   157.580002         1.40560423E-05
   157.710007         1.37862262E-05
   157.839996         1.35104456E-05
   157.970001         1.32288678E-05
   158.100006         1.29416703E-05
   158.229996         1.26490340E-05
   158.360001         1.23511481E-05
   158.490005         1.20482091E-05
   158.619995         1.17404215E-05
   158.750000         1.14279937E-05
   158.880005         1.11111422E-05
   159.009995         1.07900878E-05
   159.139999         1.04650526E-05
   159.270004         1.01362639E-05
   159.399994         9.80394907E-06
   159.529999         9.46833552E-06
   159.660004         9.12964879E-06
   159.789993         8.78811625E-06
   159.919998         8.44396163E-06
   160.050003         8.09740686E-06
   160.179993         7.74867385E-06
   160.309998         7.39798088E-06
   160.440002         7.04554895E-06
   160.570007         6.69159817E-06
   160.699997         6.33634909E-06
   160.830002         5.98002453E-06
   160.960007         5.62285004E-06
   161.089996         5.26505391E-06
   161.220001         4.90686807E-06
   161.350006         4.54852579E-06
   161.479996         4.19026355E-06
   161.610001         3.83232054E-06
   161.740005         3.47493460E-06
   161.869995         3.11834606E-06
   162.000000         2.76279275E-06
   162.130005         2.40851000E-06
   162.259995         2.05573087E-06
   162.389999         1.70468286E-06
   162.520004         1.35558969E-06
   162.649994         1.00866919E-06
   162.779999         6.64134291E-07
   162.910004         3.22192335E-07
   163.039993        -1.69531411E-08
   163.169998        -3.53103474E-07
   163.300003        -6.86063515E-07
   163.429993        -1.01563978E-06
   163.559998        -1.34164134E-06
   163.690002        -1.66387758E-06
   163.820007        -1.98215889E-06
   163.949997        -2.29629518E-06
   164.080002        -2.60609681E-06
   164.210007        -2.91137462E-06
   164.339996        -3.21194011E-06
   164.470001        -3.50760638E-06
   164.600006        -3.79818857E-06
   164.729996        -4.08350570E-06
   164.860001        -4.36338132E-06
   164.990005        -4.63764354E-06
   165.119995        -4.90612865E-06
   165.250000        -5.16867885E-06
   165.380005        -5.42514363E-06
   165.509995        -5.67538018E-06
   165.639999        -5.91925300E-06
   165.770004        -6.15663384E-06
   165.899994        -6.38740039E-06
   166.029999        -6.61143622E-06
   166.160004        -6.82862947E-06
   166.289993        -7.03887190E-06
   166.419998        -7.24205893E-06
   166.550003        -7.43808687E-06
   166.679993        -7.62685295E-06
   166.809998        -7.80825849E-06
   166.940002        -7.98220481E-06
   167.070007        -8.14859504E-06
   167.199997        -8.30733370E-06
   167.330002        -8.45833074E-06
   167.460007        -8.60149885E-06
   167.589996        -8.73675344E-06
   167.720001        -8.86402086E-06
   167.850006        -8.98322833E-06
   167.979996        -9.09431583E-06
   168.110001        -9.19722788E-06
   168.240005        -9.29191901E-06
   168.369995        -9.37835102E-06
   168.500000        -9.45649390E-06
   168.630005        -9.52632581E-06
   168.759995        -9.58783039E-06
   168.889999        -9.64099763E-06
   169.020004        -9.68582481E-06
   169.149994        -9.72230828E-06
   169.279999        -9.75045077E-06
   169.410004        -9.77025866E-06
   169.539993        -9.78173830E-06
   169.669998        -9.78489879E-06
   169.800003        -9.77975196E-06
   169.929993        -9.76631236E-06
   170.059998        -9.74459726E-06
   170.190002        -9.71462850E-06
   170.320007        -9.67643336E-06
   170.449997        -9.63004459E-06
   170.580002        -9.57550037E-06
   170.710007        -9.51284801E-06
   170.839996        -9.44214207E-06
   170.970001        -9.36344441E-06
   171.100006        -9.27682868E-06
   171.229996        -9.18237311E-06
   171.360001        -9.08016227E-06
   171.490005        -8.97029076E-06
   171.619995        -8.85285499E-06
   171.750000        -8.72796136E-06
   171.880005        -8.59571355E-06
   172.009995        -8.45622162E-06
   172.139999        -8.30959743E-06
   172.270004        -8.15595195E-06
   172.399994        -7.99539794E-06
   172.529999        -7.82805000E-06
   172.660004        -7.65401819E-06
   172.789993        -7.47342028E-06
   172.919998        -7.28637224E-06
   173.050003        -7.09299275E-06
   173.179993        -6.89340732E-06
   173.309998        -6.68774283E-06
   173.440002        -6.47613206E-06
   173.570007        -6.25871462E-06
   173.699997        -6.03563467E-06
   173.830002        -5.80704591E-06
   173.960007        -5.57310568E-06
   174.089996        -5.33397815E-06
   174.220001        -5.08983248E-06
   174.350006        -4.84084330E-06
   174.479996        -4.58718569E-06
   174.610001        -4.32903880E-06
   174.740005        -4.06658319E-06
   174.869995        -3.79999938E-06
   175.000000        -3.52946790E-06
   175.130005        -3.25516794E-06
   175.259995        -2.97727661E-06
   175.389999        -2.69597308E-06
   175.520004        -2.41143402E-06
   175.649994        -2.12383816E-06
   175.779999        -1.83336340E-06
   175.910004        -1.54019176E-06
   176.039993        -1.24450492E-06
   176.169998        -9.46492321E-07
   176.300003        -6.46346166E-07
   176.429993        -3.44264208E-07
   176.559998        -4.04487146E-08
   176.690002         2.64892975E-07
   176.820007         5.71548753E-07
   176.949997         8.79301467E-07
   177.080002         1.18793298E-06
   177.210007         1.49722098E-06
   177.339996         1.80694394E-06
   177.470001         2.11687984E-06
   177.600006         2.42680812E-06
   177.729996         2.73651085E-06
   177.860001         3.04577247E-06
   177.990005         3.35438131E-06
   178.119995         3.66212907E-06
   178.250000         3.96881023E-06
   178.380005         4.27422265E-06
   178.509995         4.57816486E-06
   178.639999         4.88043861E-06
   178.770004         5.18084380E-06
   178.899994         5.47918216E-06
   179.029999         5.77525225E-06
   179.160004         6.06885123E-06
   179.289993         6.35977449E-06
   179.419998         6.64781510E-06
   179.550003         6.93276479E-06
   179.679993         7.21441347E-06
   179.809998         7.49255196E-06
   179.940002         7.76697016E-06
   180.070007         8.03746298E-06
   180.199997         8.30382669E-06
   180.330002         8.56586212E-06
   180.460007         8.82337736E-06
   180.589996         9.07618596E-06
   180.720001         9.32410876E-06
   180.850006         9.56697568E-06
   180.979996         9.80462119E-06
   181.110001         1.00368889E-05
   181.240005         1.02636286E-05
   181.369995         1.04846940E-05
   181.500000         1.06999460E-05
   181.630005         1.09092462E-05
   181.759995         1.11124600E-05
   181.889999         1.13094566E-05
   182.020004         1.15001021E-05
   182.149994         1.16842684E-05
   182.279999         1.18618245E-05
   182.410004         1.20326440E-05
   182.539993         1.21966004E-05
   182.669998         1.23535719E-05
   182.800003         1.25034394E-05
   182.929993         1.26460909E-05
   183.059998         1.27814183E-05
   183.190002         1.29093251E-05
   183.320007         1.30297194E-05
   183.449997         1.31425204E-05
