  -24.4200001         0.00000000    
  -24.2900009         0.00000000    
  -24.1599998         0.00000000    
  -24.0300007         0.00000000    
  -23.8999996         5.90238907E-29
  -23.7700005         5.15919895E-28
  -23.6399994         2.48776550E-27
  -23.5100002         8.73202000E-27
  -23.3799992         2.48929927E-26
  -23.2500000         6.10522258E-26
  -23.1200008         1.33398647E-25
  -22.9899998         2.65750205E-25
  -22.8600006         4.90629230E-25
  -22.7299995         8.49648259E-25
  -22.6000004         1.39311810E-24
  -22.4699993         2.17904602E-24
  -22.3400002         3.27202227E-24
  -22.2099991         4.74285422E-24
  -22.0799999         6.67012503E-24
  -21.9500008         9.14504675E-24
  -21.8199997         1.22809787E-23
  -21.6900005         1.62287211E-23
  -21.5599995         2.11981582E-23
  -21.4300003         2.74860596E-23
  -21.2999992         3.55088571E-23
  -21.1700001         4.58382049E-23
  -21.0400009         5.92363164E-23
  -20.9099998         7.66872196E-23
  -20.7800007         9.94201399E-23
  -20.6499996         1.28921064E-22
  -20.5200005         1.66929619E-22
  -20.3899994         2.15419662E-22
  -20.2600002         2.76563198E-22
  -20.1299992         3.52679743E-22
  -20.0000000         4.46174528E-22
  -19.8700008         5.59471059E-22
  -19.7399998         6.94945361E-22
  -19.6100006         8.54868747E-22
  -19.4799995         1.04136859E-21
  -19.3500004         1.25641313E-21
  -19.2199993         1.50182658E-21
  -19.0900002         1.77934062E-21
  -18.9599991         2.09068082E-21
  -18.8299999         2.43768996E-21
  -18.7000008         2.82247899E-21
  -18.5699997         3.24760156E-21
  -18.4400005         3.71623855E-21
  -18.3099995         4.23237300E-21
  -18.1800003         4.80094052E-21
  -18.0499992         5.42793898E-21
  -17.9200001         6.12046889E-21
  -17.7900009         6.88671965E-21
  -17.6599998         7.73586821E-21
  -17.5300007         8.67791707E-21
  -17.3999996         9.72345559E-21
  -17.2700005         1.08833526E-20
  -17.1399994         1.21683866E-20
  -17.0100002         1.35888326E-20
  -16.8799992         1.51540361E-20
  -16.7500000         1.68720643E-20
  -16.6200008         1.87494703E-20
  -16.4899998         2.07912235E-20
  -16.3600006         2.30007505E-20
  -16.2299995         2.53800031E-20
  -16.1000004         2.79294044E-20
  -15.9700003         3.06476330E-20
  -15.8400002         3.35313946E-20
  -15.7100000         3.65755421E-20
  -15.5799999         3.97740104E-20
  -15.4499998         4.31218559E-20
  -15.3199997         4.66181351E-20
  -15.1899996         5.02686156E-20
  -15.0600004         5.40864516E-20
  -14.9300003         5.80893078E-20
  -14.8000002         6.22920639E-20
  -14.6700001         6.66966520E-20
  -14.5400000         7.12832457E-20
  -14.4099998         7.60083405E-20
  -14.2799997         8.08150482E-20
  -14.1499996         8.56566915E-20
  -14.0200005         9.05283846E-20
  -13.8900003         9.54934070E-20
  -13.7600002         1.00687358E-19
  -13.6300001         1.06285199E-19
  -13.5000000         1.12427442E-19
  -13.3699999         1.19120354E-19
  -13.2399998         1.26144591E-19
  -13.1099997         1.33018785E-19
  -12.9799995         1.39060590E-19
  -12.8500004         1.43562042E-19
  -12.7200003         1.46052476E-19
  -12.5900002         1.46574905E-19
  -12.4600000         1.45865934E-19
  -12.3299999         1.45329998E-19
  -12.1999998         1.46741246E-19
  -12.0699997         1.51692775E-19
  -11.9399996         1.60915839E-19
  -11.8100004         1.73677556E-19
  -11.6800003         1.87496008E-19
  -11.5500002         1.98362719E-19
  -11.4200001         2.01528869E-19
  -11.2900000         1.92732307E-19
  -11.1599998         1.69569040E-19
  -11.0299997         1.32608232E-19
  -10.8999996         8.58696259E-20
  -10.7700005         3.64257901E-20
  -10.6400003        -6.86349721E-21
  -10.5100002        -3.52163260E-20
  -10.3800001        -4.19319114E-20
  -10.2500000        -2.40242670E-20
  -10.1199999         1.69009462E-20
  -9.98999977         7.46602752E-20
  -9.85999966         1.39235022E-19
  -9.72999954         1.97863735E-19
  -9.60000038         2.36057727E-19
  -9.47000027         2.38281757E-19
  -9.34000015         1.88364212E-19
  -9.21000004         7.00765184E-20
  -9.07999992        -1.31439413E-19
  -8.94999981        -4.26735344E-19
  -8.81999969        -8.17319275E-19
  -8.68999958        -1.28950695E-18
  -8.56000042        -1.80807620E-18
  -8.43000031        -2.31169477E-18
  -8.30000019        -2.71250080E-18
  -8.17000008        -2.90206826E-18
  -8.03999996        -2.76516346E-18
  -7.90999985        -2.20125727E-18
  -7.78000021        -1.15186999E-18
  -7.65000010         3.70156810E-19
  -7.51999998         2.25509225E-18
  -7.38999987         4.28100709E-18
  -7.26000023         6.11518290E-18
  -7.13000011         7.33723679E-18
  -7.00000000         7.48613095E-18
  -6.86999989         6.12923174E-18
  -6.73999977         2.94698603E-18
  -6.61000013        -2.17782903E-18
  -6.48000002        -9.08088472E-18
  -6.34999990        -1.72634397E-17
  -6.21999979        -2.58812257E-17
  -6.09000015        -3.37866322E-17
  -5.96000004        -3.96289493E-17
  -5.82999992        -4.20086751E-17
  -5.69999981        -3.96724491E-17
  -5.57000017        -3.17261153E-17
  -5.44000006        -1.78373542E-17
  -5.30999994         1.60329513E-18
  -5.17999983         2.53922445E-17
  -5.05000019         5.15155744E-17
  -4.92000008         7.72565384E-17
  -4.78999996         9.94060926E-17
  -4.65999985         1.14560941E-16
  -4.53000021         1.19481171E-16
  -4.40000010         1.11469959E-16
  -4.26999998         8.87329415E-17
  -4.13999987         5.06759199E-17
  -4.01000023        -1.89581235E-18
  -3.88000011        -6.67018329E-17
  -3.75000000        -1.40047991E-16
  -3.61999989        -2.17022507E-16
  -3.49000001        -2.91811215E-16
  -3.35999990        -3.58105598E-16
  -3.23000002        -4.09568806E-16
  -3.09999990        -4.40323857E-16
  -2.97000003        -4.45429375E-16
  -2.83999991        -4.21314744E-16
  -2.71000004        -3.66153179E-16
  -2.57999992        -2.80162024E-16
  -2.45000005        -1.65826141E-16
  -2.31999993        -2.80400530E-17
  -2.19000006         1.25827618E-16
  -2.05999994         2.85950197E-16
  -1.92999995         4.40147171E-16
  -1.79999995         5.74088280E-16
  -1.66999996         6.71608877E-16
  -1.53999996         7.15160664E-16
  -1.40999997         6.86401725E-16
  -1.27999997         5.66939269E-16
  -1.14999998         3.39216525E-16
  -1.01999998        -1.24784282E-17
 -0.889999986        -5.00908392E-16
 -0.759999990        -1.13476623E-15
 -0.629999995        -1.91758116E-15
 -0.500000000        -2.84675343E-15
 -0.370000005        -3.91279586E-15
 -0.239999995        -5.09887492E-15
 -0.109999999        -6.38075213E-15
   1.99999996E-02    -7.72711989E-15
  0.150000006        -9.10042881E-15
  0.280000001        -1.04582006E-14
  0.409999996        -1.17547023E-14
  0.540000021        -1.29431047E-14
  0.670000017        -1.39778097E-14
  0.800000012        -1.48169373E-14
  0.930000007        -1.54248816E-14
   1.05999994        -1.57746046E-14
   1.19000006        -1.58497517E-14
   1.32000005        -1.56462723E-14
   1.45000005        -1.51735314E-14
   1.58000004        -1.44547850E-14
   1.71000004        -1.35269781E-14
   1.84000003        -1.24398621E-14
   1.97000003        -1.12544505E-14
   2.09999990        -1.00408353E-14
   2.23000002        -8.87553309E-15
   2.35999990        -7.83843781E-15
   2.49000001        -7.00953052E-15
   2.61999989        -6.46557867E-15
   2.75000000        -6.27691521E-15
   2.88000011        -6.50454218E-15
   3.00999999        -7.19764722E-15
   3.14000010        -8.39171804E-15
   3.26999998        -1.01073028E-14
   3.40000010        -1.23494752E-14
   3.52999997        -1.51079846E-14
   3.66000009        -1.83580873E-14
   3.78999996        -2.20619048E-14
   3.92000008        -2.61702501E-14
   4.05000019        -3.06247506E-14
   4.17999983        -3.53601392E-14
   4.30999994        -4.03066354E-14
   4.44000006        -4.53922381E-14
   4.57000017        -5.05449429E-14
   4.69999981        -5.56949235E-14
   4.82999992        -6.07765520E-14
   4.96000004        -6.57303937E-14
   5.09000015        -7.05052675E-14
   5.21999979        -7.50603193E-14
   5.34999990        -7.93672176E-14
   5.48000002        -8.34122132E-14
   5.61000013        -8.71981862E-14
   5.73999977        -9.07463801E-14
   5.86999989        -9.40975610E-14
   6.00000000        -9.73124576E-14
   6.13000011        -1.00471064E-13
   6.26000023        -1.03670782E-13
   6.38999987        -1.07022931E-13
   6.51999998        -1.10648016E-13
   6.65000010        -1.14669396E-13
   6.78000021        -1.19206118E-13
   6.90999985        -1.24364725E-13
   7.03999996        -1.30231397E-13
   7.17000008        -1.36864275E-13
   7.30000019        -1.44287590E-13
   7.42999983        -1.52487398E-13
   7.55999994        -1.61410490E-13
   7.69000006        -1.70966296E-13
   7.82000017        -1.81032191E-13
   7.94999981        -1.91462487E-13
   8.07999992        -2.02100191E-13
   8.21000004        -2.12791387E-13
   8.34000015        -2.23400820E-13
   8.47000027        -2.33827579E-13
   8.60000038        -2.44019865E-13
   8.72999954        -2.53986800E-13
   8.85999966        -2.63806934E-13
   8.98999977        -2.73631513E-13
   9.11999989        -2.83682474E-13
   9.25000000        -2.94244880E-13
   9.38000011        -3.05654156E-13
   9.51000023        -3.18278444E-13
   9.64000034        -3.32498298E-13
   9.77000046        -3.48684108E-13
   9.89999962        -3.67174390E-13
   10.0299997        -3.88255102E-13
   10.1599998        -4.12143383E-13
   10.2900000        -4.38975706E-13
   10.4200001        -4.68802297E-13
   10.5500002        -5.01587595E-13
   10.6800003        -5.37217135E-13
   10.8100004        -5.75510126E-13
   10.9399996        -6.16236391E-13
   11.0699997        -6.59135886E-13
   11.1999998        -7.03939999E-13
   11.3299999        -7.50391665E-13
   11.4600000        -7.98263419E-13
   11.5900002        -8.47370839E-13
   11.7200003        -8.97582193E-13
   11.8500004        -9.48821750E-13
   11.9799995        -1.00106718E-12
   12.1099997        -1.05434162E-12
   12.2399998        -1.10870243E-12
   12.3699999        -1.16422605E-12
   12.5000000        -1.22099086E-12
   12.6300001        -1.27906160E-12
   12.7600002        -1.33847382E-12
   12.8900003        -1.39922340E-12
   13.0200005        -1.46125852E-12
   13.1499996        -1.52447781E-12
   13.2799997        -1.58873316E-12
   13.4099998        -1.65383809E-12
   13.5400000        -1.71957999E-12
   13.6700001        -1.78573508E-12
   13.8000002        -1.85208663E-12
   13.9300003        -1.91844240E-12
   14.0600004        -1.98465073E-12
   14.1899996        -2.05061532E-12
   14.3199997        -2.11630344E-12
   14.4499998        -2.18175304E-12
   14.5799999        -2.24707189E-12
   14.7100000        -2.31243323E-12
   14.8400002        -2.37806476E-12
   14.9700003        -2.44423687E-12
   15.1000004        -2.51124577E-12
   15.2299995        -2.57939590E-12
   15.3599997        -2.64898455E-12
   15.4899998        -2.72028428E-12
   15.6199999        -2.79353342E-12
   15.7500000        -2.86892732E-12
   15.8800001        -2.94661496E-12
   16.0100002        -3.02670324E-12
   16.1399994        -3.10926263E-12
   16.2700005        -3.19434214E-12
   16.3999996        -3.28198254E-12
   16.5300007        -3.37223717E-12
   16.6599998        -3.46518972E-12
   16.7900009        -3.56097313E-12
   16.9200001        -3.65978645E-12
   17.0499992        -3.76190528E-12
   17.1800003        -3.86769046E-12
   17.3099995        -3.97758649E-12
   17.4400005        -4.09211684E-12
   17.5699997        -4.21187000E-12
   17.7000008        -4.33748003E-12
   17.8299999        -4.46960264E-12
   17.9599991        -4.60888402E-12
   18.0900002        -4.75593002E-12
   18.2199993        -4.91127148E-12
   18.3500004        -5.07533252E-12
   18.4799995        -5.24840154E-12
   18.6100006        -5.43060432E-12
   18.7399998        -5.62188707E-12
   18.8700008        -5.82200477E-12
   19.0000000        -6.03051767E-12
   19.1299992        -6.24679865E-12
   19.2600002        -6.47004585E-12
   19.3899994        -6.69930691E-12
   19.5200005        -6.93350585E-12
   19.6499996        -7.17148042E-12
   19.7800007        -7.41201458E-12
   19.9099998        -7.65387840E-12
   20.0400009        -7.89586018E-12
   20.1700001        -8.13679939E-12
   20.2999992        -8.37561270E-12
   20.4300003        -8.61130698E-12
   20.5599995        -8.84298971E-12
   20.6900005        -9.06987332E-12
   20.8199997        -9.29126394E-12
   20.9500008        -9.50654659E-12
   21.0799999        -9.71517138E-12
   21.2099991        -9.91662915E-12
   21.3400002        -1.01104342E-11
   21.4699993        -1.02961060E-11
   21.6000004        -1.04731562E-11
   21.7299995        -1.06410861E-11
   21.8600006        -1.07993926E-11
   21.9899998        -1.09475796E-11
   22.1200008        -1.10851796E-11
   22.2500000        -1.12117850E-11
   22.3799992        -1.13270825E-11
   22.5100002        -1.14308884E-11
   22.6399994        -1.15231878E-11
   22.7700005        -1.16041638E-11
   22.8999996        -1.16742206E-11
   23.0300007        -1.17339957E-11
   23.1599998        -1.17843617E-11
   23.2900009        -1.18264027E-11
   23.4200001        -1.18613921E-11
   23.5499992        -1.18907419E-11
   23.6800003        -1.19159526E-11
   23.8099995        -1.19385474E-11
   23.9400005        -1.19600059E-11
   24.0699997        -1.19817030E-11
   24.2000008        -1.20048485E-11
   24.3299999        -1.20304435E-11
   24.4599991        -1.20592468E-11
   24.5900002        -1.20917625E-11
   24.7199993        -1.21282368E-11
   24.8500004        -1.21686845E-11
   24.9799995        -1.22129225E-11
   25.1100006        -1.22606127E-11
   25.2399998        -1.23113178E-11
   25.3700008        -1.23645504E-11
   25.5000000        -1.24198308E-11
   25.6299992        -1.24767150E-11
   25.7600002        -1.25348325E-11
   25.8899994        -1.25938817E-11
   26.0200005        -1.26536325E-11
   26.1499996        -1.27138933E-11
   26.2800007        -1.27744655E-11
   26.4099998        -1.28350932E-11
   26.5400009        -1.28954009E-11
   26.6700001        -1.29548264E-11
   26.7999992        -1.30125667E-11
   26.9300003        -1.30675366E-11
   27.0599995        -1.31183302E-11
   27.1900005        -1.31632214E-11
   27.3199997        -1.32001779E-11
   27.4500008        -1.32268996E-11
   27.5799999        -1.32408763E-11
   27.7099991        -1.32394729E-11
   27.8400002        -1.32200232E-11
   27.9699993        -1.31799224E-11
   28.1000004        -1.31167351E-11
   28.2299995        -1.30282781E-11
   28.3600006        -1.29127074E-11
   28.4899998        -1.27685692E-11
   28.6200008        -1.25948392E-11
   28.7500000        -1.23909312E-11
   28.8799992        -1.21566776E-11
   29.0100002        -1.18922944E-11
   29.1399994        -1.15983213E-11
   29.2700005        -1.12755517E-11
   29.3999996        -1.09249528E-11
   29.5300007        -1.05475914E-11
   29.6599998        -1.01445597E-11
   29.7900009        -9.71692084E-12
   29.9200001        -9.26567156E-12
   30.0499992        -8.79172690E-12
   30.1800003        -8.29592471E-12
   30.3099995        -7.77905518E-12
   30.4400005        -7.24191844E-12
   30.5699997        -6.68537751E-12
   30.7000008        -6.11043985E-12
   30.8299999        -5.51832711E-12
   30.9599991        -4.91054463E-12
   31.0900002        -4.28894333E-12
   31.2199993        -3.65574845E-12
   31.3500004        -3.01357507E-12
   31.4799995        -2.36541537E-12
   31.6100006        -1.71459277E-12
   31.7399998        -1.06469358E-12
   31.8700008        -4.19476004E-13
   32.0000000         2.17242226E-13
   32.1300011         8.41699757E-13
   32.2599983         1.45031155E-12
   32.3899994         2.03978067E-12
   32.5200005         2.60718964E-12
   32.6500015         3.15007677E-12
   32.7799988         3.66646730E-12
   32.9099998         4.15488694E-12
   33.0400009         4.61432672E-12
   33.1699982         5.04418599E-12
   33.2999992         5.44417853E-12
   33.4300003         5.81421846E-12
   33.5600014         6.15429496E-12
   33.6899986         6.46434035E-12
   33.8199997         6.74411785E-12
   33.9500008         6.99310011E-12
   34.0800018         7.21040588E-12
   34.2099991         7.39475668E-12
   34.3400002         7.54446245E-12
   34.4700012         7.65746667E-12
   34.5999985         7.73141186E-12
   34.7299995         7.76375145E-12
   34.8600006         7.75186946E-12
   34.9900017         7.69322973E-12
   35.1199989         7.58551902E-12
   35.2500000         7.42677881E-12
   35.3800011         7.21552288E-12
   35.5099983         6.95081709E-12
   35.6399994         6.63231319E-12
   35.7700005         6.26025317E-12
   35.9000015         5.83542849E-12
   36.0299988         5.35907646E-12
   36.1599998         4.83277264E-12
   36.2900009         4.25827646E-12
   36.4199982         3.63737361E-12
   36.5499992         2.97169559E-12
   36.6800003         2.26258964E-12
   36.8100014         1.51097852E-12
   36.9399986         7.17287612E-13
   37.0699997        -1.18631288E-13
   37.2000008        -9.97483996E-13
   37.3300018        -1.92049176E-12
   37.4599991        -2.88930967E-12
   37.5900002        -3.90590815E-12
   37.7200012        -4.97240877E-12
   37.8499985        -6.09096150E-12
   37.9799995        -7.26355738E-12
   38.1100006        -8.49190943E-12
   38.2400017        -9.77733953E-12
   38.3699989        -1.11207051E-11
   38.5000000        -1.25223712E-11
   38.6300011        -1.39822416E-11
   38.7599983        -1.54998184E-11
   38.8899994        -1.70743229E-11
   39.0200005        -1.87048016E-11
   39.1500015        -2.03903006E-11
   39.2799988        -2.21300062E-11
   39.4099998        -2.39233650E-11
   39.5400009        -2.57702037E-11
   39.6699982        -2.76707789E-11
   39.7999992        -2.96257949E-11
   39.9300003        -3.16363533E-11
   40.0600014        -3.37038522E-11
   40.1899986        -3.58298217E-11
   40.3199997        -3.80157641E-11
   40.4500008        -4.02629249E-11
   40.5800018        -4.25720882E-11
   40.7099991        -4.49433199E-11
   40.8400002        -4.73758151E-11
   40.9700012        -4.98677835E-11
   41.0999985        -5.24162901E-11
   41.2299995        -5.50172720E-11
   41.3600006        -5.76655529E-11
   41.4900017        -6.03549918E-11
   41.6199989        -6.30785146E-11
   41.7500000        -6.58284122E-11
   41.8800011        -6.85964965E-11
   42.0099983        -7.13743023E-11
   42.1399994        -7.41532946E-11
   42.2700005        -7.69250566E-11
   42.4000015        -7.96813726E-11
   42.5299988        -8.24143184E-11
   42.6599998        -8.51162682E-11
   42.7900009        -8.77798528E-11
   42.9199982        -9.03978281E-11
   43.0499992        -9.29629707E-11
   43.1800003        -9.54678905E-11
   43.3100014        -9.79048786E-11
   43.4399986        -1.00265719E-10
   43.5699997        -1.02541586E-10
   43.7000008        -1.04722946E-10
   43.8300018        -1.06799521E-10
   43.9599991        -1.08760348E-10
   44.0900002        -1.10593833E-10
   44.2200012        -1.12287929E-10
   44.3499985        -1.13830369E-10
   44.4799995        -1.15208863E-10
   44.6100006        -1.16411353E-10
   44.7400017        -1.17426291E-10
   44.8699989        -1.18242860E-10
   45.0000000        -1.18851151E-10
   45.1300011        -1.19242297E-10
   45.2599983        -1.19408608E-10
   45.3899994        -1.19343466E-10
   45.5200005        -1.19041346E-10
   45.6500015        -1.18497642E-10
   45.7799988        -1.17708482E-10
   45.9099998        -1.16670520E-10
   46.0400009        -1.15380670E-10
   46.1699982        -1.13835906E-10
   46.2999992        -1.12033015E-10
   46.4300003        -1.09968423E-10
   46.5600014        -1.07638100E-10
   46.6899986        -1.05037458E-10
   46.8199997        -1.02161446E-10
   46.9500008        -9.90045476E-11
   47.0800018        -9.55609827E-11
   47.2099991        -9.18248949E-11
   47.3400002        -8.77906081E-11
   47.4700012        -8.34528280E-11
   47.5999985        -7.88069332E-11
   47.7299995        -7.38491976E-11
   47.8600006        -6.85769636E-11
   47.9900017        -6.29887531E-11
   48.1199989        -5.70843095E-11
   48.2500000        -5.08646250E-11
   48.3800011        -4.43318542E-11
   48.5099983        -3.74890674E-11
   48.6399994        -3.03401540E-11
   48.7700005        -2.28895427E-11
   48.9000015        -1.51419120E-11
   49.0299988        -7.10199521E-12
   49.1599998         1.22569034E-12
   49.2900009         9.83698800E-12
   49.4199982         1.87282551E-11
   49.5499992         2.78963831E-11
   49.6800003         3.73387259E-11
   49.8100014         4.70530767E-11
   49.9399986         5.70374616E-11
   50.0699997         6.72898265E-11
   50.2000008         7.78078296E-11
   50.3300018         8.85885670E-11
   50.4599991         9.96281876E-11
   50.5900002         1.10921730E-10
   50.7200012         1.22462790E-10
   50.8499985         1.34243436E-10
   50.9799995         1.46254092E-10
   51.1100006         1.58483560E-10
   51.2400017         1.70919043E-10
   51.3699989         1.83546359E-10
   51.5000000         1.96350186E-10
   51.6300011         2.09314177E-10
   51.7599983         2.22421359E-10
   51.8899994         2.35654357E-10
   52.0200005         2.48995741E-10
   52.1500015         2.62428024E-10
   52.2799988         2.75933859E-10
   52.4099998         2.89496122E-10
   52.5400009         3.03097714E-10
   52.6699982         3.16721621E-10
   52.7999992         3.30350552E-10
   52.9300003         3.43966744E-10
   53.0600014         3.57551544E-10
   53.1899986         3.71085274E-10
   53.3199997         3.84546839E-10
   53.4500008         3.97913646E-10
   53.5800018         4.11161327E-10
   53.7099991         4.24263902E-10
   53.8400002         4.37193753E-10
   53.9700012         4.49921822E-10
   54.0999985         4.62417965E-10
   54.2299995         4.74651263E-10
   54.3600006         4.86590490E-10
   54.4900017         4.98204755E-10
   54.6199989         5.09463749E-10
   54.7500000         5.20337884E-10
   54.8800011         5.30799293E-10
   55.0099983         5.40821332E-10
   55.1399994         5.50378965E-10
   55.2700005         5.59448599E-10
   55.4000015         5.68007974E-10
   55.5299988         5.76035775E-10
   55.6599998         5.83511184E-10
   55.7900009         5.90413607E-10
   55.9199982         5.96722116E-10
   56.0499992         6.02415118E-10
   56.1800003         6.07470130E-10
   56.3100014         6.11863393E-10
   56.4399986         6.15570039E-10
   56.5699997         6.18564255E-10
   56.7000008         6.20819229E-10
   56.8300018         6.22307983E-10
   56.9599991         6.23003593E-10
   57.0900002         6.22880025E-10
   57.2200012         6.21912299E-10
   57.3499985         6.20077711E-10
   57.4799995         6.17355778E-10
   57.6100006         6.13728790E-10
   57.7400017         6.09181927E-10
   57.8699989         6.03703754E-10
   58.0000000         5.97285388E-10
   58.1300011         5.89920612E-10
   58.2599983         5.81605430E-10
   58.3899994         5.72337011E-10
   58.5200005         5.62113578E-10
   58.6500015         5.50933466E-10
   58.7799988         5.38794509E-10
   58.9099998         5.25693600E-10
   59.0400009         5.11626075E-10
   59.1699982         4.96586050E-10
   59.2999992         4.80565698E-10
   59.4300003         4.63556027E-10
   59.5600014         4.45546933E-10
   59.6899986         4.26528035E-10
   59.8199997         4.06488926E-10
   59.9500008         3.85420418E-10
   60.0800018         3.63314767E-10
   60.2099991         3.40166673E-10
   60.3400002         3.15973858E-10
   60.4700012         2.90737351E-10
   60.5999985         2.64461730E-10
   60.7299995         2.37155323E-10
   60.8600006         2.08829870E-10
   60.9900017         1.79500484E-10
   61.1199989         1.49184790E-10
   61.2500000         1.17902701E-10
   61.3800011         8.56757998E-11
   61.5099983         5.25264623E-11
   61.6399994         1.84775389E-11
   61.7700005        -1.64482802E-11
   61.9000015        -5.22283640E-11
   62.0299988        -8.88406917E-11
   62.1599998        -1.26263208E-10
   62.2900009        -1.64473879E-10
   62.4199982        -2.03450354E-10
   62.5499992        -2.43169096E-10
   62.6800003        -2.83605001E-10
   62.8100014        -3.24730326E-10
   62.9399986        -3.66514596E-10
   63.0699997        -4.08923784E-10
   63.2000008        -4.51919779E-10
   63.3300018        -4.95460617E-10
   63.4599991        -5.39499889E-10
   63.5900002        -5.83987247E-10
   63.7200012        -6.28868957E-10
   63.8499985        -6.74088008E-10
   63.9799995        -7.19584947E-10
   64.1100006        -7.65298602E-10
   64.2399979        -8.11167078E-10
   64.3700027        -8.57128146E-10
   64.5000000        -9.03120023E-10
   64.6299973        -9.49081813E-10
   64.7600021        -9.94953897E-10
   64.8899994        -1.04067821E-09
   65.0199966        -1.08619802E-09
   65.1500015        -1.13145748E-09
   65.2799988        -1.17640164E-09
   65.4100037        -1.22097621E-09
   65.5400009        -1.26512600E-09
   65.6699982        -1.30879563E-09
   65.8000031        -1.35192801E-09
   65.9300003        -1.39446443E-09
   66.0599976        -1.43634371E-09
   66.1900024        -1.47750323E-09
   66.3199997        -1.51787793E-09
   66.4499969        -1.55740065E-09
   66.5800018        -1.59600366E-09
   66.7099991        -1.63361780E-09
   66.8399963        -1.67017422E-09
   66.9700012        -1.70560455E-09
   67.0999985        -1.73984172E-09
   67.2300034        -1.77282056E-09
   67.3600006        -1.80447846E-09
   67.4899979        -1.83475513E-09
   67.6200027        -1.86359372E-09
   67.7500000        -1.89093985E-09
   67.8799973        -1.91674121E-09
   68.0100021        -1.94094785E-09
   68.1399994        -1.96351158E-09
   68.2699966        -1.98438355E-09
   68.4000015        -2.00351624E-09
   68.5299988        -2.02086059E-09
   68.6600037        -2.03636685E-09
   68.7900009        -2.04998329E-09
   68.9199982        -2.06165640E-09
   69.0500031        -2.07133088E-09
   69.1800003        -2.07894990E-09
   69.3099976        -2.08445616E-09
   69.4400024        -2.08779150E-09
   69.5699997        -2.08889839E-09
   69.6999969        -2.08772066E-09
   69.8300018        -2.08420414E-09
   69.9599991        -2.07829820E-09
   70.0899963        -2.06995576E-09
   70.2200012        -2.05913375E-09
   70.3499985        -2.04579442E-09
   70.4800034        -2.02990402E-09
   70.6100006        -2.01143324E-09
   70.7399979        -1.99035788E-09
   70.8700027        -1.96665595E-09
   71.0000000        -1.94030969E-09
   71.1299973        -1.91130267E-09
   71.2600021        -1.87962024E-09
   71.3899994        -1.84524873E-09
   71.5199966        -1.80817517E-09
   71.6500015        -1.76838622E-09
   71.7799988        -1.72586867E-09
   71.9100037        -1.68060998E-09
   72.0400009        -1.63259828E-09
   72.1699982        -1.58182212E-09
   72.3000031        -1.52827273E-09
   72.4300003        -1.47194434E-09
   72.5599976        -1.41283429E-09
   72.6900024        -1.35094536E-09
   72.8199997        -1.28628508E-09
   72.9499969        -1.21886745E-09
   73.0800018        -1.14871201E-09
   73.2099991        -1.07584552E-09
   73.3399963        -1.00030095E-09
   73.4700012        -9.22117327E-10
   73.5999985        -8.41339109E-10
   73.7300034        -7.58015872E-10
   73.8600006        -6.72200851E-10
   73.9899979        -5.83950999E-10
   74.1200027        -4.93325880E-10
   74.2500000        -4.00386418E-10
   74.3799973        -3.05195286E-10
   74.5100021        -2.07815737E-10
   74.6399994        -1.08312123E-10
   74.7699966        -6.75012043E-12
   74.9000015         9.68029268E-11
   75.0299988         2.02278361E-10
   75.1600037         3.09604287E-10
   75.2900009         4.18705876E-10
   75.4199982         5.29503719E-10
   75.5500031         6.41913800E-10
   75.6800003         7.55846385E-10
   75.8099976         8.71206551E-10
   75.9400024         9.87893101E-10
   76.0699997         1.10579956E-09
   76.1999969         1.22481381E-09
   76.3300018         1.34481837E-09
   76.4599991         1.46569268E-09
   76.5899963         1.58731261E-09
   76.7200012         1.70955161E-09
   76.8499985         1.83228210E-09
   76.9800034         1.95537586E-09
   77.1100006         2.07870476E-09
   77.2399979         2.20214202E-09
   77.3700027         2.32556174E-09
   77.5000000         2.44883958E-09
   77.6299973         2.57185118E-09
   77.7600021         2.69447376E-09
   77.8899994         2.81658452E-09
   78.0199966         2.93805935E-09
   78.1500015         3.05877412E-09
   78.2799988         3.17860227E-09
   78.4100037         3.29741479E-09
   78.5400009         3.41507977E-09
   78.6699982         3.53146290E-09
   78.8000031         3.64642561E-09
   78.9300003         3.75982845E-09
   79.0599976         3.87152888E-09
   79.1900024         3.98138278E-09
   79.3199997         4.08924583E-09
   79.4499969         4.19497503E-09
   79.5800018         4.29842739E-09
   79.7099991         4.39946435E-09
   79.8399963         4.49794868E-09
   79.9700012         4.59374849E-09
   80.0999985         4.68673544E-09
   80.2300034         4.77678652E-09
   80.3600006         4.86378271E-09
   80.4899979         4.94760855E-09
   80.6200027         5.02815345E-09
   80.7500000         5.10530906E-09
   80.8799973         5.17896837E-09
   81.0100021         5.24902832E-09
   81.1399994         5.31538458E-09
   81.2699966         5.37793365E-09
   81.4000015         5.43657341E-09
   81.5299988         5.49120083E-09
   81.6600037         5.54171464E-09
   81.7900009         5.58801272E-09
   81.9199982         5.62999647E-09
   82.0500031         5.66756952E-09
   82.1800003         5.70063863E-09
   82.3099976         5.72911629E-09
   82.4400024         5.75292036E-09
   82.5699997         5.77197401E-09
   82.6999969         5.78620885E-09
   82.8300018         5.79556270E-09
   82.9599991         5.79998227E-09
   83.0899963         5.79942050E-09
   83.2200012         5.79383652E-09
   83.3499985         5.78319614E-09
   83.4800034         5.76747050E-09
   83.6100006         5.74663428E-09
   83.7399979         5.72066705E-09
   83.8700027         5.68954883E-09
   84.0000000         5.65326319E-09
   84.1299973         5.61179503E-09
   84.2600021         5.56513191E-09
   84.3899994         5.51326185E-09
   84.5199966         5.45617684E-09
   84.6500015         5.39387113E-09
   84.7799988         5.32634425E-09
   84.9100037         5.25359978E-09
   85.0400009         5.17564924E-09
   85.1699982         5.09250997E-09
   85.3000031         5.00420905E-09
   85.4300003         4.91078334E-09
   85.5599976         4.81227858E-09
   85.6900024         4.70874939E-09
   85.8199997         4.60026017E-09
   85.9499969         4.48688420E-09
   86.0800018         4.36870362E-09
   86.2099991         4.24580548E-09
   86.3399963         4.11828349E-09
   86.4700012         3.98623712E-09
   86.5999985         3.84976717E-09
   86.7300034         3.70897824E-09
   86.8600006         3.56397689E-09
   86.9899979         3.41487039E-09
   87.1200027         3.26176752E-09
   87.2500000         3.10477866E-09
   87.3799973         2.94401659E-09
   87.5100021         2.77959633E-09
   87.6399994         2.61163602E-09
   87.7699966         2.44025866E-09
   87.9000015         2.26559149E-09
   88.0299988         2.08776907E-09
   88.1600037         1.90693128E-09
   88.2900009         1.72322467E-09
   88.4199982         1.53680235E-09
   88.5500031         1.34782374E-09
   88.6800003         1.15645382E-09
   88.8099976         9.62861235E-10
   88.9400024         7.67218733E-10
   89.0699997         5.69700453E-10
   89.1999969         3.70480896E-10
   89.3300018         1.69733130E-10
   89.4599991        -3.23698013E-11
   89.5899963        -2.35659436E-10
   89.7200012        -4.39968673E-10
   89.8499985        -6.45135445E-10
   89.9800034        -8.51000770E-10
   90.1100006        -1.05740761E-09
   90.2399979        -1.26420185E-09
   90.3700027        -1.47123225E-09
   90.5000000        -1.67834546E-09
   90.6299973        -1.88538962E-09
   90.7600021        -2.09221129E-09
   90.8899994        -2.29865504E-09
   91.0199966        -2.50456345E-09
   91.1500015        -2.70977640E-09
   91.2799988        -2.91413249E-09
   91.4100037        -3.11746851E-09
   91.5400009        -3.31962080E-09
   91.6699982        -3.52042684E-09
   91.8000031        -3.71972453E-09
   91.9300003        -3.91735622E-09
   92.0599976        -4.11316758E-09
   92.1900024        -4.30700942E-09
   92.3199997        -4.49873871E-09
   92.4499969        -4.68821870E-09
   92.5800018        -4.87531882E-09
   92.7099991        -5.05991471E-09
   92.8399963        -5.24188781E-09
   92.9700012        -5.42112444E-09
   93.0999985        -5.59751623E-09
   93.2300034        -5.77095571E-09
   93.3600006        -5.94133986E-09
   93.4899979        -6.10856699E-09
   93.6200027        -6.27253449E-09
   93.7500000        -6.43314158E-09
   93.8799973        -6.59028832E-09
   94.0100021        -6.74387479E-09
   94.1399994        -6.89380197E-09
   94.2699966        -7.03997394E-09
   94.4000015        -7.18229876E-09
   94.5299988        -7.32068894E-09
   94.6600037        -7.45506146E-09
   94.7900009        -7.58534302E-09
   94.9199982        -7.71146791E-09
   95.0500031        -7.83338017E-09
   95.1800003        -7.95103272E-09
   95.3099976        -8.06438827E-09
   95.4400024        -8.17342194E-09
   95.5699997        -8.27811597E-09
   95.6999969        -8.37846148E-09
   95.8300018        -8.47446024E-09
   95.9599991        -8.56611493E-09
   96.0899963        -8.65343708E-09
   96.2200012        -8.73644446E-09
   96.3499985        -8.81515483E-09
   96.4800034        -8.88958951E-09
   96.6100006        -8.95977159E-09
   96.7399979        -9.02572772E-09
   96.8700027        -9.08748454E-09
   97.0000000        -9.14507226E-09
   97.1299973        -9.19852550E-09
   97.2600021        -9.24788157E-09
   97.3899994        -9.29318222E-09
   97.5199966        -9.33447630E-09
   97.6500015        -9.37181621E-09
   97.7799988        -9.40526412E-09
   97.9100037        -9.43488754E-09
   98.0400009        -9.46076018E-09
   98.1699982        -9.48296108E-09
   98.3000031        -9.50157730E-09
   98.4300003        -9.51669765E-09
   98.5599976        -9.52841539E-09
   98.6900024        -9.53682466E-09
   98.8199997        -9.54201962E-09
   98.9499969        -9.54409440E-09
   99.0800018        -9.54313961E-09
   99.2099991        -9.53924317E-09
   99.3399963        -9.53248946E-09
   99.4700012        -9.52296020E-09
   99.5999985        -9.51072998E-09
   99.7300034        -9.49587253E-09
   99.8600006        -9.47845624E-09
   99.9899979        -9.45854950E-09
   100.120003        -9.43621892E-09
   100.250000        -9.41152933E-09
   100.379997        -9.38454559E-09
   100.510002        -9.35533695E-09
   100.639999        -9.32397004E-09
   100.769997        -9.29051680E-09
   100.900002        -9.25504828E-09
   101.029999        -9.21763643E-09
   101.160004        -9.17835496E-09
   101.290001        -9.13727760E-09
   101.419998        -9.09447539E-09
   101.550003        -9.05001585E-09
   101.680000        -9.00396380E-09
   101.809998        -8.95638053E-09
   101.940002        -8.90732110E-09
   102.070000        -8.85683171E-09
   102.199997        -8.80495588E-09
   102.330002        -8.75173001E-09
   102.459999        -8.69718608E-09
   102.589996        -8.64135075E-09
   102.720001        -8.58424531E-09
   102.849998        -8.52589199E-09
   102.980003        -8.46630854E-09
   103.110001        -8.40551362E-09
   103.239998        -8.34352676E-09
   103.370003        -8.28036839E-09
   103.500000        -8.21605983E-09
   103.629997        -8.15062151E-09
   103.760002        -8.08407830E-09
   103.889999        -8.01645328E-09
   104.019997        -7.94776511E-09
   104.150002        -7.87803600E-09
   104.279999        -7.80728016E-09
   104.410004        -7.73550823E-09
   104.540001        -7.66272112E-09
   104.669998        -7.58891971E-09
   104.800003        -7.51408624E-09
   104.930000        -7.43820250E-09
   105.059998        -7.36123829E-09
   105.190002        -7.28315452E-09
   105.320000        -7.20390592E-09
   105.449997        -7.12344050E-09
   105.580002        -7.04170144E-09
   105.709999        -6.95862878E-09
   105.839996        -6.87415636E-09
   105.970001        -6.78822065E-09
   106.099998        -6.70075506E-09
   106.230003        -6.61169208E-09
   106.360001        -6.52096643E-09
   106.489998        -6.42851150E-09
   106.620003        -6.33425934E-09
   106.750000        -6.23814200E-09
   106.879997        -6.14008622E-09
   107.010002        -6.04001693E-09
   107.139999        -5.93785110E-09
   107.269997        -5.83350213E-09
   107.400002        -5.72687275E-09
   107.529999        -5.61785951E-09
   107.660004        -5.50635137E-09
   107.790001        -5.39222889E-09
   107.919998        -5.27536725E-09
   108.050003        -5.15563370E-09
   108.180000        -5.03289588E-09
   108.309998        -4.90701524E-09
   108.440002        -4.77785589E-09
   108.570000        -4.64528283E-09
   108.699997        -4.50916637E-09
   108.830002        -4.36937864E-09
   108.959999        -4.22580282E-09
   109.089996        -4.07832257E-09
   109.220001        -3.92683486E-09
   109.349998        -3.77123932E-09
   109.480003        -3.61144115E-09
   109.610001        -3.44735329E-09
   109.739998        -3.27889005E-09
   109.870003        -3.10596704E-09
   110.000000        -2.92850477E-09
   110.129997        -2.74641843E-09
   110.260002        -2.55962540E-09
   110.389999        -2.36804021E-09
   110.519997        -2.17157758E-09
   110.650002        -1.97015382E-09
   110.779999        -1.76368242E-09
   110.910004        -1.55208046E-09
   111.040001        -1.33527145E-09
   111.169998        -1.11318299E-09
   111.300003        -8.85748197E-10
   111.430000        -6.52914278E-10
   111.559998        -4.14634438E-10
   111.690002        -1.70876785E-10
   111.820000         7.83808435E-11
   111.949997         3.33148065E-10
   112.080002         5.93424532E-10
   112.209999         8.59199600E-10
   112.339996         1.13045406E-09
   112.470001         1.40716339E-09
   112.599998         1.68929781E-09
   112.730003         1.97682648E-09
   112.860001         2.26971486E-09
   112.989998         2.56792854E-09
   113.120003         2.87143465E-09
   113.250000         3.18020299E-09
   113.379997         3.49420048E-09
   113.510002         3.81339449E-09
   113.639999         4.13775059E-09
   113.769997         4.46723325E-09
   113.900002         4.80179674E-09
   114.029999         5.14139442E-09
   114.160004         5.48596590E-09
   114.290001         5.83544058E-09
   114.419998         6.18973939E-09
   114.550003         6.54876908E-09
   114.680000         6.91242841E-09
   114.809998         7.28060323E-09
   114.940002         7.65316877E-09
   115.070000         8.02999445E-09
   115.199997         8.41094483E-09
   115.330002         8.79587780E-09
   115.459999         9.18465481E-09
   115.589996         9.57713642E-09
   115.720001         9.97317962E-09
   115.849998         1.03726538E-08
   115.980003         1.07754268E-08
   116.110001         1.11813678E-08
   116.239998         1.15903527E-08
   116.370003         1.20022561E-08
   116.500000         1.24169510E-08
   116.629997         1.28343034E-08
   116.760002         1.32541835E-08
   116.889999         1.36764466E-08
   117.019997         1.41009444E-08
   117.150002         1.45275072E-08
   117.279999         1.49559654E-08
   117.410004         1.53861279E-08
   117.540001         1.58178004E-08
   117.669998         1.62507767E-08
   117.800003         1.66848384E-08
   117.930000         1.71197669E-08
   118.059998         1.75553421E-08
   118.190002         1.79913329E-08
   118.320000         1.84275244E-08
   118.449997         1.88636928E-08
   118.580002         1.92996286E-08
   118.709999         1.97351238E-08
   118.839996         2.01699724E-08
   118.970001         2.06039790E-08
   119.099998         2.10369482E-08
   119.230003         2.14686864E-08
   119.360001         2.18990035E-08
   119.489998         2.23277024E-08
   119.620003         2.27545804E-08
   119.750000         2.31794317E-08
   119.879997         2.36020394E-08
   120.010002         2.40221798E-08
   120.139999         2.44396201E-08
   120.269997         2.48541170E-08
   120.400002         2.52654235E-08
   120.529999         2.56732857E-08
   120.660004         2.60774478E-08
   120.790001         2.64776574E-08
   120.919998         2.68736677E-08
   121.050003         2.72652390E-08
   121.180000         2.76521313E-08
   121.309998         2.80341244E-08
   121.440002         2.84110122E-08
   121.570000         2.87825994E-08
   121.699997         2.91486977E-08
   121.830002         2.95091294E-08
   121.959999         2.98637346E-08
   122.089996         3.02123517E-08
   122.220001         3.05548262E-08
   122.349998         3.08910053E-08
   122.480003         3.12207398E-08
   122.610001         3.15438662E-08
   122.739998         3.18602247E-08
   122.870003         3.21696625E-08
   123.000000         3.24720055E-08
   123.129997         3.27670868E-08
   123.260002         3.30547358E-08
   123.389999         3.33347785E-08
   123.519997         3.36070549E-08
   123.650002         3.38713981E-08
   123.779999         3.41276554E-08
   123.910004         3.43756774E-08
   124.040001         3.46153328E-08
   124.169998         3.48464937E-08
   124.300003         3.50690392E-08
   124.430000         3.52828629E-08
   124.559998         3.54878615E-08
   124.690002         3.56839429E-08
   124.820000         3.58710004E-08
   124.949997         3.60489452E-08
   125.080002         3.62176564E-08
   125.209999         3.63770276E-08
   125.339996         3.65269308E-08
   125.470001         3.66672239E-08
   125.599998         3.67977471E-08
   125.730003         3.69183404E-08
   125.860001         3.70288120E-08
   125.989998         3.71289737E-08
   126.120003         3.72186122E-08
   126.250000         3.72975073E-08
   126.379997         3.73654423E-08
   126.510002         3.74221969E-08
   126.639999         3.74675437E-08
   126.769997         3.75012590E-08
   126.900002         3.75231153E-08
   127.029999         3.75329030E-08
   127.160004         3.75303983E-08
   127.290001         3.75153846E-08
   127.419998         3.74876450E-08
   127.550003         3.74469593E-08
   127.680000         3.73931002E-08
   127.809998         3.73258437E-08
   127.940002         3.72449414E-08
   128.070007         3.71501407E-08
   128.199997         3.70411719E-08
   128.330002         3.69177684E-08
   128.460007         3.67796318E-08
   128.589996         3.66264707E-08
   128.720001         3.64579620E-08
   128.850006         3.62737964E-08
   128.979996         3.60736543E-08
   129.110001         3.58572194E-08
   129.240005         3.56241792E-08
   129.369995         3.53742244E-08
   129.500000         3.51070710E-08
   129.630005         3.48224312E-08
   129.759995         3.45200419E-08
   129.889999         3.41996476E-08
   130.020004         3.38610100E-08
   130.149994         3.35039125E-08
   130.279999         3.31281278E-08
   130.410004         3.27334568E-08
   130.539993         3.23197007E-08
   130.669998         3.18866533E-08
   130.800003         3.14341193E-08
   130.929993         3.09618962E-08
   131.059998         3.04697778E-08
   131.190002         2.99575476E-08
   131.320007         2.94250011E-08
   131.449997         2.88719182E-08
   131.580002         2.82980821E-08
   131.710007         2.77032797E-08
   131.839996         2.70872977E-08
   131.970001         2.64499374E-08
   132.100006         2.57910120E-08
   132.229996         2.51103494E-08
   132.360001         2.44077931E-08
   132.490005         2.36832047E-08
   132.619995         2.29364634E-08
   132.750000         2.21674714E-08
   132.880005         2.13761417E-08
   133.009995         2.05624051E-08
   133.139999         1.97262082E-08
   133.270004         1.88674942E-08
   133.399994         1.79862347E-08
   133.529999         1.70823782E-08
   133.660004         1.61558944E-08
   133.789993         1.52067408E-08
   133.919998         1.42348755E-08
   134.050003         1.32402667E-08
   134.179993         1.22228734E-08
   134.309998         1.11826601E-08
   134.440002         1.01196083E-08
   134.570007         9.03369735E-09
   134.699997         7.92493093E-09
   134.830002         6.79332590E-09
   134.960007         5.63893021E-09
   135.089996         4.46181181E-09
   135.220001         3.26207172E-09
   135.350006         2.03983408E-09
   135.479996         7.95253252E-10
   135.610001        -4.71491846E-10
   135.740005        -1.76018733E-09
   135.869995        -3.07061176E-09
   136.000000        -4.40250902E-09
   136.130005        -5.75560888E-09
   136.259995        -7.12962844E-09
   136.389999        -8.52427107E-09
   136.520004        -9.93924321E-09
   136.649994        -1.13742189E-08
   136.779999        -1.28288820E-08
   136.910004        -1.43028931E-08
   137.039993        -1.57959050E-08
   137.169998        -1.73075509E-08
   137.300003        -1.88374347E-08
   137.429993        -2.03851460E-08
   137.559998        -2.19502496E-08
   137.690002        -2.35322588E-08
   137.820007        -2.51306638E-08
   137.949997        -2.67449156E-08
   138.080002        -2.83744193E-08
   138.210007        -3.00185405E-08
   138.339996        -3.16766098E-08
   138.470001        -3.33479200E-08
   138.600006        -3.50317286E-08
   138.729996        -3.67272648E-08
   138.860001        -3.84337326E-08
   138.990005        -4.01503151E-08
   139.119995        -4.18761665E-08
   139.250000        -4.36104273E-08
   139.380005        -4.53522411E-08
   139.509995        -4.71007056E-08
   139.639999        -4.88549183E-08
   139.770004        -5.06139735E-08
   139.899994        -5.23769224E-08
   140.029999        -5.41428342E-08
   140.160004        -5.59107072E-08
   140.289993        -5.76795500E-08
   140.419998        -5.94483112E-08
   140.550003        -6.12159283E-08
   140.679993        -6.29813002E-08
   140.809998        -6.47432827E-08
   140.940002        -6.65007036E-08
   141.070007        -6.82523762E-08
   141.199997        -6.99970570E-08
   141.330002        -7.17334956E-08
   141.460007        -7.34604413E-08
   141.589996        -7.51766080E-08
   141.720001        -7.68807098E-08
   141.850006        -7.85714604E-08
   141.979996        -8.02475810E-08
   142.110001        -8.19078139E-08
   142.240005        -8.35508729E-08
   142.369995        -8.51755289E-08
   142.500000        -8.67805383E-08
   142.630005        -8.83646649E-08
   142.759995        -8.99267079E-08
   142.889999        -9.14654379E-08
   143.020004        -9.29796471E-08
   143.149994        -9.44681418E-08
   143.279999        -9.59296713E-08
   143.410004        -9.73630492E-08
   143.539993        -9.87670390E-08
   143.669998        -1.00140404E-07
   143.800003        -1.01481916E-07
   143.929993        -1.02790331E-07
   144.059998        -1.04064426E-07
   144.190002        -1.05302981E-07
   144.320007        -1.06504793E-07
   144.449997        -1.07668683E-07
   144.580002        -1.08793500E-07
   144.710007        -1.09878123E-07
   144.839996        -1.10921469E-07
   144.970001        -1.11922510E-07
   145.100006        -1.12880244E-07
   145.229996        -1.13793710E-07
   145.360001        -1.14662015E-07
   145.490005        -1.15484262E-07
   145.619995        -1.16259613E-07
   145.750000        -1.16987259E-07
   145.880005        -1.17666410E-07
   146.009995        -1.18296313E-07
   146.139999        -1.18876201E-07
   146.270004        -1.19405343E-07
   146.399994        -1.19883026E-07
   146.529999        -1.20308528E-07
   146.660004        -1.20681193E-07
   146.789993        -1.21000355E-07
   146.919998        -1.21265387E-07
   147.050003        -1.21475665E-07
   147.179993        -1.21630677E-07
   147.309998        -1.21729897E-07
   147.440002        -1.21772885E-07
   147.570007        -1.21759257E-07
   147.699997        -1.21688672E-07
   147.830002        -1.21560873E-07
   147.960007        -1.21375663E-07
   148.089996        -1.21132899E-07
   148.220001        -1.20832510E-07
   148.350006        -1.20474482E-07
   148.479996        -1.20058829E-07
   148.610001        -1.19585621E-07
   148.740005        -1.19054988E-07
   148.869995        -1.18467042E-07
   149.000000        -1.17821969E-07
   149.130005        -1.17119967E-07
   149.259995        -1.16361271E-07
   149.389999        -1.15546129E-07
   149.520004        -1.14674840E-07
   149.649994        -1.13747731E-07
   149.779999        -1.12765157E-07
   149.910004        -1.11727545E-07
   150.039993        -1.10635348E-07
   150.169998        -1.09489093E-07
   150.300003        -1.08289370E-07
   150.429993        -1.07036811E-07
   150.559998        -1.05732134E-07
   150.690002        -1.04376092E-07
   150.820007        -1.02969523E-07
   150.949997        -1.01513301E-07
   151.080002        -1.00008322E-07
   151.210007        -9.84555797E-08
   151.339996        -9.68560627E-08
   151.470001        -9.52107939E-08
   151.600006        -9.35208035E-08
   151.729996        -9.17871645E-08
   151.860001        -9.00109427E-08
   151.990005        -8.81932110E-08
   152.119995        -8.63350564E-08
   152.250000        -8.44375876E-08
   152.380005        -8.25018844E-08
   152.509995        -8.05290981E-08
   152.639999        -7.85203440E-08
   152.770004        -7.64768018E-08
   152.899994        -7.43996722E-08
   153.029999        -7.22901632E-08
   153.160004        -7.01495466E-08
   153.289993        -6.79791086E-08
   153.419998        -6.57801422E-08
   153.550003        -6.35539976E-08
   153.679993        -6.13020461E-08
   153.809998        -5.90256519E-08
   153.940002        -5.67262077E-08
   154.070007        -5.44050778E-08
   154.199997        -5.20636156E-08
   154.330002        -4.97031856E-08
   154.460007        -4.73251092E-08
   154.589996        -4.49306619E-08
   154.720001        -4.25211120E-08
   154.850006        -4.00976532E-08
   154.979996        -3.76614828E-08
   155.110001        -3.52137413E-08
   155.240005        -3.27555156E-08
   155.369995        -3.02879037E-08
   155.500000        -2.78119394E-08
   155.630005        -2.53286547E-08
   155.759995        -2.28390657E-08
   155.889999        -2.03441655E-08
   156.020004        -1.78449238E-08
   156.149994        -1.53422981E-08
   156.279999        -1.28372415E-08
   156.410004        -1.03306670E-08
   156.539993        -7.82346188E-09
   156.669998        -5.31647970E-09
   156.800003        -2.81052048E-09
   156.929993        -3.06353998E-10
   157.059998         2.19532881E-09
   157.190002         4.69387329E-09
   157.320007         7.18873272E-09
   157.449997         9.67940483E-09
   157.580002         1.21654669E-08
   157.710007         1.46465702E-08
   157.839996         1.71224208E-08
   157.970001         1.95928127E-08
   158.100006         2.20575807E-08
   158.229996         2.45166110E-08
   158.360001         2.69698450E-08
   158.490005         2.94172366E-08
   158.619995         3.18587965E-08
   158.750000         3.42945192E-08
   158.880005         3.67244652E-08
   159.009995         3.91486950E-08
   159.139999         4.15672936E-08
   159.270004         4.39803678E-08
   159.399994         4.63880419E-08
   159.529999         4.87904828E-08
   159.660004         5.11878895E-08
   159.789993         5.35805142E-08
   159.919998         5.59686448E-08
   160.050003         5.83526329E-08
   160.179993         6.07328801E-08
   160.309998         6.31098516E-08
   160.440002         6.54840449E-08
   160.570007         6.78560284E-08
   160.699997         7.02263989E-08
   160.830002         7.25958031E-08
   160.960007         7.49648805E-08
   161.089996         7.73343061E-08
   161.220001         7.97047619E-08
   161.350006         8.20769230E-08
   161.479996         8.44514361E-08
   161.610001         8.68289405E-08
   161.740005         8.92100545E-08
   161.869995         9.15953891E-08
   162.000000         9.39855127E-08
   162.130005         9.63809725E-08
   162.259995         9.87823228E-08
   162.389999         1.01190089E-07
   162.520004         1.03604805E-07
   162.649994         1.06027002E-07
   162.779999         1.08457208E-07
   162.910004         1.10895968E-07
   163.039993         1.13343816E-07
   163.169998         1.15801292E-07
   163.300003         1.18268936E-07
   163.429993         1.20747302E-07
   163.559998         1.23236902E-07
   163.690002         1.25738211E-07
   163.820007         1.28251671E-07
   163.949997         1.30777664E-07
   164.080002         1.33316519E-07
   164.210007         1.35868504E-07
   164.339996         1.38433762E-07
   164.470001         1.41012407E-07
   164.600006         1.43604481E-07
   164.729996         1.46209842E-07
   164.860001         1.48828391E-07
   164.990005         1.51459886E-07
   165.119995         1.54104029E-07
   165.250000         1.56760478E-07
   165.380005         1.59428822E-07
   165.509995         1.62108591E-07
   165.639999         1.64799332E-07
   165.770004         1.67500531E-07
   165.899994         1.70211564E-07
   166.029999         1.72931848E-07
   166.160004         1.75660730E-07
   166.289993         1.78397514E-07
   166.419998         1.81141445E-07
   166.550003         1.83891672E-07
   166.679993         1.86647284E-07
   166.809998         1.89407302E-07
   166.940002         1.92170617E-07
   167.070007         1.94936078E-07
   167.199997         1.97702377E-07
   167.330002         2.00468136E-07
   167.460007         2.03231878E-07
   167.589996         2.05992009E-07
   167.720001         2.08746897E-07
   167.850006         2.11494807E-07
   167.979996         2.14233935E-07
   168.110001         2.16962420E-07
   168.240005         2.19678370E-07
   168.369995         2.22379825E-07
   168.500000         2.25064809E-07
   168.630005         2.27731334E-07
   168.759995         2.30377353E-07
   168.889999         2.33000847E-07
   169.020004         2.35599686E-07
   169.149994         2.38171779E-07
   169.279999         2.40714940E-07
   169.410004         2.43226935E-07
   169.539993         2.45705479E-07
   169.669998         2.48148268E-07
   169.800003         2.50552887E-07
   169.929993         2.52916806E-07
   170.059998         2.55237552E-07
   170.190002         2.57512426E-07
   170.320007         2.59738840E-07
   170.449997         2.61914010E-07
   170.580002         2.64035151E-07
   170.710007         2.66099534E-07
   170.839996         2.68104344E-07
   170.970001         2.70046712E-07
   171.100006         2.71923881E-07
   171.229996         2.73733065E-07
   171.360001         2.75471507E-07
   171.490005         2.77136422E-07
   171.619995         2.78725139E-07
   171.750000         2.80234957E-07
   171.880005         2.81663205E-07
   172.009995         2.83007353E-07
   172.139999         2.84264729E-07
   172.270004         2.85432719E-07
   172.399994         2.86508794E-07
   172.529999         2.87490366E-07
   172.660004         2.88374821E-07
   172.789993         2.89159601E-07
   172.919998         2.89842149E-07
   173.050003         2.90419877E-07
   173.179993         2.90890313E-07
   173.309998         2.91250956E-07
   173.440002         2.91499362E-07
   173.570007         2.91633171E-07
   173.699997         2.91650082E-07
   173.830002         2.91547821E-07
   173.960007         2.91324369E-07
   174.089996         2.90977681E-07
   174.220001         2.90505852E-07
   174.350006         2.89907121E-07
   174.479996         2.89179809E-07
   174.610001         2.88322354E-07
   174.740005         2.87333279E-07
   174.869995         2.86211275E-07
   175.000000         2.84955036E-07
   175.130005         2.83563395E-07
   175.259995         2.82035245E-07
   175.389999         2.80369534E-07
   175.520004         2.78565267E-07
   175.649994         2.76621591E-07
   175.779999         2.74537626E-07
   175.910004         2.72312604E-07
   176.039993         2.69945843E-07
   176.169998         2.67436718E-07
   176.300003         2.64784802E-07
   176.429993         2.61989641E-07
   176.559998         2.59051006E-07
   176.690002         2.55968757E-07
   176.820007         2.52742922E-07
   176.949997         2.49373585E-07
   177.080002         2.45861116E-07
   177.210007         2.42205886E-07
   177.339996         2.38408418E-07
   177.470001         2.34469439E-07
   177.600006         2.30389745E-07
   177.729996         2.26170187E-07
   177.860001         2.21811746E-07
   177.990005         2.17315517E-07
   178.119995         2.12682579E-07
   178.250000         2.07914127E-07
   178.380005         2.03011425E-07
   178.509995         1.97975780E-07
   178.639999         1.92808528E-07
   178.770004         1.87511162E-07
   178.899994         1.82085159E-07
   179.029999         1.76532097E-07
   179.160004         1.70853639E-07
   179.289993         1.65051560E-07
   179.419998         1.59127723E-07
   179.550003         1.53084059E-07
   179.679993         1.46922702E-07
   179.809998         1.40645781E-07
   179.940002         1.34255615E-07
   180.070007         1.27754532E-07
   180.199997         1.21145064E-07
   180.330002         1.14429660E-07
   180.460007         1.07610965E-07
   180.589996         1.00691622E-07
   180.720001         9.36743163E-08
   180.850006         8.65617196E-08
   180.979996         7.93565462E-08
   181.110001         7.20615034E-08
   181.240005         6.46792984E-08
   181.369995         5.72126382E-08
   181.500000         4.96642443E-08
   181.630005         4.20367954E-08
   181.759995         3.43330449E-08
   181.889999         2.65557158E-08
   182.020004         1.87075742E-08
   182.149994         1.07914166E-08
   182.279999         2.81008328E-09
   182.410004        -5.23354204E-09
   182.539993        -1.33366385E-08
   182.669998        -2.14962164E-08
   182.800003        -2.97093017E-08
   182.929993        -3.79729208E-08
   183.059998        -4.62840859E-08
   183.190002        -5.46398518E-08
   183.320007        -6.30372625E-08
   183.449997        -7.14733730E-08
