  -24.4200001         0.00000000    
  -24.2900009         0.00000000    
  -24.1599998         0.00000000    
  -24.0300007         0.00000000    
  -23.8999996         0.00000000    
  -23.7700005         0.00000000    
  -23.6399994         0.00000000    
  -23.5100002         0.00000000    
  -23.3799992         0.00000000    
  -23.2500000         0.00000000    
  -23.1200008         0.00000000    
  -22.9899998         0.00000000    
  -22.8600006         0.00000000    
  -22.7299995         0.00000000    
  -22.6000004         0.00000000    
  -22.4699993         0.00000000    
  -22.3400002         0.00000000    
  -22.2099991         0.00000000    
  -22.0799999         0.00000000    
  -21.9500008         0.00000000    
  -21.8199997         0.00000000    
  -21.6900005         0.00000000    
  -21.5599995         0.00000000    
  -21.4300003         0.00000000    
  -21.2999992         0.00000000    
  -21.1700001         0.00000000    
  -21.0400009         0.00000000    
  -20.9099998         0.00000000    
  -20.7800007         0.00000000    
  -20.6499996         0.00000000    
  -20.5200005         0.00000000    
  -20.3899994         0.00000000    
  -20.2600002         0.00000000    
  -20.1299992         0.00000000    
  -20.0000000         0.00000000    
  -19.8700008         0.00000000    
  -19.7399998         0.00000000    
  -19.6100006         0.00000000    
  -19.4799995         0.00000000    
  -19.3500004         0.00000000    
  -19.2199993         0.00000000    
  -19.0900002         8.47912304E-38
  -18.9599991         2.08466778E-37
  -18.8299999         4.60516943E-37
  -18.7000008         6.52403849E-37
  -18.5699997        -9.79353282E-37
  -18.4400005        -5.40387395E-36
  -18.3099995        -1.73185201E-35
  -18.1800003        -3.57732978E-35
  -18.0499992        -4.65717201E-35
  -17.9200001        -2.63593760E-35
  -17.7900009         6.68038720E-35
  -17.6599998         2.32784524E-34
  -17.5300007         4.08415869E-34
  -17.3999996         4.92540077E-34
  -17.2700005         2.74171127E-33
  -17.1399994         1.10606099E-32
  -17.0100002         1.55850083E-32
  -16.8799992         4.28240615E-32
  -16.7500000         1.65865909E-31
  -16.6200008         2.71742814E-31
  -16.4899998         1.31508207E-31
  -16.3600006        -2.34084277E-31
  -16.2299995        -8.86190897E-31
  -16.1000004        -1.64739665E-30
  -15.9700003        -1.88021488E-30
  -15.8400002        -8.03479165E-31
  -15.7100000         2.23394614E-30
  -15.5799999         7.09307510E-30
  -15.4499998         1.24376044E-29
  -15.3199997         1.56894830E-29
  -15.1899996         1.33377856E-29
  -15.0600004         2.42230322E-30
  -14.9300003        -1.74687895E-29
  -14.8000002        -4.22671236E-29
  -14.6700001        -6.25450324E-29
  -14.5400000        -6.49487554E-29
  -14.4099998        -3.63454427E-29
  -14.2799997         2.94805587E-29
  -14.1499996         1.24784937E-28
  -14.0200005         2.23414277E-28
  -13.8900003         2.82443958E-28
  -13.7600002         2.52259099E-28
  -13.6300001         9.47812839E-29
  -13.5000000        -1.94062058E-28
  -13.3699999        -5.65878566E-28
  -13.2399998        -9.14137448E-28
  -13.1099997        -1.08953978E-27
  -12.9799995        -9.38699122E-28
  -12.8500004        -3.60200442E-28
  -12.7200003         6.36644599E-28
  -12.5900002         1.89082390E-27
  -12.4600000         3.08684431E-27
  -12.3299999         3.80271170E-27
  -12.1999998         3.60757802E-27
  -12.0699997         2.19118596E-27
  -11.9399996        -5.06151819E-28
  -11.8100004        -4.19984731E-27
  -11.6800003        -8.23526412E-27
  -11.5500002        -1.16473965E-26
  -11.4200001        -1.33044535E-26
  -11.2900000        -1.21172209E-26
  -11.1599998        -7.28590237E-27
  -11.0299997         1.44598570E-27
  -10.8999996         1.35598087E-26
  -10.7700005         2.75838528E-26
  -10.6400003         4.10127829E-26
  -10.5100002         5.03886167E-26
  -10.3800001         5.16255629E-26
  -10.2500000         4.06575059E-26
  -10.1199999         1.44408353E-26
  -9.98999977        -2.77557936E-26
  -9.85999966        -8.29903674E-26
  -9.72999954        -1.43588154E-25
  -9.60000038        -1.96866636E-25
  -9.47000027        -2.26121555E-25
  -9.34000015        -2.13179281E-25
  -9.21000004        -1.42473555E-25
  -9.07999992        -6.13320865E-27
  -8.94999981         1.90919056E-25
  -8.81999969         4.27210532E-25
  -8.68999958         6.63732035E-25
  -8.56000042         8.46847211E-25
  -8.43000031         9.15543191E-25
  -8.30000019         8.12519781E-25
  -8.17000008         4.97595512E-25
  -8.03999996        -3.89213555E-26
  -7.90999985        -7.65662281E-25
  -7.78000021        -1.60505032E-24
  -7.65000010        -2.43548498E-24
  -7.51999998        -3.10164291E-24
  -7.38999987        -3.43237285E-24
  -7.26000023        -3.26445670E-24
  -7.13000011        -2.46964128E-24
  -7.00000000        -9.81888858E-25
  -6.86999989         1.17826562E-24
  -6.73999977         3.88520543E-24
  -6.61000013         6.89832750E-24
  -6.48000002         9.86336140E-24
  -6.34999990         1.23274315E-23
  -6.21999979         1.37700783E-23
  -6.09000015         1.36516308E-23
  -5.96000004         1.14786685E-23
  -5.82999992         6.88365469E-24
  -5.69999981        -2.87576753E-25
  -5.57000017        -9.89045641E-24
  -5.44000006        -2.14114378E-23
  -5.30999994        -3.39274119E-23
  -5.17999983        -4.61085065E-23
  -5.05000019        -5.62747180E-23
  -4.92000008        -6.25112566E-23
  -4.78999996        -6.28405587E-23
  -4.65999985        -5.54416493E-23
  -4.53000021        -3.89013092E-23
  -4.40000010        -1.24765192E-23
  -4.26999998         2.36552690E-23
  -4.13999987         6.81835957E-23
  -4.01000023         1.18516607E-22
  -3.88000011         1.70724469E-22
  -3.75000000         2.19602013E-22
  -3.61999989         2.58876608E-22
  -3.49000001         2.81580858E-22
  -3.35999990         2.80598884E-22
  -3.23000002         2.49375896E-22
  -3.09999990         1.82755848E-22
  -2.97000003         7.78857960E-23
  -2.83999991        -6.49025717E-23
  -2.71000004        -2.41339006E-22
  -2.57999992        -4.42700359E-22
  -2.45000005        -6.55634138E-22
  -2.31999993        -8.62392738E-22
  -2.19000006        -1.04151147E-21
  -2.05999994        -1.16892122E-21
  -1.92999995        -1.21944376E-21
  -1.79999995        -1.16859456E-21
  -1.66999996        -9.94593204E-22
  -1.53999996        -6.80485755E-22
  -1.40999997        -2.16278700E-22
  -1.27999997         3.99010415E-22
  -1.14999998         1.15548821E-21
  -1.01999998         2.03082695E-21
 -0.889999986         2.98915406E-21
 -0.759999990         3.98056678E-21
 -0.629999995         4.94145218E-21
 -0.500000000         5.79578435E-21
 -0.370000005         6.45754095E-21
 -0.239999995         6.83427043E-21
 -0.109999999         6.83175738E-21
   1.99999996E-02     6.35958952E-21
  0.150000006         5.33731424E-21
  0.280000001         3.70078344E-21
  0.409999996         1.40823289E-21
  0.540000021        -1.55432831E-21
  0.670000017        -5.16877013E-21
  0.800000012        -9.38180173E-21
  0.930000007        -1.41032986E-20
   1.05999994        -1.92060126E-20
   1.19000006        -2.45265385E-20
   1.32000005        -2.98674175E-20
   1.45000005        -3.50002638E-20
   1.58000004        -3.96699375E-20
   1.71000004        -4.35998468E-20
   1.84000003        -4.64986398E-20
   1.97000003        -4.80685446E-20
   2.09999990        -4.80155663E-20
   2.23000002        -4.60616817E-20
   2.35999990        -4.19588981E-20
   2.49000001        -3.55047503E-20
   2.61999989        -2.65585044E-20
   2.75000000        -1.50571832E-20
   2.88000011        -1.03007806E-21
   3.00999999         1.53891848E-20
   3.14000010         3.39543747E-20
   3.26999998         5.43029273E-20
   3.40000010         7.59572944E-20
   3.52999997         9.83319290E-20
   3.66000009         1.20745570E-19
   3.78999996         1.42438692E-19
   3.92000008         1.62595662E-19
   4.05000019         1.80370662E-19
   4.17999983         1.94917033E-19
   4.30999994         2.05418841E-19
   4.44000006         2.11123479E-19
   4.57000017         2.11374903E-19
   4.69999981         2.05645540E-19
   4.82999992         1.93566131E-19
   4.96000004         1.74952086E-19
   5.09000015         1.49824795E-19
   5.21999979         1.18427280E-19
   5.34999990         8.12323027E-20
   5.48000002         3.89429653E-20
   5.61000013        -7.51574608E-21
   5.73999977        -5.70142768E-20
   5.86999989        -1.08244887E-19
   6.00000000        -1.59756623E-19
   6.13000011        -2.09998436E-19
   6.26000023        -2.57368872E-19
   6.38999987        -3.00270724E-19
   6.51999998        -3.37168951E-19
   6.65000010        -3.66648840E-19
   6.78000021        -3.87472906E-19
   6.90999985        -3.98632477E-19
   7.03999996        -3.99393405E-19
   7.17000008        -3.89331865E-19
   7.30000019        -3.68360329E-19
   7.42999983        -3.36741764E-19
   7.55999994        -2.95092031E-19
   7.69000006        -2.44370737E-19
   7.82000017        -1.85861693E-19
   7.94999981        -1.21143793E-19
   8.07999992        -5.20538846E-20
   8.21000004         1.93574674E-20
   8.34000015         9.08759297E-20
   8.47000027         1.60179933E-19
   8.60000038         2.24901956E-19
   8.72999954         2.82696755E-19
   8.85999966         3.31315562E-19
   8.98999977         3.68685566E-19
   9.11999989         3.92994052E-19
   9.25000000         4.02773343E-19
   9.38000011         3.96982562E-19
   9.51000023         3.75081507E-19
   9.64000034         3.37088947E-19
   9.77000046         2.83620457E-19
   9.89999962         2.15900344E-19
   10.0299997         1.35743311E-19
   10.1599998         4.55059908E-20
   10.2900000        -5.19910642E-20
   10.4200001        -1.53566546E-19
   10.5500002        -2.55800409E-19
   10.6800003        -3.55166979E-19
   10.8100004        -4.48171057E-19
   10.9399996        -5.31478743E-19
   11.0699997        -6.02037198E-19
   11.1999998        -6.57176592E-19
   11.3299999        -6.94692697E-19
   11.4600000        -7.12909385E-19
   11.5900002        -7.10721492E-19
   11.7200003        -6.87620509E-19
   11.8500004        -6.43707662E-19
   11.9799995        -5.79696290E-19
   12.1099997        -4.96907660E-19
   12.2399998        -3.97260210E-19
   12.3699999        -2.83253680E-19
   12.5000000        -1.57943701E-19
   12.6300001        -2.49042837E-20
   12.7600002         1.11827529E-19
   12.8900003         2.47830084E-19
   13.0200005         3.78402276E-19
   13.1499996         4.98696696E-19
   13.2799997         6.03879070E-19
   13.4099998         6.89306613E-19
   13.5400000         7.50715623E-19
   13.6700001         7.84404466E-19
   13.8000002         7.87396069E-19
   13.9300003         7.57566540E-19
   14.0600004         6.93726756E-19
   14.1899996         5.95649450E-19
   14.3199997         4.64042120E-19
   14.4499998         3.00469067E-19
   14.5799999         1.07235720E-19
   14.7100000        -1.12749047E-19
   14.8400002        -3.56113765E-19
   14.9700003        -6.19150530E-19
   15.1000004        -8.97910345E-19
   15.2299995        -1.18826046E-18
   15.3599997        -1.48590134E-18
   15.4899998        -1.78635175E-18
   15.6199999        -2.08491701E-18
   15.7500000        -2.37666216E-18
   15.8800001        -2.65641361E-18
   16.0100002        -2.91880957E-18
   16.1399994        -3.15841319E-18
   16.2700005        -3.36989390E-18
   16.3999996        -3.54826568E-18
   16.5300007        -3.68915812E-18
   16.6599998        -3.78908815E-18
   16.7900009        -3.84569295E-18
   16.9200001        -3.85787897E-18
   17.0499992        -3.82585798E-18
   17.1800003        -3.75105108E-18
   17.3099995        -3.63585543E-18
   17.4400005        -3.48329437E-18
   17.5699997        -3.29659412E-18
   17.7000008        -3.07872964E-18
   17.8299999        -2.83200937E-18
   17.9599991        -2.55775247E-18
   18.0900002        -2.25611175E-18
   18.2199993        -1.92607227E-18
   18.3500004        -1.56564197E-18
   18.4799995        -1.17221316E-18
   18.6100006        -7.43065702E-19
   18.7399998        -2.75947194E-19
   18.8700008         2.30337437E-19
   19.0000000         7.75401743E-19
   19.1299992         1.35689053E-18
   19.2600002         1.97028218E-18
   19.3899994         2.60891069E-18
   19.5200005         3.26420566E-18
   19.6499996         3.92612013E-18
   19.7800007         4.58368860E-18
   19.9099998         5.22563990E-18
   20.0400009         5.84097542E-18
   20.1700001         6.41944392E-18
   20.2999992         6.95185252E-18
   20.4300003         7.43018625E-18
   20.5599995         7.84755098E-18
   20.6900005         8.19798108E-18
   20.8199997         8.47616689E-18
   20.9500008         8.67720734E-18
   21.0799999         8.79643633E-18
   21.2099991         8.82941189E-18
   21.3400002         8.77207503E-18
   21.4699993         8.62108810E-18
   21.6000004         8.37431614E-18
   21.7299995         8.03136706E-18
   21.8600006         7.59412352E-18
   21.9899998         7.06715984E-18
   22.1200008         6.45797110E-18
   22.2500000         5.77695412E-18
   22.3799992         5.03712130E-18
   22.5100002         4.25355048E-18
   22.6399994         3.44263886E-18
   22.7700005         2.62122803E-18
   22.8999996         1.80571605E-18
   23.0300007         1.01125167E-18
   23.1599998         2.51111794E-19
   23.2900009        -4.63677437E-19
   23.4200001        -1.12445288E-18
   23.5499992        -1.72478273E-18
   23.6800003        -2.26015811E-18
   23.8099995        -2.72760532E-18
   23.9400005        -3.12532948E-18
   24.0699997        -3.45248520E-18
   24.2000008        -3.70914321E-18
   24.3299999        -3.89646281E-18
   24.4599991        -4.01702894E-18
   24.5900002        -4.07525625E-18
   24.7199993        -4.07772745E-18
   24.8500004        -4.03332233E-18
   24.9799995        -3.95301012E-18
   25.1100006        -3.84923287E-18
   25.2399998        -3.73487515E-18
   25.3700008        -3.62188889E-18
   25.5000000        -3.51972837E-18
   25.6299992        -3.43380064E-18
   25.7600002        -3.36416299E-18
   25.8899994        -3.30470607E-18
   26.0200005        -3.24299364E-18
   26.1499996        -3.16087798E-18
   26.2800007        -3.03589078E-18
   26.4099998        -2.84330245E-18
   26.5400009        -2.55864272E-18
   26.6700001        -2.16038173E-18
   26.7999992        -1.63241416E-18
   26.9300003        -9.66005818E-19
   27.0599995        -1.60875255E-19
   27.1900005         7.74783580E-19
   27.3199997         1.82541907E-18
   27.4500008         2.97027943E-18
   27.5799999         4.18636149E-18
   27.7099991         5.45174889E-18
   27.8400002         6.74885412E-18
   27.9699993         8.06706900E-18
   28.1000004         9.40436031E-18
   28.2299995         1.07675002E-17
   28.3600006         1.21707931E-17
   28.4899998         1.36333874E-17
   28.6200008         1.51754572E-17
   28.7500000         1.68137314E-17
   28.8799992         1.85569699E-17
   29.0100002         2.04019946E-17
   29.1399994         2.23308590E-17
   29.2700005         2.43096222E-17
   29.3999996         2.62889447E-17
   29.5300007         2.82065446E-17
   29.6599998         2.99913257E-17
   29.7900009         3.15687128E-17
   29.9200001         3.28666353E-17
   30.0499992         3.38214532E-17
   30.1800003         3.43831882E-17
   30.3099995         3.45193852E-17
   30.4400005         3.42172326E-17
   30.5699997         3.34836458E-17
   30.7000008         3.23434038E-17
   30.8299999         3.08355429E-17
   30.9599991         2.90085160E-17
   31.0900002         2.69147283E-17
   31.2199993         2.46051176E-17
   31.3500004         2.21243749E-17
   31.4799995         1.95073408E-17
   31.6100006         1.67769037E-17
   31.7399998         1.39434659E-17
   31.8700008         1.10059416E-17
   32.0000000         7.95401574E-18
   32.1300011         4.77126876E-18
   32.2599983         1.43877893E-18
   32.3899994        -2.06120008E-18
   32.5200005        -5.74188208E-18
   32.6500015        -9.60913549E-18
   32.7799988        -1.36594262E-17
   32.9099998        -1.78786057E-17
   33.0400009        -2.22415301E-17
   33.1699982        -2.67125340E-17
   33.2999992        -3.12466120E-17
   33.4300003        -3.57912713E-17
   33.5600014        -4.02888409E-17
   33.6899986        -4.46792542E-17
   33.8199997        -4.89030568E-17
   33.9500008        -5.29045430E-17
   34.0800018        -5.66349125E-17
   34.2099991        -6.00551786E-17
   34.3400002        -6.31386962E-17
   34.4700012        -6.58730112E-17
   34.5999985        -6.82608036E-17
   34.7299995        -7.03196430E-17
   34.8600006        -7.20804458E-17
   34.9900017        -7.35845315E-17
   35.1199989        -7.48794066E-17
   35.2500000        -7.60135837E-17
   35.3800011        -7.70310291E-17
   35.5099983        -7.79657035E-17
   35.6399994        -7.88372011E-17
   35.7700005        -7.96479639E-17
   35.9000015        -8.03827517E-17
   36.0299988        -8.10105950E-17
   36.1599998        -8.14892547E-17
   36.2900009        -8.17717071E-17
   36.4199982        -8.18140984E-17
   36.5499992        -8.15840297E-17
   36.6800003        -8.10682462E-17
   36.8100014        -8.02786064E-17
   36.9399986        -7.92553906E-17
   37.0699997        -7.80673938E-17
   37.2000008        -7.68085175E-17
   37.3300018        -7.55909474E-17
   37.4599991        -7.45356502E-17
   37.5900002        -7.37610584E-17
   37.7200012        -7.33711983E-17
   37.8499985        -7.34445659E-17
   37.9799995        -7.40251408E-17
   38.1100006        -7.51165957E-17
   38.2400017        -7.66804170E-17
   38.3699989        -7.86381616E-17
   38.5000000        -8.08776373E-17
   38.6300011        -8.32621939E-17
   38.7599983        -8.56419594E-17
   38.8899994        -8.78657386E-17
   39.0200005        -8.97922157E-17
   39.1500015        -9.12992065E-17
   39.2799988        -9.22903277E-17
   39.4099998        -9.26984850E-17
   39.5400009        -9.24865746E-17
   39.6699982        -9.16455900E-17
   39.7999992        -9.01911153E-17
   39.9300003        -8.81590369E-17
   40.0600014        -8.56012291E-17
   40.1899986        -8.25818941E-17
   40.3199997        -7.91748563E-17
   40.4500008        -7.54617748E-17
   40.5800018        -7.15308604E-17
   40.7099991        -6.74755776E-17
   40.8400002        -6.33925678E-17
   40.9700012        -5.93780816E-17
   41.0999985        -5.55225796E-17
   41.2299995        -5.19033831E-17
   41.3600006        -4.85755859E-17
   41.4900017        -4.55623655E-17
   41.6199989        -4.28456893E-17
   41.7500000        -4.03591347E-17
   41.8800011        -3.79844481E-17
   42.0099983        -3.55530665E-17
   42.1399994        -3.28536916E-17
   42.2700005        -2.96459877E-17
   42.4000015        -2.56796881E-17
   42.5299988        -2.07175789E-17
   42.6599998        -1.45600216E-17
   42.7900009        -7.06822856E-18
   42.9199982         1.81681205E-18
   43.0499992         1.20622835E-17
   43.1800003         2.35406884E-17
   43.3100014         3.60370035E-17
   43.4399986         4.92661527E-17
   43.5699997         6.28994093E-17
   43.7000008         7.65972622E-17
   43.8300018         9.00457499E-17
   43.9599991         1.02992251E-16
   44.0900002         1.15276830E-16
   44.2200012         1.26855360E-16
   44.3499985         1.37811678E-16
   44.4799995         1.48356510E-16
   44.6100006         1.58812709E-16
   44.7400017         1.69587828E-16
   44.8699989         1.81135891E-16
   45.0000000         1.93912192E-16
   45.1300011         2.08325173E-16
   45.2599983         2.24690312E-16
   45.3899994         2.43190571E-16
   45.5200005         2.63847507E-16
   45.6500015         2.86506009E-16
   45.7799988         3.10834437E-16
   45.9099998         3.36340610E-16
   46.0400009         3.62402094E-16
   46.1699982         3.88308411E-16
   46.2999992         4.13311871E-16
   46.4300003         4.36682330E-16
   46.5600014         4.57761751E-16
   46.6899986         4.76013405E-16
   46.8199997         4.91062057E-16
   46.9500008         5.02721677E-16
   47.0800018         5.11007566E-16
   47.2099991         5.16132591E-16
   47.3400002         5.18486814E-16
   47.4700012         5.18602592E-16
   47.5999985         5.17107632E-16
   47.7299995         5.14670030E-16
   47.8600006         5.11939831E-16
   47.9900017         5.09491906E-16
   48.1199989         5.07775817E-16
   48.2500000         5.07076539E-16
   48.3800011         5.07489308E-16
   48.5099983         5.08912218E-16
   48.6399994         5.11055846E-16
   48.7700005         5.13470579E-16
   48.9000015         5.15588690E-16
   49.0299988         5.16778189E-16
   49.1599998         5.16403007E-16
   49.2900009         5.13884460E-16
   49.4199982         5.08757740E-16
   49.5499992         5.00718498E-16
   49.6800003         4.89653653E-16
   49.8100014         4.75653946E-16
   49.9399986         4.59006095E-16
   50.0699997         4.40165489E-16
   50.2000008         4.19711840E-16
   50.3300018         3.98292574E-16
   50.4599991         3.76559773E-16
   50.5900002         3.55107578E-16
   50.7200012         3.34416496E-16
   50.8499985         3.14810647E-16
   50.9799995         2.96432177E-16
   51.1100006         2.79234920E-16
   51.2400017         2.62997933E-16
   51.3699989         2.47356120E-16
   51.5000000         2.31844458E-16
   51.6300011         2.15950123E-16
   51.7599983         1.99166444E-16
   51.8899994         1.81042387E-16
   52.0200005         1.61222504E-16
   52.1500015         1.39472802E-16
   52.2799988         1.15690791E-16
   52.4099998         8.98993058E-17
   52.5400009         6.22262829E-17
   52.6699982         3.28740865E-17
   52.7999992         2.08321198E-18
   52.9300003        -2.99036876E-17
   53.0600014        -6.28730653E-17
   53.1899986        -9.66623875E-17
   53.3199997        -1.31170278E-16
   53.4500008        -1.66354028E-16
   53.5800018        -2.02215881E-16
   53.7099991        -2.38780891E-16
   53.8400002        -2.76069716E-16
   53.9700012        -3.14071479E-16
   54.0999985        -3.52720666E-16
   54.2299995        -3.91881222E-16
   54.3600006        -4.31340543E-16
   54.4900017        -4.70813999E-16
   54.6199989        -5.09959733E-16
   54.7500000        -5.48401370E-16
   54.8800011        -5.85756106E-16
   55.0099983        -6.21663632E-16
   55.1399994        -6.55814412E-16
   55.2700005        -6.87971330E-16
   55.4000015        -7.17983931E-16
   55.5299988        -7.45793928E-16
   55.6599998        -7.71430757E-16
   55.7900009        -7.94998919E-16
   55.9199982        -8.16659934E-16
   56.0499992        -8.36609995E-16
   56.1800003        -8.55057684E-16
   56.3100014        -8.72204384E-16
   56.4399986        -8.88228395E-16
   56.5699997        -9.03275300E-16
   56.7000008        -9.17453572E-16
   56.8300018        -9.30835528E-16
   56.9599991        -9.43462143E-16
   57.0900002        -9.55349191E-16
   57.2200012        -9.66494239E-16
   57.3499985        -9.76883204E-16
   57.4799995        -9.86494699E-16
   57.6100006        -9.95302571E-16
   57.7400017        -1.00327696E-15
   57.8699989        -1.01038389E-15
   58.0000000        -1.01658449E-15
   58.1300011        -1.02183291E-15
   58.2599983        -1.02607570E-15
   58.3899994        -1.02925070E-15
   58.5200005        -1.03128538E-15
   58.6500015        -1.03209694E-15
   58.7799988        -1.03159052E-15
   58.9099998        -1.02965780E-15
   59.0400009        -1.02617523E-15
   59.1699982        -1.02100134E-15
   59.2999992        -1.01397425E-15
   59.4300003        -1.00490983E-15
   59.5600014        -9.93601623E-16
   59.6899986        -9.79822197E-16
   59.8199997        -9.63328453E-16
   59.9500008        -9.43870836E-16
   60.0800018        -9.21205717E-16
   60.2099991        -8.95111173E-16
   60.3400002        -8.65404615E-16
   60.4700012        -8.31960419E-16
   60.5999985        -7.94724745E-16
   60.7299995        -7.53726445E-16
   60.8600006        -7.09081350E-16
   60.9900017        -6.60990101E-16
   61.1199989        -6.09729256E-16
   61.2500000        -5.55636832E-16
   61.3800011        -4.99095000E-16
   61.5099983        -4.40511237E-16
   61.6399994        -3.80302229E-16
   61.7700005        -3.18880985E-16
   61.9000015        -2.56649130E-16
   62.0299988        -1.93995069E-16
   62.1599998        -1.31296804E-16
   62.2900009        -6.89281399E-17
   62.4199982        -7.26673950E-18
   62.5499992         5.32987012E-17
   62.6800003         1.12364042E-16
   62.8100014         1.69509014E-16
   62.9399986         2.24301577E-16
   63.0699997         2.76306700E-16
   63.2000008         3.25098207E-16
   63.3300018         3.70272168E-16
   63.4599991         4.11459092E-16
   63.5900002         4.48332263E-16
   63.7200012         4.80610147E-16
   63.8499985         5.08052268E-16
   63.9799995         5.30448825E-16
   64.1100006         5.47605212E-16
   64.2399979         5.59326348E-16
   64.3700027         5.65403333E-16
   64.5000000         5.65608898E-16
   64.6299973         5.59704496E-16
   64.7600021         5.47461534E-16
   64.8899994         5.28697637E-16
   65.0199966         5.03324606E-16
   65.1500015         4.71403164E-16
   65.2799988         4.33197160E-16
   65.4100037         3.89218627E-16
   65.5400009         3.40254458E-16
   65.6699982         2.87368289E-16
   65.8000031         2.31870849E-16
   65.9300003         1.75258581E-16
   66.0599976         1.19121817E-16
   66.1900024         6.50290355E-17
   66.3199997         1.43974640E-17
   66.4499969        -3.16379313E-17
   66.5800018        -7.23424040E-17
   66.7099991        -1.07472328E-16
   66.8399963        -1.37327109E-16
   66.9700012        -1.62752815E-16
   67.0999985        -1.85094050E-16
   67.2300034        -2.06094723E-16
   67.3600006        -2.27755433E-16
   67.4899979        -2.52159591E-16
   67.6200027        -2.81284263E-16
   67.7500000        -3.16814463E-16
   67.8799973        -3.59979023E-16
   68.0100021        -4.11424708E-16
   68.1399994        -4.71140742E-16
   68.2699966        -5.38441004E-16
   68.4000015        -6.12005074E-16
   68.5299988        -6.89973504E-16
   68.6600037        -7.70087204E-16
   68.7900009        -8.49857802E-16
   68.9199982        -9.26752088E-16
   69.0500031        -9.98375606E-16
   69.1800003        -1.06263841E-15
   69.3099976        -1.11789185E-15
   69.4400024        -1.16302515E-15
   69.5699997        -1.19751919E-15
   69.6999969        -1.22145285E-15
   69.8300018        -1.23546754E-15
   69.9599991        -1.24069511E-15
   70.0899963        -1.23865567E-15
   70.2200012        -1.23113730E-15
   70.3499985        -1.22006605E-15
   70.4800034        -1.20737474E-15
   70.6100006        -1.19488037E-15
   70.7399979        -1.18417355E-15
   70.8700027        -1.17652696E-15
   71.0000000        -1.17282363E-15
   71.1299973        -1.17350846E-15
   71.2600021        -1.17856355E-15
   71.3899994        -1.18750832E-15
   71.5199966        -1.19942417E-15
   71.6500015        -1.21300380E-15
   71.7799988        -1.22662282E-15
   71.9100037        -1.23843226E-15
   72.0400009        -1.24646647E-15
   72.1699982        -1.24876193E-15
   72.3000031        -1.24347804E-15
   72.4300003        -1.22901421E-15
   72.5599976        -1.20411483E-15
   72.6900024        -1.16795425E-15
   72.8199997        -1.12019737E-15
   72.9499969        -1.06102947E-15
   73.0800018        -9.91154650E-16
   73.2099991        -9.11761088E-16
   73.3399963        -8.24456555E-16
   73.4700012        -7.31175251E-16
   73.5999985        -6.34063136E-16
   73.7300034        -5.35347798E-16
   73.8600006        -4.37198173E-16
   73.9899979        -3.41584909E-16
   74.1200027        -2.50144420E-16
   74.2500000        -1.64058185E-16
   74.3799973        -8.39498920E-17
   74.5100021        -9.80683828E-18
   74.6399994         5.90694506E-17
   74.7699966         1.24079461E-16
   74.9000015         1.87305825E-16
   75.0299988         2.51454145E-16
   75.1600037         3.19754382E-16
   75.2900009         3.95820323E-16
   75.4199982         4.83471371E-16
   75.5500031         5.86520817E-16
   75.6800003         7.08541949E-16
   75.8099976         8.52623100E-16
   75.9400024         1.02112988E-15
   76.0699997         1.21549334E-15
   76.1999969         1.43604558E-15
   76.3300018         1.68192421E-15
   76.4599991         1.95105590E-15
   76.5899963         2.24023592E-15
   76.7200012         2.54530415E-15
   76.8499985         2.86140859E-15
   76.9800034         3.18334442E-15
   77.1100006         3.50594200E-15
   77.2399979         3.82446726E-15
   77.3700027         4.13500648E-15
   77.5000000         4.43478669E-15
   77.6299973         4.72240731E-15
   77.7600021         4.99794078E-15
   77.8899994         5.26289988E-15
   78.0199966         5.52005400E-15
   78.1500015         5.77311356E-15
   78.2799988         6.02629976E-15
   78.4100037         6.28384860E-15
   78.5400009         6.54948364E-15
   78.6699982         6.82591834E-15
   78.8000031         7.11443471E-15
   78.9300003         7.41458591E-15
   79.0599976         7.72405872E-15
   79.1900024         8.03870266E-15
   79.3199997         8.35275029E-15
   79.4499969         8.65918902E-15
   79.5800018         8.95026681E-15
   79.7099991         9.21808846E-15
   79.8399963         9.45522889E-15
   79.9700012         9.65533788E-15
   80.0999985         9.81364495E-15
   80.2300034         9.92734303E-15
   80.3600006         9.99580362E-15
   80.4899979         1.00205988E-14
   80.6200027         1.00053387E-14
   80.7500000         9.95532561E-15
   80.8799973         9.87706909E-15
   81.0100021         9.77769942E-15
   81.1399994         9.66432321E-15
   81.2699966         9.54340671E-15
   81.4000015         9.42020916E-15
   81.5299988         9.29834399E-15
   81.6600037         9.17948663E-15
   81.7900009         9.06326778E-15
   81.9199982         8.94735132E-15
   82.0500031         8.82769860E-15
   82.1800003         8.69898602E-15
   82.3099976         8.55514203E-15
   82.4400024         8.38996045E-15
   82.5699997         8.19772547E-15
   82.6999969         7.97380045E-15
   82.8300018         7.71512252E-15
   82.9599991         7.42055580E-15
   83.0899963         7.09106761E-15
   83.2200012         6.72970853E-15
   83.3499985         6.34139856E-15
   83.4800034         5.93252178E-15
   83.6100006         5.51037665E-15
   83.7399979         5.08251532E-15
   83.8700027         4.65604397E-15
   84.0000000         4.23693758E-15
   84.1299973         3.82944146E-15
   84.2600021         3.43561900E-15
   84.3899994         3.05508945E-15
   84.5199966         2.68499958E-15
   84.6500015         2.32023077E-15
   84.7799988         1.95384179E-15
   84.9100037         1.57771470E-15
   85.0400009         1.18334505E-15
   85.1699982         7.62719976E-16
   85.3000031         3.09191881E-16
   85.4300003        -1.81727134E-16
   85.5599976        -7.11733675E-16
   85.6900024        -1.27933315E-15
   85.8199997        -1.87971371E-15
   85.9499969        -2.50492439E-15
   86.0800018        -3.14434385E-15
   86.2099991        -3.78541226E-15
   86.3399963        -4.41456123E-15
   86.4700012        -5.01826745E-15
   86.5999985        -5.58413077E-15
   86.7300034        -6.10188474E-15
   86.8600006        -6.56424530E-15
   86.9899979        -6.96751557E-15
   87.1200027        -7.31189418E-15
   87.2500000        -7.60145239E-15
   87.3799973        -7.84378005E-15
   87.5100021        -8.04932953E-15
   87.6399994        -8.23050565E-15
   87.7699966        -8.40059918E-15
   87.9000015        -8.57262395E-15
   88.0299988        -8.75819701E-15
   88.1600037        -8.96652646E-15
   88.2900009        -9.20360844E-15
   88.4199982        -9.47169521E-15
   88.5500031        -9.76908255E-15
   88.6800003        -1.00902241E-14
   88.8099976        -1.04261624E-14
   88.9400024        -1.07652526E-14
   89.0699997        -1.10940869E-14
   89.1999969        -1.13985808E-14
   89.3300018        -1.16651031E-14
   89.4599991        -1.18815768E-14
   89.5899963        -1.20384524E-14
   89.7200012        -1.21294881E-14
   89.8499985        -1.21522733E-14
   89.9800034        -1.21084376E-14
   90.1100006        -1.20035614E-14
   90.2399979        -1.18467714E-14
   90.3700027        -1.16500624E-14
   90.5000000        -1.14274003E-14
   90.6299973        -1.11936844E-14
   90.7600021        -1.09636319E-14
   90.8899994        -1.07507023E-14
   91.0199966        -1.05661270E-14
   91.1500015        -1.04181232E-14
   91.2799988        -1.03113632E-14
   91.4100037        -1.02467380E-14
   91.5400009        -1.02214278E-14
   91.6699982        -1.02292755E-14
   91.8000031        -1.02614323E-14
   91.9300003        -1.03072127E-14
   92.0599976        -1.03550947E-14
   92.1900024        -1.03937558E-14
   92.3199997        -1.04130741E-14
   92.4499969        -1.04049891E-14
   92.5800018        -1.03641495E-14
   92.7099991        -1.02882849E-14
   92.8399963        -1.01782808E-14
   92.9700012        -1.00379393E-14
   93.0999985        -9.87346496E-15
   93.2300034        -9.69272761E-15
   93.3600006        -9.50437205E-15
   93.4899979        -9.31688554E-15
   93.6200027        -9.13769741E-15
   93.7500000        -8.97242350E-15
   93.8799973        -8.82432402E-15
   94.0100021        -8.69403342E-15
   94.1399994        -8.57958232E-15
   94.2699966        -8.47673389E-15
   94.4000015        -8.37957074E-15
   94.5299988        -8.28128358E-15
   94.6600037        -8.17507750E-15
   94.7900009        -8.05510376E-15
   94.9199982        -7.91729743E-15
   95.0500031        -7.76004999E-15
   95.1800003        -7.58462185E-15
   95.3099976        -7.39525832E-15
   95.4400024        -7.19897706E-15
   95.5699997        -7.00504506E-15
   95.6999969        -6.82419294E-15
   95.8300018        -6.66762906E-15
   95.9599991        -6.54595744E-15
   96.0899963        -6.46809478E-15
   96.2200012        -6.44029770E-15
   96.3499985        -6.46538428E-15
   96.4800034        -6.54225590E-15
   96.6100006        -6.66574103E-15
   96.7399979        -6.82680730E-15
   96.8700027        -7.01313761E-15
   97.0000000        -7.21000628E-15
   97.1299973        -7.40141709E-15
   97.2600021        -7.57138781E-15
   97.3899994        -7.70528423E-15
   97.5199966        -7.79108189E-15
   97.6500015        -7.82044260E-15
   97.7799988        -7.78950048E-15
   97.9100037        -7.69929147E-15
   98.0400009        -7.55575412E-15
   98.1699982        -7.36931370E-15
   98.3000031        -7.15404790E-15
   98.4300003        -6.92652172E-15
   98.5599976        -6.70435641E-15
   98.6900024        -6.50466966E-15
   98.8199997        -6.34251325E-15
   98.9499969        -6.22944240E-15
   99.0800018        -6.17235323E-15
   99.2099991        -6.17269966E-15
   99.3399963        -6.22616523E-15
   99.4700012        -6.32284261E-15
   99.5999985        -6.44792100E-15
   99.7300034        -6.58283471E-15
   99.8600006        -6.70678147E-15
   99.9899979        -6.79850836E-15
   100.120003        -6.83817491E-15
   100.250000        -6.80916742E-15
   100.379997        -6.69966385E-15
   100.510002        -6.50381882E-15
   100.639999        -6.22245057E-15
   100.769997        -5.86314343E-15
   100.900002        -5.43975274E-15
   101.029999        -4.97134055E-15
   101.160004        -4.48062641E-15
   101.290001        -3.99207348E-15
   101.419998        -3.52979339E-15
   101.550003        -3.11542339E-15
   101.680000        -2.76618662E-15
   101.809998        -2.49328680E-15
   101.940002        -2.30079941E-15
   102.070000        -2.18513261E-15
   102.199997        -2.13513840E-15
   102.330002        -2.13283595E-15
   102.459999        -2.15470634E-15
   102.589996        -2.17343233E-15
   102.720001        -2.15993042E-15
   102.849998        -2.08550650E-15
   102.980003        -1.92393708E-15
   103.110001        -1.65331249E-15
   103.239998        -1.25748383E-15
   103.370003        -7.27006473E-16
   103.500000        -5.95126341E-17
   103.629997         7.40488643E-16
   103.760002         1.66236632E-15
   103.889999         2.69057284E-15
   104.019997         3.80619888E-15
   104.150002         4.98873099E-15
   104.279999         6.21784398E-15
   104.410004         7.47509032E-15
   104.540001         8.74533227E-15
   104.669998         1.00178011E-14
   104.800003         1.12866895E-14
   104.930000         1.25512427E-14
   105.059998         1.38153471E-14
   105.190002         1.50866343E-14
   105.320000         1.63752323E-14
   105.449997         1.76922279E-14
   105.580002         1.90480075E-14
   105.709999         2.04506415E-14
   105.839996         2.19044092E-14
   105.970001         2.34086567E-14
   106.099998         2.49570533E-14
   106.230003         2.65373220E-14
   106.360001         2.81314804E-14
   106.489998         2.97165856E-14
   106.620003         3.12659139E-14
   106.750000         3.27504611E-14
   106.879997         3.41406760E-14
   107.010002         3.54082676E-14
   107.139999         3.65278994E-14
   107.269997         3.74786533E-14
   107.400002         3.82451164E-14
   107.529999         3.88180326E-14
   107.660004         3.91943558E-14
   107.790001         3.93768541E-14
   107.919998         3.93732051E-14
   108.050003         3.91946573E-14
   108.180000         3.88545126E-14
   108.309998         3.83664556E-14
   108.440002         3.77429242E-14
   108.570000         3.69937540E-14
   108.699997         3.61250878E-14
   108.830002         3.51388162E-14
   108.959999         3.40324523E-14
   109.089996         3.27995281E-14
   109.220001         3.14304484E-14
   109.349998         2.99137275E-14
   109.480003         2.82374984E-14
   109.610001         2.63910496E-14
   109.739998         2.43663783E-14
   109.870003         2.21595288E-14
   110.000000         1.97715413E-14
   110.129997         1.72089820E-14
   110.260002         1.44839923E-14
   110.389999         1.16137873E-14
   110.519997         8.61969018E-15
   110.650002         5.52580324E-15
   110.779999         2.35741424E-15
   110.910004        -8.60708559E-16
   111.040001        -4.10601593E-15
   111.169998        -7.35962025E-15
   111.300003        -1.06074935E-14
   111.430000        -1.38412112E-14
   111.559998        -1.70582407E-14
   111.690002        -2.02617413E-14
   111.820000        -2.34598684E-14
   111.949997        -2.66646565E-14
   112.080002        -2.98905798E-14
   112.209999        -3.31528967E-14
   112.339996        -3.64658289E-14
   112.470001        -3.98408825E-14
   112.599998        -4.32852606E-14
   112.730003        -4.68006269E-14
   112.860001        -5.03822482E-14
   112.989998        -5.40186351E-14
   113.120003        -5.76916512E-14
   113.250000        -6.13771593E-14
   113.379997        -6.50460588E-14
   113.510002        -6.86657491E-14
   113.639999        -7.22017796E-14
   113.769997        -7.56197066E-14
   113.900002        -7.88868821E-14
   114.029999        -8.19740936E-14
   114.160004        -8.48570481E-14
   114.290001        -8.75173279E-14
   114.419998        -8.99430270E-14
   114.550003        -9.21288396E-14
   114.680000        -9.40756872E-14
   114.809998        -9.57898650E-14
   114.940002        -9.72818763E-14
   115.070000        -9.85649144E-14
   115.199997        -9.96533178E-14
   115.330002        -1.00560998E-13
   115.459999        -1.01300024E-13
   115.589996        -1.01879524E-13
   115.720001        -1.02304863E-13
   115.849998        -1.02577303E-13
   115.980003        -1.02694044E-13
   116.110001        -1.02648616E-13
   116.239998        -1.02431640E-13
   116.370003        -1.02031813E-13
   116.500000        -1.01436986E-13
   116.629997        -1.00635300E-13
   116.760002        -9.96162991E-14
   116.889999        -9.83717773E-14
   117.019997        -9.68964492E-14
   117.150002        -9.51883158E-14
   117.279999        -9.32487188E-14
   117.410004        -9.10820559E-14
   117.540001        -8.86952458E-14
   117.669998        -8.60969960E-14
   117.800003        -8.32968880E-14
   117.930000        -8.03044900E-14
   118.059998        -7.71284282E-14
   118.190002        -7.37756210E-14
   118.320000        -7.02507036E-14
   118.449997        -6.65555257E-14
   118.580002        -6.26889830E-14
   118.709999        -5.86469960E-14
   118.839996        -5.44227071E-14
   118.970001        -5.00068160E-14
   119.099998        -4.53880809E-14
   119.230003        -4.05538741E-14
   119.360001        -3.54908634E-14
   119.489998        -3.01856759E-14
   119.620003        -2.46254941E-14
   119.750000        -1.87986647E-14
   119.879997        -1.26951164E-14
   120.010002        -6.30673331E-15
   120.139999         3.72534196E-16
   120.269997         7.34652682E-15
   120.400002         1.46169460E-14
   120.529999         2.21835151E-14
   120.660004         3.00440384E-14
   120.790001         3.81946299E-14
   120.919998         4.66298007E-14
   121.050003         5.53424155E-14
   121.180000         6.43236956E-14
   121.309998         7.35629819E-14
   121.440002         8.30475012E-14
   121.570000         9.27620001E-14
   121.699997         1.02688345E-13
   121.830002         1.12805076E-13
   121.959999         1.23087209E-13
   122.089996         1.33505877E-13
   122.220001         1.44028493E-13
   122.349998         1.54618885E-13
   122.480003         1.65237927E-13
   122.610001         1.75844338E-13
   122.739998         1.86395943E-13
   122.870003         1.96850796E-13
   123.000000         2.07168863E-13
   123.129997         2.17313309E-13
   123.260002         2.27251716E-13
   123.389999         2.36957426E-13
   123.519997         2.46409962E-13
   123.650002         2.55595404E-13
   123.779999         2.64506434E-13
   123.910004         2.73141454E-13
   124.040001         2.81503743E-13
   124.169998         2.89600212E-13
   124.300003         2.97439726E-13
   124.430000         3.05031553E-13
   124.559998         3.12383583E-13
   124.690002         3.19500882E-13
   124.820000         3.26384346E-13
   124.949997         3.33029801E-13
   125.080002         3.39427515E-13
   125.209999         3.45562175E-13
   125.339996         3.51413262E-13
   125.470001         3.56955920E-13
   125.599998         3.62162259E-13
   125.730003         3.67002462E-13
   125.860001         3.71446851E-13
   125.989998         3.75466883E-13
   126.120003         3.79036890E-13
   126.250000         3.82135404E-13
   126.379997         3.84745946E-13
   126.510002         3.86857836E-13
   126.639999         3.88466440E-13
   126.769997         3.89573221E-13
   126.900002         3.90185280E-13
   127.029999         3.90314517E-13
   127.160004         3.89976625E-13
   127.290001         3.89189711E-13
   127.419998         3.87972830E-13
   127.550003         3.86344385E-13
   127.680000         3.84320614E-13
   127.809998         3.81914335E-13
   127.940002         3.79133682E-13
   128.070007         3.75981500E-13
   128.199997         3.72454807E-13
   128.330002         3.68544794E-13
   128.460007         3.64237286E-13
   128.589996         3.59513499E-13
   128.720001         3.54351260E-13
   128.850006         3.48726527E-13
   128.979996         3.42615151E-13
   129.110001         3.35994795E-13
   129.240005         3.28846840E-13
   129.369995         3.21158329E-13
   129.500000         3.12923597E-13
   129.630005         3.04145354E-13
   129.759995         2.94835662E-13
   129.889999         2.85016151E-13
   130.020004         2.74717667E-13
   130.149994         2.63979377E-13
   130.279999         2.52847548E-13
   130.410004         2.41373626E-13
   130.539993         2.29612119E-13
   130.669998         2.17618322E-13
   130.800003         2.05445754E-13
   130.929993         1.93143854E-13
   131.059998         1.80755747E-13
   131.190002         1.68316397E-13
   131.320007         1.55851162E-13
   131.449997         1.43375058E-13
   131.580002         1.30892638E-13
   131.710007         1.18398387E-13
   131.839996         1.05878156E-13
   131.970001         9.33107419E-14
   132.100006         8.06703811E-14
   132.229996         6.79290879E-14
   132.360001         5.50594286E-14
   132.490005         4.20368459E-14
   132.619995         2.88419462E-14
   132.750000         1.54620105E-14
   132.880005         1.89193703E-15
   133.009995        -1.18654798E-14
   133.139999        -2.58000561E-14
   133.270004        -3.98955601E-14
   133.399994        -5.41315277E-14
   133.529999        -6.84854869E-14
   133.660004        -8.29354218E-14
   133.789993        -9.74623350E-14
   133.919998        -1.12052234E-13
   134.050003        -1.26697548E-13
   134.179993        -1.41398083E-13
   134.309998        -1.56160770E-13
   134.440002        -1.70998944E-13
   134.570007        -1.85930440E-13
   134.699997        -2.00975467E-13
   134.830002        -2.16153904E-13
   134.960007        -2.31482829E-13
   135.089996        -2.46974180E-13
   135.220001        -2.62633041E-13
   135.350006        -2.78456837E-13
   135.479996        -2.94435293E-13
   135.610001        -3.10551687E-13
   135.740005        -3.26784606E-13
   135.869995        -3.43111065E-13
   136.000000        -3.59509433E-13
   136.130005        -3.75963339E-13
   136.259995        -3.92464652E-13
   136.389999        -4.09016381E-13
   136.520004        -4.25634435E-13
   136.649994        -4.42348306E-13
   136.779999        -4.59200007E-13
   136.910004        -4.76241876E-13
   137.039993        -4.93533112E-13
   137.169998        -5.11134537E-13
   137.300003        -5.29103887E-13
   137.429993        -5.47489517E-13
   137.559998        -5.66325578E-13
   137.690002        -5.85627575E-13
   137.820007        -6.05389003E-13
   137.949997        -6.25579991E-13
   138.080002        -6.46147795E-13
   138.210007        -6.67018686E-13
   138.339996        -6.88102407E-13
   138.470001        -7.09297475E-13
   138.600006        -7.30497531E-13
   138.729996        -7.51598762E-13
   138.860001        -7.72506625E-13
   138.990005        -7.93142028E-13
   139.119995        -8.13446207E-13
   139.250000        -8.33383655E-13
   139.380005        -8.52943042E-13
   139.509995        -8.72135643E-13
   139.639999        -8.90991328E-13
   139.770004        -9.09552923E-13
   139.899994        -9.27868784E-13
   140.029999        -9.45984827E-13
   140.160004        -9.63935962E-13
   140.289993        -9.81738670E-13
   140.419998        -9.99384386E-13
   140.550003        -1.01683560E-12
   140.679993        -1.03402389E-12
   140.809998        -1.05085081E-12
   140.940002        -1.06719147E-12
   141.070007        -1.08290080E-12
   141.199997        -1.09782181E-12
   141.330002        -1.11179490E-12
   141.460007        -1.12466893E-12
   141.589996        -1.13631001E-12
   141.720001        -1.14661113E-12
   141.850006        -1.15549866E-12
   141.979996        -1.16293683E-12
   142.110001        -1.16892867E-12
   142.240005        -1.17351463E-12
   142.369995        -1.17676756E-12
   142.500000        -1.17878548E-12
   142.630005        -1.17968330E-12
   142.759995        -1.17958236E-12
   142.889999        -1.17860029E-12
   143.020004        -1.17684269E-12
   143.149994        -1.17439478E-12
   143.279999        -1.17131630E-12
   143.410004        -1.16763890E-12
   143.539993        -1.16336584E-12
   143.669998        -1.15847490E-12
   143.800003        -1.15292357E-12
   143.929993        -1.14665525E-12
   144.059998        -1.13960783E-12
   144.190002        -1.13172134E-12
   144.320007        -1.12294560E-12
   144.449997        -1.11324632E-12
   144.580002        -1.10260921E-12
   144.710007        -1.09104230E-12
   144.839996        -1.07857462E-12
   144.970001        -1.06525411E-12
   145.100006        -1.05114246E-12
   145.229996        -1.03630852E-12
   145.360001        -1.02082188E-12
   145.490005        -1.00474544E-12
   145.619995        -9.88129175E-13
   145.750000        -9.71005503E-13
   145.880005        -9.53385916E-13
   146.009995        -9.35260116E-13
   146.139999        -9.16597744E-13
   146.270004        -8.97351529E-13
   146.399994        -8.77462545E-13
   146.529999        -8.56867203E-13
   146.660004        -8.35504083E-13
   146.789993        -8.13320928E-13
   146.919998        -7.90281198E-13
   147.050003        -7.66368631E-13
   147.179993        -7.41589841E-13
   147.309998        -7.15974805E-13
   147.440002        -6.89574970E-13
   147.570007        -6.62458857E-13
   147.699997        -6.34706155E-13
   147.830002        -6.06400238E-13
   147.960007        -5.77620688E-13
   148.089996        -5.48435321E-13
   148.220001        -5.18893685E-13
   148.350006        -4.89021963E-13
   148.479996        -4.58820265E-13
   148.610001        -4.28262135E-13
   148.740005        -3.97296697E-13
   148.869995        -3.65853262E-13
   149.000000        -3.33848346E-13
   149.130005        -3.01193586E-13
   149.259995        -2.67804957E-13
   149.389999        -2.33611687E-13
   149.520004        -1.98564296E-13
   149.649994        -1.62640883E-13
   149.779999        -1.25851071E-13
   149.910004        -8.82369807E-14
   150.039993        -4.98718159E-14
   150.169998        -1.08552134E-14
   150.300003         2.86940407E-14
   150.429993         6.86462063E-14
   150.559998         1.08870703E-13
   150.690002         1.49245782E-13
   150.820007         1.89667523E-13
   150.949997         2.30057510E-13
   151.080002         2.70367902E-13
   151.210007         3.10584105E-13
   151.339996         3.50724414E-13
   151.470001         3.90836831E-13
   151.600006         4.30993105E-13
   151.729996         4.71280892E-13
   151.860001         5.11794437E-13
   151.990005         5.52624515E-13
   152.119995         5.93849026E-13
   152.250000         6.35524619E-13
   152.380005         6.77679646E-13
   152.509995         7.20310259E-13
   152.639999         7.63378943E-13
   152.770004         8.06815606E-13
   152.899994         8.50521639E-13
   153.029999         8.94376424E-13
   153.160004         9.38244816E-13
   153.289993         9.81987386E-13
   153.419998         1.02546910E-12
   153.550003         1.06856895E-12
   153.679993         1.11118851E-12
   153.809998         1.15325848E-12
   153.940002         1.19474331E-12
   154.070007         1.23564310E-12
   154.199997         1.27599374E-12
   154.330002         1.31586343E-12
   154.460007         1.35534823E-12
   154.589996         1.39456480E-12
   154.720001         1.43364281E-12
   154.850006         1.47271605E-12
   154.979996         1.51191429E-12
   155.110001         1.55135562E-12
   155.240005         1.59114063E-12
   155.369995         1.63134697E-12
   155.500000         1.67202808E-12
   155.630005         1.71321215E-12
   155.759995         1.75490482E-12
   155.889999         1.79709188E-12
   156.020004         1.83974602E-12
   156.149994         1.88283287E-12
   156.279999         1.92631740E-12
   156.410004         1.97017251E-12
   156.539993         2.01438345E-12
   156.669998         2.05895392E-12
   156.800003         2.10390863E-12
   156.929993         2.14929463E-12
   157.059998         2.19518045E-12
   157.190002         2.24165261E-12
   157.320007         2.28881042E-12
   157.449997         2.33675969E-12
   157.580002         2.38560539E-12
   157.710007         2.43544334E-12
   157.839996         2.48635335E-12
   157.970001         2.53839159E-12
   158.100006         2.59158602E-12
   158.229996         2.64593317E-12
   158.360001         2.70139510E-12
   158.490005         2.75790198E-12
   158.619995         2.81535255E-12
   158.750000         2.87362040E-12
   158.880005         2.93255893E-12
   159.009995         2.99200833E-12
   159.139999         3.05180295E-12
   159.270004         3.11177950E-12
   159.399994         3.17178315E-12
   159.529999         3.23167383E-12
   159.660004         3.29133010E-12
   159.789993         3.35065200E-12
   159.919998         3.40956213E-12
   160.050003         3.46800345E-12
   160.179993         3.52593735E-12
   160.309998         3.58333784E-12
   160.440002         3.64018711E-12
   160.570007         3.69646804E-12
   160.699997         3.75215701E-12
   160.830002         3.80721886E-12
   160.960007         3.86160071E-12
   161.089996         3.91522578E-12
   161.220001         3.96799390E-12
   161.350006         4.01977973E-12
   161.479996         4.07043453E-12
   161.610001         4.11978915E-12
   161.740005         4.16766144E-12
   161.869995         4.21386146E-12
   162.000000         4.25820100E-12
   162.130005         4.30050049E-12
   162.259995         4.34059733E-12
   162.389999         4.37834968E-12
   162.520004         4.41364306E-12
   162.649994         4.44639074E-12
   162.779999         4.47653373E-12
   162.910004         4.50403473E-12
   163.039993         4.52887554E-12
   163.169998         4.55104617E-12
   163.300003         4.57053752E-12
   163.429993         4.58732921E-12
   163.559998         4.60138178E-12
   163.690002         4.61262799E-12
   163.820007         4.62096550E-12
   163.949997         4.62625467E-12
   164.080002         4.62831943E-12
   164.210007         4.62694943E-12
   164.339996         4.62190963E-12
   164.470001         4.61294804E-12
   164.600006         4.59981098E-12
   164.729996         4.58225428E-12
   164.860001         4.56005980E-12
   164.990005         4.53304581E-12
   165.119995         4.50107833E-12
   165.250000         4.46407885E-12
   165.380005         4.42202568E-12
   165.509995         4.37495439E-12
   165.639999         4.32294912E-12
   165.770004         4.26613345E-12
   165.899994         4.20465702E-12
   166.029999         4.13867768E-12
   166.160004         4.06834462E-12
   166.289993         3.99378187E-12
   166.419998         3.91507009E-12
   166.550003         3.83223748E-12
   166.679993         3.74525064E-12
   166.809998         3.65401025E-12
   166.940002         3.55835825E-12
   167.070007         3.45808213E-12
   167.199997         3.35293100E-12
   167.330002         3.24263338E-12
   167.460007         3.12691734E-12
   167.589996         3.00553202E-12
   167.720001         2.87826859E-12
   167.850006         2.74497807E-12
   167.979996         2.60558632E-12
   168.110001         2.46010222E-12
   168.240005         2.30862009E-12
   168.369995         2.15131602E-12
   168.500000         1.98843524E-12
   168.630005         1.82027787E-12
   168.759995         1.64717654E-12
   168.889999         1.46947385E-12
   169.020004         1.28749810E-12
   169.149994         1.10154041E-12
   169.279999         9.11837229E-13
   169.410004         7.18556182E-13
   169.539993         5.21789805E-13
   169.669998         3.21556285E-13
   169.800003         1.17807389E-13
   169.929993        -8.95568477E-14
   170.059998        -3.00667125E-13
   170.190002        -5.15661678E-13
   170.320007        -7.34659892E-13
   170.449997        -9.57740614E-13
   170.580002        -1.18491707E-12
   170.710007        -1.41612481E-12
   170.839996        -1.65120912E-12
   170.970001        -1.88992463E-12
   171.100006        -2.13194176E-12
   171.229996        -2.37686043E-12
   171.360001        -2.62422939E-12
   171.490005        -2.87357226E-12
   171.619995        -3.12441089E-12
   171.750000        -3.37629642E-12
   171.880005        -3.62882901E-12
   172.009995        -3.88168013E-12
   172.139999        -4.13460152E-12
   172.270004        -4.38743399E-12
   172.399994        -4.64009950E-12
   172.529999        -4.89259588E-12
   172.660004        -5.14497342E-12
   172.789993        -5.39731454E-12
   172.919998        -5.64970857E-12
   173.050003        -5.90222706E-12
   173.179993        -6.15489474E-12
   173.309998        -6.40767474E-12
   173.440002        -6.66045301E-12
   173.570007        -6.91303221E-12
   173.699997        -7.16513177E-12
   173.830002        -7.41640169E-12
   173.960007        -7.66643433E-12
   174.089996        -7.91478688E-12
   174.220001        -8.16101006E-12
   174.350006        -8.40467019E-12
   174.479996        -8.64537348E-12
   174.610001        -8.88278687E-12
   174.740005        -9.11665188E-12
   174.869995        -9.34679330E-12
   175.000000        -9.57311053E-12
   175.130005        -9.79558015E-12
   175.259995        -1.00142273E-11
   175.389999        -1.02291136E-11
   175.520004        -1.04403040E-11
   175.649994        -1.06478446E-11
   175.779999        -1.08517318E-11
   175.910004        -1.10518981E-11
   176.039993        -1.12481933E-11
   176.169998        -1.14403712E-11
   176.300003        -1.16280995E-11
   176.429993        -1.18109619E-11
   176.559998        -1.19884805E-11
   176.690002        -1.21601392E-11
   176.820007        -1.23254089E-11
   176.949997        -1.24837840E-11
   177.080002        -1.26348107E-11
   177.210007        -1.27781145E-11
   177.339996        -1.29134177E-11
   177.470001        -1.30405573E-11
   177.600006        -1.31594857E-11
   177.729996        -1.32702668E-11
   177.860001        -1.33730570E-11
   177.990005        -1.34680921E-11
   178.119995        -1.35556471E-11
   178.250000        -1.36360133E-11
   178.380005        -1.37094650E-11
   178.509995        -1.37762276E-11
   178.639999        -1.38364563E-11
   178.770004        -1.38902188E-11
   178.899994        -1.39374857E-11
   179.029999        -1.39781416E-11
   179.160004        -1.40119834E-11
   179.289993        -1.40387528E-11
   179.419998        -1.40581565E-11
   179.550003        -1.40699015E-11
   179.679993        -1.40737222E-11
   179.809998        -1.40694192E-11
   179.940002        -1.40568824E-11
   180.070007        -1.40361082E-11
   180.199997        -1.40072147E-11
   180.330002        -1.39704403E-11
   180.460007        -1.39261389E-11
   180.589996        -1.38747564E-11
   180.720001        -1.38168045E-11
   180.850006        -1.37528287E-11
   180.979996        -1.36833739E-11
   181.110001        -1.36089430E-11
   181.240005        -1.35299671E-11
   181.369995        -1.34467749E-11
   181.500000        -1.33595730E-11
   181.630005        -1.32684306E-11
   181.759995        -1.31732845E-11
   181.889999        -1.30739456E-11
   182.020004        -1.29701215E-11
   182.149994        -1.28614419E-11
   182.279999        -1.27474949E-11
   182.410004        -1.26278640E-11
   182.539993        -1.25021634E-11
   182.669998        -1.23700763E-11
   182.800003        -1.22313800E-11
   182.929993        -1.20859685E-11
   183.059998        -1.19338628E-11
   183.190002        -1.17752093E-11
   183.320007        -1.16102735E-11
   183.449997        -1.14394171E-11
