  -24.4200001         0.00000000    
  -24.2900009         3.25461325E-10
  -24.1599998         9.73778835E-10
  -24.0300007         1.92066540E-09
  -23.8999996         3.12337423E-09
  -23.7700005         4.52567228E-09
  -23.6399994         6.06388451E-09
  -23.5100002         7.67325670E-09
  -23.3799992         9.29392741E-09
  -23.2500000         1.08759330E-08
  -23.1200008         1.23829187E-08
  -22.9899998         1.37944003E-08
  -22.8600006         1.51066555E-08
  -22.7299995         1.63324057E-08
  -22.6000004         1.74995165E-08
  -22.4699993         1.86489135E-08
  -22.3400002         1.98318553E-08
  -22.2099991         2.11066240E-08
  -22.0799999         2.25347154E-08
  -21.9500008         2.41765896E-08
  -21.8199997         2.60871431E-08
  -21.6900005         2.83112165E-08
  -21.5599995         3.08795229E-08
  -21.4300003         3.38054917E-08
  -21.2999992         3.70835522E-08
  -21.1700001         4.06891658E-08
  -21.0400009         4.45809576E-08
  -20.9099998         4.87047593E-08
  -20.7800007         5.29992725E-08
  -20.6499996         5.74027830E-08
  -20.5200005         6.18600779E-08
  -20.3899994         6.63287381E-08
  -20.2600002         7.07840684E-08
  -20.1299992         7.52220686E-08
  -20.0000000         7.96601611E-08
  -19.8700008         8.41356993E-08
  -19.7399998         8.87026488E-08
  -19.6100006         9.34268627E-08
  -19.4799995         9.83807169E-08
  -19.3500004         1.03637646E-07
  -19.2199993         1.09267134E-07
  -19.0900002         1.15330558E-07
  -18.9599991         1.21877989E-07
  -18.8299999         1.28946013E-07
  -18.7000008         1.36556494E-07
  -18.5699997         1.44716282E-07
  -18.4400005         1.53417602E-07
  -18.3099995         1.62639438E-07
  -18.1800003         1.72349573E-07
  -18.0499992         1.82507847E-07
  -17.9200001         1.93070008E-07
  -17.7900009         2.03992556E-07
  -17.6599998         2.15237989E-07
  -17.5300007         2.26779946E-07
  -17.3999996         2.38607868E-07
  -17.2700005         2.50730409E-07
  -17.1399994         2.63176986E-07
  -17.0100002         2.75997223E-07
  -16.8799992         2.89258395E-07
  -16.7500000         3.03040565E-07
  -16.6200008         3.17430562E-07
  -16.4899998         3.32515071E-07
  -16.3600006         3.48374101E-07
  -16.2299995         3.65075039E-07
  -16.1000004         3.82668560E-07
  -15.9700003         4.01186469E-07
  -15.8400002         4.20641442E-07
  -15.7100000         4.41028789E-07
  -15.5799999         4.62329638E-07
  -15.4499998         4.84515056E-07
  -15.3199997         5.07550624E-07
  -15.1899996         5.31401099E-07
  -15.0600004         5.56034479E-07
  -14.9300003         5.81425752E-07
  -14.8000002         6.07560310E-07
  -14.6700001         6.34436049E-07
  -14.5400000         6.62065418E-07
  -14.4099998         6.90476440E-07
  -14.2799997         7.19713114E-07
  -14.1499996         7.49834385E-07
  -14.0200005         7.80912103E-07
  -13.8900003         8.13027725E-07
  -13.7600002         8.46267653E-07
  -13.6300001         8.80717721E-07
  -13.5000000         9.16457282E-07
  -13.3699999         9.53553467E-07
  -13.2399998         9.92056243E-07
  -13.1099997         1.03199545E-06
  -12.9799995         1.07337974E-06
  -12.8500004         1.11619704E-06
  -12.7200003         1.16041929E-06
  -12.5900002         1.20600623E-06
  -12.4600000         1.25291240E-06
  -12.3299999         1.30109368E-06
  -12.1999998         1.35051289E-06
  -12.0699997         1.40114537E-06
  -11.9399996         1.45298168E-06
  -11.8100004         1.50602989E-06
  -11.6800003         1.56031433E-06
  -11.5500002         1.61587479E-06
  -11.4200001         1.67276323E-06
  -11.2900000         1.73104036E-06
  -11.1599998         1.79077222E-06
  -11.0299997         1.85202600E-06
  -10.8999996         1.91486606E-06
  -10.7700005         1.97935083E-06
  -10.6400003         2.04552862E-06
  -10.5100002         2.11343445E-06
  -10.3800001         2.18308855E-06
  -10.2500000         2.25449253E-06
  -10.1199999         2.32763023E-06
  -9.98999977         2.40246732E-06
  -9.85999966         2.47895377E-06
  -9.72999954         2.55702798E-06
  -9.60000038         2.63662173E-06
  -9.47000027         2.71766589E-06
  -9.34000015         2.80009772E-06
  -9.21000004         2.88386514E-06
  -9.07999992         2.96893222E-06
  -8.94999981         3.05528124E-06
  -8.81999969         3.14291378E-06
  -8.68999958         3.23184759E-06
  -8.56000042         3.32211425E-06
  -8.43000031         3.41375221E-06
  -8.30000019         3.50680170E-06
  -8.17000008         3.60129889E-06
  -8.03999996         3.69726945E-06
  -7.90999985         3.79472613E-06
  -7.78000021         3.89366323E-06
  -7.65000010         3.99405917E-06
  -7.51999998         4.09587255E-06
  -7.38999987         4.19904472E-06
  -7.26000023         4.30350292E-06
  -7.13000011         4.40916119E-06
  -7.00000000         4.51592223E-06
  -6.86999989         4.62368189E-06
  -6.73999977         4.73233467E-06
  -6.61000013         4.84177235E-06
  -6.48000002         4.95189443E-06
  -6.34999990         5.06260631E-06
  -6.21999979         5.17382841E-06
  -6.09000015         5.28549253E-06
  -5.96000004         5.39754774E-06
  -5.82999992         5.50995765E-06
  -5.69999981         5.62269815E-06
  -5.57000017         5.73575244E-06
  -5.44000006         5.84910731E-06
  -5.30999994         5.96274504E-06
  -5.17999983         6.07663787E-06
  -5.05000019         6.19074171E-06
  -4.92000008         6.30499426E-06
  -4.78999996         6.41931001E-06
  -4.65999985         6.53358484E-06
  -4.53000021         6.64769414E-06
  -4.40000010         6.76149875E-06
  -4.26999998         6.87485090E-06
  -4.13999987         6.98759686E-06
  -4.01000023         7.09958249E-06
  -3.88000011         7.21066044E-06
  -3.75000000         7.32069020E-06
  -3.61999989         7.42954126E-06
  -3.49000001         7.53709628E-06
  -3.35999990         7.64324795E-06
  -3.23000002         7.74790442E-06
  -3.09999990         7.85098382E-06
  -2.97000003         7.95241249E-06
  -2.83999991         8.05212676E-06
  -2.71000004         8.15006842E-06
  -2.57999992         8.24617837E-06
  -2.45000005         8.34039474E-06
  -2.31999993         8.43265025E-06
  -2.19000006         8.52286212E-06
  -2.05999994         8.61093577E-06
  -1.92999995         8.69675750E-06
  -1.79999995         8.78019637E-06
  -1.66999996         8.86110229E-06
  -1.53999996         8.93931610E-06
  -1.40999997         9.01466592E-06
  -1.27999997         9.08698166E-06
  -1.14999998         9.15609508E-06
  -1.01999998         9.22185245E-06
 -0.889999986         9.28411009E-06
 -0.759999990         9.34274703E-06
 -0.629999995         9.39766142E-06
 -0.500000000         9.44877047E-06
 -0.370000005         9.49600962E-06
 -0.239999995         9.53932522E-06
 -0.109999999         9.57867269E-06
   1.99999996E-02     9.61401565E-06
  0.150000006         9.64531591E-06
  0.280000001         9.67253072E-06
  0.409999996         9.69561734E-06
  0.540000021         9.71452118E-06
  0.670000017         9.72917769E-06
  0.800000012         9.73951592E-06
  0.930000007         9.74545219E-06
   1.05999994         9.74689101E-06
   1.19000006         9.74372961E-06
   1.32000005         9.73585884E-06
   1.45000005         9.72316502E-06
   1.58000004         9.70553720E-06
   1.71000004         9.68286804E-06
   1.84000003         9.65506570E-06
   1.97000003         9.62205195E-06
   2.09999990         9.58377404E-06
   2.23000002         9.54019652E-06
   2.35999990         9.49131390E-06
   2.49000001         9.43713803E-06
   2.61999989         9.37770164E-06
   2.75000000         9.31304749E-06
   2.88000011         9.24322740E-06
   3.00999999         9.16829413E-06
   3.14000010         9.08829588E-06
   3.26999998         9.00327268E-06
   3.40000010         8.91325635E-06
   3.52999997         8.81826327E-06
   3.66000009         8.71830616E-06
   3.78999996         8.61338503E-06
   3.92000008         8.50349716E-06
   4.05000019         8.38863525E-06
   4.17999983         8.26879841E-06
   4.30999994         8.14398754E-06
   4.44000006         8.01421265E-06
   4.57000017         7.87949284E-06
   4.69999981         7.73986358E-06
   4.82999992         7.59537488E-06
   4.96000004         7.44609406E-06
   5.09000015         7.29210797E-06
   5.21999979         7.13352438E-06
   5.34999990         6.97046426E-06
   5.48000002         6.80306903E-06
   5.61000013         6.63148876E-06
   5.73999977         6.45588216E-06
   5.86999989         6.27640839E-06
   6.00000000         6.09321933E-06
   6.13000011         5.90645914E-06
   6.26000023         5.71625969E-06
   6.38999987         5.52273332E-06
   6.51999998         5.32598324E-06
   6.65000010         5.12609313E-06
   6.78000021         4.92314484E-06
   6.90999985         4.71721387E-06
   7.03999996         4.50837661E-06
   7.17000008         4.29672036E-06
   7.30000019         4.08233927E-06
   7.42999983         3.86534566E-06
   7.55999994         3.64586549E-06
   7.69000006         3.42404019E-06
   7.82000017         3.20002846E-06
   7.94999981         2.97400197E-06
   8.07999992         2.74614490E-06
   8.21000004         2.51665028E-06
   8.34000015         2.28571594E-06
   8.47000027         2.05354354E-06
   8.60000038         1.82033557E-06
   8.72999954         1.58628893E-06
   8.85999966         1.35159576E-06
   8.98999977         1.11643715E-06
   9.11999989         8.80979030E-07
   9.25000000         6.45375565E-07
   9.38000011         4.09761753E-07
   9.51000023         1.74258801E-07
   9.64000034        -6.10216233E-08
   9.77000046        -2.95977202E-07
   9.89999962        -5.30510135E-07
   10.0299997        -7.64514823E-07
   10.1599998        -9.97879852E-07
   10.2900000        -1.23047948E-06
   10.4200001        -1.46217167E-06
   10.5500002        -1.69279747E-06
   10.6800003        -1.92218249E-06
   10.8100004        -2.15013870E-06
   10.9399996        -2.37647191E-06
   11.0699997        -2.60098113E-06
   11.1999998        -2.82346696E-06
   11.3299999        -3.04373884E-06
   11.4600000        -3.26161080E-06
   11.5900002        -3.47691184E-06
   11.7200003        -3.68948281E-06
   11.8500004        -3.89917886E-06
   11.9799995        -4.10587018E-06
   12.1099997        -4.30943783E-06
   12.2399998        -4.50977541E-06
   12.3699999        -4.70679015E-06
   12.5000000        -4.90039383E-06
   12.6300001        -5.09050915E-06
   12.7600002        -5.27705697E-06
   12.8900003        -5.45995863E-06
   13.0200005        -5.63913090E-06
   13.1499996        -5.81447966E-06
   13.2799997        -5.98590077E-06
   13.4099998        -6.15327690E-06
   13.5400000        -6.31647708E-06
   13.6700001        -6.47535762E-06
   13.8000002        -6.62976663E-06
   13.9300003        -6.77955086E-06
   14.0600004        -6.92455887E-06
   14.1899996        -7.06464652E-06
   14.3199997        -7.19968421E-06
   14.4499998        -7.32956005E-06
   14.5799999        -7.45418220E-06
   14.7100000        -7.57347561E-06
   14.8400002        -7.68738482E-06
   14.9700003        -7.79587208E-06
   15.1000004        -7.89890601E-06
   15.2299995        -7.99646477E-06
   15.3599997        -8.08853110E-06
   15.4899998        -8.17508680E-06
   15.6199999        -8.25610914E-06
   15.7500000        -8.33157083E-06
   15.8800001        -8.40143821E-06
   16.0100002        -8.46566854E-06
   16.1399994        -8.52421090E-06
   16.2700005        -8.57700525E-06
   16.3999996        -8.62398065E-06
   16.5300007        -8.66506343E-06
   16.6599998        -8.70017084E-06
   16.7900009        -8.72921919E-06
   16.9200001        -8.75212663E-06
   17.0499992        -8.76881859E-06
   17.1800003        -8.77923139E-06
   17.3099995        -8.78332048E-06
   17.4400005        -8.78105493E-06
   17.5699997        -8.77242746E-06
   17.7000008        -8.75744990E-06
   17.8299999        -8.73615045E-06
   17.9599991        -8.70857275E-06
   18.0900002        -8.67476865E-06
   18.2199993        -8.63479090E-06
   18.3500004        -8.58868952E-06
   18.4799995        -8.53650818E-06
   18.6100006        -8.47827869E-06
   18.7399998        -8.41402380E-06
   18.8700008        -8.34374896E-06
   19.0000000        -8.26745327E-06
   19.1299992        -8.18512490E-06
   19.2600002        -8.09674930E-06
   19.3899994        -8.00230737E-06
   19.5200005        -7.90178092E-06
   19.6499996        -7.79515722E-06
   19.7800007        -7.68242808E-06
   19.9099998        -7.56359350E-06
   20.0400009        -7.43866804E-06
   20.1700001        -7.30767806E-06
   20.2999992        -7.17066450E-06
   20.4300003        -7.02768557E-06
   20.5599995        -6.87881584E-06
   20.6900005        -6.72414490E-06
   20.8199997        -6.56377370E-06
   20.9500008        -6.39781547E-06
   21.0799999        -6.22638754E-06
   21.2099991        -6.04960405E-06
   21.3400002        -5.86757642E-06
   21.4699993        -5.68040650E-06
   21.6000004        -5.48818207E-06
   21.7299995        -5.29097770E-06
   21.8600006        -5.08885660E-06
   21.9899998        -4.88187152E-06
   22.1200008        -4.67007158E-06
   22.2500000        -4.45350270E-06
   22.3799992        -4.23222036E-06
   22.5100002        -4.00628778E-06
   22.6399994        -3.77578135E-06
   22.7700005        -3.54079430E-06
   22.8999996        -3.30143575E-06
   23.0300007        -3.05783442E-06
   23.1599998        -2.81013331E-06
   23.2900009        -2.55849068E-06
   23.4200001        -2.30307683E-06
   23.5499992        -2.04407479E-06
   23.6800003        -1.78167249E-06
   23.8099995        -1.51606787E-06
   23.9400005        -1.24745668E-06
   24.0699997        -9.76038450E-07
   24.2000008        -7.02007469E-07
   24.3299999        -4.25555015E-07
   24.4599991        -1.46861197E-07
   24.5900002         1.33901253E-07
   24.7199993         4.16569236E-07
   24.8500004         7.00989006E-07
   24.9799995         9.87012186E-07
   25.1100006         1.27448925E-06
   25.2399998         1.56326905E-06
   25.3700008         1.85319118E-06
   25.5000000         2.14407942E-06
   25.6299992         2.43573845E-06
   25.7600002         2.72795455E-06
   25.8899994         3.02049193E-06
   26.0200005         3.31309911E-06
   26.1499996         3.60550621E-06
   26.2800007         3.89743445E-06
   26.4099998         4.18859690E-06
   26.5400009         4.47870707E-06
   26.6700001         4.76748119E-06
   26.7999992         5.05463731E-06
   26.9300003         5.33990442E-06
   27.0599995         5.62302057E-06
   27.1900005         5.90373293E-06
   27.3199997         6.18179729E-06
   27.4500008         6.45697764E-06
   27.5799999         6.72904798E-06
   27.7099991         6.99778911E-06
   27.8400002         7.26298595E-06
   27.9699993         7.52442611E-06
   28.1000004         7.78189860E-06
   28.2299995         8.03518651E-06
   28.3600006         8.28406519E-06
   28.4899998         8.52830453E-06
   28.6200008         8.76765807E-06
   28.7500000         9.00186660E-06
   28.8799992         9.23065545E-06
   29.0100002         9.45374268E-06
   29.1399994         9.67083906E-06
   29.2700005         9.88165448E-06
   29.3999996         1.00859006E-05
   29.5300007         1.02833046E-05
   29.6599998         1.04736055E-05
   29.7900009         1.06565622E-05
   29.9200001         1.08319537E-05
   30.0499992         1.09995808E-05
   30.1800003         1.11592644E-05
   30.3099995         1.13108390E-05
   30.4400005         1.14541535E-05
   30.5699997         1.15890643E-05
   30.7000008         1.17154395E-05
   30.8299999         1.18331427E-05
   30.9599991         1.19420429E-05
   31.0900002         1.20420054E-05
   31.2199993         1.21328958E-05
   31.3500004         1.22145775E-05
   31.4799995         1.22869069E-05
   31.6100006         1.23497412E-05
   31.7399998         1.24029339E-05
   31.8700008         1.24463386E-05
   32.0000000         1.24798125E-05
   32.1300011         1.25032166E-05
   32.2599983         1.25164233E-05
   32.3899994         1.25193219E-05
   32.5200005         1.25118167E-05
   32.6500015         1.24938406E-05
   32.7799988         1.24653498E-05
   32.9099998         1.24263288E-05
   33.0400009         1.23767886E-05
   33.1699982         1.23167656E-05
   33.2999992         1.22463152E-05
   33.4300003         1.21655075E-05
   33.5600014         1.20744189E-05
   33.6899986         1.19731312E-05
   33.8199997         1.18617254E-05
   33.9500008         1.17402797E-05
   34.0800018         1.16088650E-05
   34.2099991         1.14675531E-05
   34.3400002         1.13164087E-05
   34.4700012         1.11555000E-05
   34.5999985         1.09848952E-05
   34.7299995         1.08046697E-05
   34.8600006         1.06149082E-05
   34.9900017         1.04157061E-05
   35.1199989         1.02071754E-05
   35.2500000         9.98943869E-06
   35.3800011         9.76264164E-06
   35.5099983         9.52694791E-06
   35.6399994         9.28254121E-06
   35.7700005         9.02962984E-06
   35.9000015         8.76843842E-06
   36.0299988         8.49921798E-06
   36.1599998         8.22222682E-06
   36.2900009         7.93774143E-06
   36.4199982         7.64604465E-06
   36.5499992         7.34741707E-06
   36.6800003         7.04213699E-06
   36.8100014         6.73047361E-06
   36.9399986         6.41268480E-06
   37.0699997         6.08901701E-06
   37.2000008         5.75970262E-06
   37.3300018         5.42496764E-06
   37.4599991         5.08503581E-06
   37.5900002         4.74012950E-06
   37.7200012         4.39047562E-06
   37.8499985         4.03631338E-06
   37.9799995         3.67789130E-06
   38.1100006         3.31547540E-06
   38.2400017         2.94934694E-06
   38.3699989         2.57979764E-06
   38.5000000         2.20713423E-06
   38.6300011         1.83167447E-06
   38.7599983         1.45374372E-06
   38.8899994         1.07367248E-06
   39.0200005         6.91792366E-07
   39.1500015         3.08434551E-07
   39.2799988        -7.60750325E-08
   39.4099998        -4.61416079E-07
   39.5400009        -8.47282593E-07
   39.6699982        -1.23338509E-06
   39.7999992        -1.61944808E-06
   39.9300003        -2.00521754E-06
   40.0600014        -2.39046108E-06
   40.1899986        -2.77496088E-06
   40.3199997        -3.15851571E-06
   40.4500008        -3.54093436E-06
   40.5800018        -3.92203310E-06
   40.7099991        -4.30162527E-06
   40.8400002        -4.67952032E-06
   40.9700012        -5.05551770E-06
   41.0999985        -5.42940825E-06
   41.2299995        -5.80097276E-06
   41.3600006        -6.16998568E-06
   41.4900017        -6.53621328E-06
   41.6199989        -6.89942772E-06
   41.7500000        -7.25940390E-06
   41.8800011        -7.61592582E-06
   42.0099983        -7.96879340E-06
   42.1399994        -8.31782199E-06
   42.2700005        -8.66285154E-06
   42.4000015        -9.00373470E-06
   42.5299988        -9.34035052E-06
   42.6599998        -9.67259803E-06
   42.7900009        -1.00003908E-05
   42.9199982        -1.03236680E-05
   43.0499992        -1.06423786E-05
   43.1800003        -1.09564889E-05
   43.3100014        -1.12659718E-05
   43.4399986        -1.15708108E-05
   43.5699997        -1.18709895E-05
   43.7000008        -1.21664889E-05
   43.8300018        -1.24572834E-05
   43.9599991        -1.27433414E-05
   44.0900002        -1.30246208E-05
   44.2200012        -1.33010699E-05
   44.3499985        -1.35726268E-05
   44.4799995        -1.38392361E-05
   44.6100006        -1.41008350E-05
   44.7400017        -1.43573779E-05
   44.8699989        -1.46088269E-05
   45.0000000        -1.48551653E-05
   45.1300011        -1.50963970E-05
   45.2599983        -1.53325509E-05
   45.3899994        -1.55636772E-05
   45.5200005        -1.57898467E-05
   45.6500015        -1.60111395E-05
   45.7799988        -1.62276574E-05
   45.9099998        -1.64394987E-05
   46.0400009        -1.66467707E-05
   46.1699982        -1.68495808E-05
   46.2999992        -1.70480307E-05
   46.4300003        -1.72422169E-05
   46.5600014        -1.74322213E-05
   46.6899986        -1.76181256E-05
   46.8199997        -1.77999900E-05
   46.9500008        -1.79778726E-05
   47.0800018        -1.81518153E-05
   47.2099991        -1.83218508E-05
   47.3400002        -1.84880082E-05
   47.4700012        -1.86503094E-05
   47.5999985        -1.88087797E-05
   47.7299995        -1.89634520E-05
   47.8600006        -1.91143699E-05
   47.9900017        -1.92615880E-05
   48.1199989        -1.94051809E-05
   48.2500000        -1.95452430E-05
   48.3800011        -1.96818783E-05
   48.5099983        -1.98152102E-05
   48.6399994        -1.99453589E-05
   48.7700005        -2.00724608E-05
   48.9000015        -2.01966268E-05
   49.0299988        -2.03179734E-05
   49.1599998        -2.04365861E-05
   49.2900009        -2.05525430E-05
   49.4199982        -2.06658933E-05
   49.5499992        -2.07766734E-05
   49.6800003        -2.08848942E-05
   49.8100014        -2.09905538E-05
   49.9399986        -2.10936360E-05
   50.0699997        -2.11941169E-05
   50.2000008        -2.12919640E-05
   50.3300018        -2.13871408E-05
   50.4599991        -2.14796110E-05
   50.5900002        -2.15693453E-05
   50.7200012        -2.16563094E-05
   50.8499985        -2.17404886E-05
   50.9799995        -2.18218684E-05
   51.1100006        -2.19004469E-05
   51.2400017        -2.19762333E-05
   51.3699989        -2.20492384E-05
   51.5000000        -2.21194805E-05
   51.6300011        -2.21869777E-05
   51.7599983        -2.22517356E-05
   51.8899994        -2.23137522E-05
   52.0200005        -2.23730040E-05
   52.1500015        -2.24294454E-05
   52.2799988        -2.24830073E-05
   52.4099998        -2.25335934E-05
   52.5400009        -2.25810873E-05
   52.6699982        -2.26253524E-05
   52.7999992        -2.26662378E-05
   52.9300003        -2.27035871E-05
   53.0600014        -2.27372384E-05
   53.1899986        -2.27670371E-05
   53.3199997        -2.27928340E-05
   53.4500008        -2.28144872E-05
   53.5800018        -2.28318695E-05
   53.7099991        -2.28448607E-05
   53.8400002        -2.28533554E-05
   53.9700012        -2.28572571E-05
   54.0999985        -2.28564713E-05
   54.2299995        -2.28509125E-05
   54.3600006        -2.28404951E-05
   54.4900017        -2.28251301E-05
   54.6199989        -2.28047265E-05
   54.7500000        -2.27791825E-05
   54.8800011        -2.27483852E-05
   55.0099983        -2.27122073E-05
   55.1399994        -2.26705051E-05
   55.2700005        -2.26231168E-05
   55.4000015        -2.25698695E-05
   55.5299988        -2.25105687E-05
   55.6599998        -2.24450214E-05
   55.7900009        -2.23730258E-05
   55.9199982        -2.22943854E-05
   56.0499992        -2.22089147E-05
   56.1800003        -2.21164446E-05
   56.3100014        -2.20168313E-05
   56.4399986        -2.19099420E-05
   56.5699997        -2.17956804E-05
   56.7000008        -2.16739609E-05
   56.8300018        -2.15447217E-05
   56.9599991        -2.14079064E-05
   57.0900002        -2.12634695E-05
   57.2200012        -2.11113711E-05
   57.3499985        -2.09515674E-05
   57.4799995        -2.07840094E-05
   57.6100006        -2.06086424E-05
   57.7400017        -2.04254065E-05
   57.8699989        -2.02342326E-05
   58.0000000        -2.00350460E-05
   58.1300011        -1.98277648E-05
   58.2599983        -1.96123019E-05
   58.3899994        -1.93885717E-05
   58.5200005        -1.91564886E-05
   58.6500015        -1.89159746E-05
   58.7799988        -1.86669604E-05
   58.9099998        -1.84093951E-05
   59.0400009        -1.81432442E-05
   59.1699982        -1.78685041E-05
   59.2999992        -1.75851928E-05
   59.4300003        -1.72933596E-05
   59.5600014        -1.69930772E-05
   59.6899986        -1.66844511E-05
   59.8199997        -1.63675959E-05
   59.9500008        -1.60426443E-05
   60.0800018        -1.57097402E-05
   60.2099991        -1.53690180E-05
   60.3400002        -1.50206142E-05
   60.4700012        -1.46646571E-05
   60.5999985        -1.43012658E-05
   60.7299995        -1.39305503E-05
   60.8600006        -1.35526152E-05
   60.9900017        -1.31675624E-05
   61.1199989        -1.27754929E-05
   61.2500000        -1.23765158E-05
   61.3800011        -1.19707493E-05
   61.5099983        -1.15583289E-05
   61.6399994        -1.11394029E-05
   61.7700005        -1.07141441E-05
   61.9000015        -1.02827435E-05
   62.0299988        -9.84541566E-06
   62.1599998        -9.40240170E-06
   62.2900009        -8.95396443E-06
   62.4199982        -8.50038941E-06
   62.5499992        -8.04198135E-06
   62.6800003        -7.57906082E-06
   62.8100014        -7.11196208E-06
   62.9399986        -6.64102254E-06
   63.0699997        -6.16657871E-06
   63.2000008        -5.68896075E-06
   63.3300018        -5.20849062E-06
   63.4599991        -4.72547390E-06
   63.5900002        -4.24020118E-06
   63.7200012        -3.75295508E-06
   63.8499985        -3.26400459E-06
   63.9799995        -2.77361755E-06
   64.1100006        -2.28206204E-06
   64.2399979        -1.78961488E-06
   64.3700027        -1.29656814E-06
   64.5000000        -8.03229625E-07
   64.6299973        -3.09929135E-07
   64.7600021         1.82983200E-07
   64.8899994         6.75136164E-07
   65.0199966         1.16614024E-06
   65.1500015         1.65559322E-06
   65.2799988         2.14308216E-06
   65.4100037         2.62818753E-06
   65.5400009         3.11048734E-06
   65.6699982         3.58956277E-06
   65.8000031         4.06500158E-06
   65.9300003         4.53640132E-06
   66.0599976         5.00337455E-06
   66.1900024         5.46554838E-06
   66.3199997         5.92257175E-06
   66.4499969         6.37411313E-06
   66.5800018         6.81985739E-06
   66.7099991         7.25950849E-06
   66.8399963         7.69278358E-06
   66.9700012         8.11940663E-06
   67.0999985         8.53910387E-06
   67.2300034         8.95159701E-06
   67.3600006         9.35659955E-06
   67.4899979         9.75380863E-06
   67.6200027         1.01429086E-05
   67.7500000         1.05235667E-05
   67.8799973         1.08954391E-05
   68.0100021         1.12581756E-05
   68.1399994         1.16114215E-05
   68.2699966         1.19548295E-05
   68.4000015         1.22880620E-05
   68.5299988         1.26107971E-05
   68.6600037         1.29227374E-05
   68.7900009         1.32236082E-05
   68.9199982         1.35131595E-05
   69.0500031         1.37911675E-05
   69.1800003         1.40574348E-05
   69.3099976         1.43117868E-05
   69.4400024         1.45540698E-05
   69.5699997         1.47841492E-05
   69.6999969         1.50019041E-05
   69.8300018         1.52072262E-05
   69.9599991         1.54000136E-05
   70.0899963         1.55801681E-05
   70.2200012         1.57475879E-05
   70.3499985         1.59021693E-05
   70.4800034         1.60438012E-05
   70.6100006         1.61723638E-05
   70.7399979         1.62877350E-05
   70.8700027         1.63897839E-05
   71.0000000         1.64783869E-05
   71.1299973         1.65534293E-05
   71.2600021         1.66148075E-05
   71.3899994         1.66624468E-05
   71.5199966         1.66962964E-05
   71.6500015         1.67163398E-05
   71.7799988         1.67225953E-05
   71.9100037         1.67151120E-05
   72.0400009         1.66939717E-05
   72.1699982         1.66592818E-05
   72.3000031         1.66111713E-05
   72.4300003         1.65497877E-05
   72.5599976         1.64752819E-05
   72.6900024         1.63878158E-05
   72.8199997         1.62875513E-05
   72.9499969         1.61746484E-05
   73.0800018         1.60492636E-05
   73.2099991         1.59115480E-05
   73.3399963         1.57616523E-05
   73.4700012         1.55997186E-05
   73.5999985         1.54258923E-05
   73.7300034         1.52403181E-05
   73.8600006         1.50431442E-05
   73.9899979         1.48345307E-05
   74.1200027         1.46146485E-05
   74.2500000         1.43836896E-05
   74.3799973         1.41418695E-05
   74.5100021         1.38894356E-05
   74.6399994         1.36266599E-05
   74.7699966         1.33538479E-05
   74.9000015         1.30713333E-05
   75.0299988         1.27794729E-05
   75.1600037         1.24786420E-05
   75.2900009         1.21692265E-05
   75.4199982         1.18516118E-05
   75.5500031         1.15261855E-05
   75.6800003         1.11933186E-05
   75.8099976         1.08533741E-05
   75.9400024         1.05066956E-05
   76.0699997         1.01536143E-05
   76.1999969         9.79444849E-06
   76.3300018         9.42950646E-06
   76.4599991         9.05909019E-06
   76.5899963         8.68350344E-06
   76.7200012         8.30305180E-06
   76.8499985         7.91805087E-06
   76.9800034         7.52882397E-06
   77.1100006         7.13571262E-06
   77.2399979         6.73907243E-06
   77.3700027         6.33927584E-06
   77.5000000         5.93671439E-06
   77.6299973         5.53179552E-06
   77.7600021         5.12494171E-06
   77.8899994         4.71658768E-06
   78.0199966         4.30717591E-06
   78.1500015         3.89714842E-06
   78.2799988         3.48694266E-06
   78.4100037         3.07698292E-06
   78.5400009         2.66767734E-06
   78.6699982         2.25940835E-06
   78.8000031         1.85253225E-06
   78.9300003         1.44738101E-06
   79.0599976         1.04426169E-06
   79.1900024         6.43460680E-07
   79.3199997         2.45248003E-07
   79.4499969        -1.50110282E-07
   79.5800018        -5.42352609E-07
   79.7099991        -9.31209456E-07
   79.8399963        -1.31640570E-06
   79.9700012        -1.69765178E-06
   80.0999985        -2.07464814E-06
   80.2300034        -2.44708167E-06
   80.3600006        -2.81462962E-06
   80.4899979        -3.17696299E-06
   80.6200027        -3.53375208E-06
   80.7500000        -3.88466924E-06
   80.8799973        -4.22939274E-06
   81.0100021        -4.56761245E-06
   81.1399994        -4.89903459E-06
   81.2699966        -5.22338451E-06
   81.4000015        -5.54041071E-06
   81.5299988        -5.84989220E-06
   81.6600037        -6.15163526E-06
   81.7900009        -6.44547436E-06
   81.9199982        -6.73127124E-06
   82.0500031        -7.00891405E-06
   82.1800003        -7.27831230E-06
   82.3099976        -7.53938502E-06
   82.4400024        -7.79206039E-06
   82.5699997        -8.03626790E-06
   82.6999969        -8.27192525E-06
   82.8300018        -8.49894604E-06
   82.9599991        -8.71722568E-06
   83.0899963        -8.92665048E-06
   83.2200012        -9.12709493E-06
   83.3499985        -9.31843078E-06
   83.4800034        -9.50053163E-06
   83.6100006        -9.67327469E-06
   83.7399979        -9.83655718E-06
   83.8700027        -9.99029362E-06
   84.0000000        -1.01344212E-05
   84.1299973        -1.02689091E-05
   84.2600021        -1.03937509E-05
   84.3899994        -1.05089712E-05
   84.5199966        -1.06146226E-05
   84.6500015        -1.07107799E-05
   84.7799988        -1.07975447E-05
   84.9100037        -1.08750337E-05
   85.0400009        -1.09433813E-05
   85.1699982        -1.10027277E-05
   85.3000031        -1.10532210E-05
   85.4300003        -1.10950041E-05
   85.5599976        -1.11282161E-05
   85.6900024        -1.11529853E-05
   85.8199997        -1.11694244E-05
   85.9499969        -1.11776353E-05
   86.0800018        -1.11777072E-05
   86.2099991        -1.11697191E-05
   86.3399963        -1.11537456E-05
   86.4700012        -1.11298705E-05
   86.5999985        -1.10981819E-05
   86.7300034        -1.10587889E-05
   86.8600006        -1.10118244E-05
   86.9899979        -1.09574521E-05
   87.1200027        -1.08958584E-05
   87.2500000        -1.08272625E-05
   87.3799973        -1.07519099E-05
   87.5100021        -1.06700645E-05
   87.6399994        -1.05820045E-05
   87.7699966        -1.04880201E-05
   87.9000015        -1.03884049E-05
   88.0299988        -1.02834483E-05
   88.1600037        -1.01734331E-05
   88.2900009        -1.00586321E-05
   88.4199982        -9.93930644E-06
   88.5500031        -9.81570065E-06
   88.6800003        -9.68804761E-06
   88.8099976        -9.55656378E-06
   88.9400024        -9.42145289E-06
   89.0699997        -9.28291229E-06
   89.1999969        -9.14113207E-06
   89.3300018        -8.99630049E-06
   89.4599991        -8.84861311E-06
   89.5899963        -8.69827454E-06
   89.7200012        -8.54550490E-06
   89.8499985        -8.39054701E-06
   89.9800034        -8.23366463E-06
   90.1100006        -8.07514516E-06
   90.2399979        -7.91529601E-06
   90.3700027        -7.75444005E-06
   90.5000000        -7.59291106E-06
   90.6299973        -7.43104283E-06
   90.7600021        -7.26916505E-06
   90.8899994        -7.10759241E-06
   91.0199966        -6.94662140E-06
   91.1500015        -6.78652441E-06
   91.2799988        -6.62754974E-06
   91.4100037        -6.46991839E-06
   91.5400009        -6.31383045E-06
   91.6699982        -6.15946647E-06
   91.8000031        -6.00698968E-06
   91.9300003        -5.85655334E-06
   92.0599976        -5.70830434E-06
   92.1900024        -5.56238683E-06
   92.3199997        -5.41894860E-06
   92.4499969        -5.27814154E-06
   92.5800018        -5.14012618E-06
   92.7099991        -5.00507394E-06
   92.8399963        -4.87316856E-06
   92.9700012        -4.74460421E-06
   93.0999985        -4.61958507E-06
   93.2300034        -4.49832123E-06
   93.3600006        -4.38102688E-06
   93.4899979        -4.26790939E-06
   93.6200027        -4.15916520E-06
   93.7500000        -4.05497212E-06
   93.8799973        -3.95548295E-06
   94.0100021        -3.86082093E-06
   94.1399994        -3.77107654E-06
   94.2699966        -3.68630731E-06
   94.4000015        -3.60653985E-06
   94.5299988        -3.53177461E-06
   94.6600037        -3.46199135E-06
   94.7900009        -3.39715848E-06
   94.9199982        -3.33723619E-06
   95.0500031        -3.28218607E-06
   95.1800003        -3.23197560E-06
   95.3099976        -3.18658067E-06
   95.4400024        -3.14598810E-06
   95.5699997        -3.11019426E-06
   95.6999969        -3.07920413E-06
   95.8300018        -3.05303047E-06
   95.9599991        -3.03168690E-06
   96.0899963        -3.01518708E-06
   96.2200012        -3.00353804E-06
   96.3499985        -2.99673593E-06
   96.4800034        -2.99476369E-06
   96.6100006        -2.99758244E-06
   96.7399979        -3.00513079E-06
   96.8700027        -3.01731984E-06
   97.0000000        -3.03403090E-06
   97.1299973        -3.05511617E-06
   97.2600021        -3.08039716E-06
   97.3899994        -3.10967334E-06
   97.5199966        -3.14272302E-06
   97.6500015        -3.17931290E-06
   97.7799988        -3.21920425E-06
   97.9100037        -3.26216286E-06
   98.0400009        -3.30796274E-06
   98.1699982        -3.35639356E-06
   98.3000031        -3.40726319E-06
   98.4300003        -3.46039542E-06
   98.5599976        -3.51563085E-06
   98.6900024        -3.57282170E-06
   98.8199997        -3.63182471E-06
   98.9499969        -3.69249847E-06
   99.0800018        -3.75469381E-06
   99.2099991        -3.81825112E-06
   99.3399963        -3.88299441E-06
   99.4700012        -3.94872814E-06
   99.5999985        -4.01523812E-06
   99.7300034        -4.08228880E-06
   99.8600006        -4.14962324E-06
   99.9899979        -4.21696814E-06
   100.120003        -4.28403428E-06
   100.250000        -4.35052107E-06
   100.379997        -4.41612110E-06
   100.510002        -4.48052651E-06
   100.639999        -4.54343399E-06
   100.769997        -4.60454976E-06
   100.900002        -4.66359870E-06
   101.029999        -4.72032661E-06
   101.160004        -4.77450567E-06
   101.290001        -4.82593487E-06
   101.419998        -4.87443822E-06
   101.550003        -4.91986339E-06
   101.680000        -4.96207576E-06
   101.809998        -5.00095211E-06
   101.940002        -5.03637239E-06
   102.070000        -5.06821152E-06
   102.199997        -5.09633674E-06
   102.330002        -5.12060251E-06
   102.459999        -5.14084604E-06
   102.589996        -5.15688953E-06
   102.720001        -5.16854379E-06
   102.849998        -5.17561148E-06
   102.980003        -5.17788885E-06
   103.110001        -5.17517674E-06
   103.239998        -5.16728505E-06
   103.370003        -5.15403462E-06
   103.500000        -5.13526811E-06
   103.629997        -5.11084772E-06
   103.760002        -5.08066114E-06
   103.889999        -5.04462423E-06
   104.019997        -5.00268106E-06
   104.150002        -4.95480526E-06
   104.279999        -4.90099774E-06
   104.410004        -4.84128532E-06
   104.540001        -4.77571484E-06
   104.669998        -4.70434861E-06
   104.800003        -4.62725984E-06
   104.930000        -4.54452265E-06
   105.059998        -4.45620935E-06
   105.190002        -4.36238133E-06
   105.320000        -4.26309043E-06
   105.449997        -4.15837349E-06
   105.580002        -4.04825641E-06
   105.709999        -3.93275786E-06
   105.839996        -3.81189466E-06
   105.970001        -3.68568772E-06
   106.099998        -3.55417228E-06
   106.230003        -3.41740247E-06
   106.360001        -3.27545877E-06
   106.489998        -3.12844827E-06
   106.620003        -2.97651286E-06
   106.750000        -2.81982329E-06
   106.879997        -2.65858216E-06
   107.010002        -2.49301729E-06
   107.139999        -2.32337925E-06
   107.269997        -2.14993725E-06
   107.400002        -1.97297254E-06
   107.529999        -1.79277322E-06
   107.660004        -1.60963225E-06
   107.790001        -1.42383794E-06
   107.919998        -1.23567395E-06
   108.050003        -1.04541198E-06
   108.180000        -8.53312201E-07
   108.309998        -6.59619673E-07
   108.440002        -4.64565915E-07
   108.570000        -2.68370314E-07
   108.699997        -7.12468236E-08
   108.830002         1.26595324E-07
   108.959999         3.24941055E-07
   109.089996         5.23562278E-07
   109.220001         7.22214281E-07
   109.349998         9.20627656E-07
   109.480003         1.11850716E-06
   109.610001         1.31553168E-06
   109.739998         1.51135475E-06
   109.870003         1.70561236E-06
   110.000000         1.89792456E-06
   110.129997         2.08790607E-06
   110.260002         2.27517216E-06
   110.389999         2.45934712E-06
   110.519997         2.64006826E-06
   110.650002         2.81699158E-06
   110.779999         2.98979307E-06
   110.910004         3.15817169E-06
   111.040001         3.32184914E-06
   111.169998         3.48056642E-06
   111.300003         3.63408549E-06
   111.430000         3.78218374E-06
   111.559998         3.92465063E-06
   111.690002         4.06128447E-06
   111.820000         4.19188700E-06
   111.949997         4.31625995E-06
   112.080002         4.43419640E-06
   112.209999         4.54548172E-06
   112.339996         4.64988625E-06
   112.470001         4.74716853E-06
   112.599998         4.83707299E-06
   112.730003         4.91933406E-06
   112.860001         4.99368252E-06
   112.989998         5.05985236E-06
   113.120003         5.11758753E-06
   113.250000         5.16665159E-06
   113.379997         5.20683261E-06
   113.510002         5.23795279E-06
   113.639999         5.25986707E-06
   113.769997         5.27246584E-06
   113.900002         5.27567727E-06
   114.029999         5.26945678E-06
   114.160004         5.25378800E-06
   114.290001         5.22867322E-06
   114.419998         5.19413106E-06
   114.550003         5.15018519E-06
   114.680000         5.09686561E-06
   114.809998         5.03420051E-06
   114.940002         4.96221492E-06
   115.070000         4.88093019E-06
   115.199997         4.79036180E-06
   115.330002         4.69051702E-06
   115.459999         4.58140266E-06
   115.589996         4.46302192E-06
   115.720001         4.33538207E-06
   115.849998         4.19849721E-06
   115.980003         4.05239507E-06
   116.110001         3.89712295E-06
   116.239998         3.73275498E-06
   116.370003         3.55939369E-06
   116.500000         3.37717961E-06
   116.629997         3.18628690E-06
   116.760002         2.98692703E-06
   116.889999         2.77934214E-06
   117.019997         2.56380144E-06
   117.150002         2.34059053E-06
   117.279999         2.11000611E-06
   117.410004         1.87234639E-06
   117.540001         1.62790684E-06
   117.669998         1.37697134E-06
   117.800003         1.11981069E-06
   117.930000         8.56680913E-07
   118.059998         5.87824104E-07
   118.190002         3.13471475E-07
   118.320000         3.38474422E-08
   118.449997        -2.50825678E-07
   118.580002        -5.40321935E-07
   118.709999        -8.34409775E-07
   118.839996        -1.13284432E-06
   118.970001        -1.43536522E-06
   119.099998        -1.74169395E-06
   119.230003        -2.05152742E-06
   119.360001        -2.36453957E-06
   119.489998        -2.68038070E-06
   119.620003        -2.99867543E-06
   119.750000        -3.31903084E-06
   119.879997        -3.64103653E-06
   120.010002        -3.96427004E-06
   120.139999        -4.28831027E-06
   120.269997        -4.61273794E-06
   120.400002        -4.93714833E-06
   120.529999        -5.26115355E-06
   120.660004        -5.58439342E-06
   120.790001        -5.90652962E-06
   120.919998        -6.22725247E-06
   121.050003        -6.54627183E-06
   121.180000        -6.86331714E-06
   121.309998        -7.17812827E-06
   121.440002        -7.49044875E-06
   121.570000        -7.80001938E-06
   121.699997        -8.10657184E-06
   121.830002        -8.40982466E-06
   121.959999        -8.70948497E-06
   122.089996        -9.00523719E-06
   122.220001        -9.29675753E-06
   122.349998        -9.58370492E-06
   122.480003        -9.86573286E-06
   122.610001        -1.01424876E-05
   122.739998        -1.04136152E-05
   122.870003        -1.06787675E-05
   123.000000        -1.09376087E-05
   123.129997        -1.11898153E-05
   123.260002        -1.14350887E-05
   123.389999        -1.16731553E-05
   123.519997        -1.19037704E-05
   123.650002        -1.21267240E-05
   123.779999        -1.23418340E-05
   123.910004        -1.25489532E-05
   124.040001        -1.27479570E-05
   124.169998        -1.29387436E-05
   124.300003        -1.31212209E-05
   124.430000        -1.32953028E-05
   124.559998        -1.34609036E-05
   124.690002        -1.36179242E-05
   124.820000        -1.37662582E-05
   124.949997        -1.39057829E-05
   125.080002        -1.40363627E-05
   125.209999        -1.41578539E-05
   125.339996        -1.42701083E-05
   125.470001        -1.43729812E-05
   125.599998        -1.44663363E-05
   125.730003        -1.45500535E-05
   125.860001        -1.46240336E-05
   125.989998        -1.46882066E-05
   126.120003        -1.47425299E-05
   126.250000        -1.47869932E-05
   126.379997        -1.48216168E-05
   126.510002        -1.48464542E-05
   126.639999        -1.48615873E-05
   126.769997        -1.48671243E-05
   126.900002        -1.48631980E-05
   127.029999        -1.48499566E-05
   127.160004        -1.48275603E-05
   127.290001        -1.47961764E-05
   127.419998        -1.47559676E-05
   127.550003        -1.47070923E-05
   127.680000        -1.46496977E-05
   127.809998        -1.45839149E-05
   127.940002        -1.45098602E-05
   128.070007        -1.44276401E-05
   128.199997        -1.43373518E-05
   128.330002        -1.42390900E-05
   128.460007        -1.41329583E-05
   128.589996        -1.40190714E-05
   128.720001        -1.38975693E-05
   128.850006        -1.37686129E-05
   128.979996        -1.36324006E-05
   129.110001        -1.34891588E-05
   129.240005        -1.33391459E-05
   129.369995        -1.31826464E-05
   129.500000        -1.30199696E-05
   129.630005        -1.28514375E-05
   129.759995        -1.26773875E-05
   129.889999        -1.24981589E-05
   130.020004        -1.23140908E-05
   130.149994        -1.21255125E-05
   130.279999        -1.19327497E-05
   130.410004        -1.17361069E-05
   130.539993        -1.15358753E-05
   130.669998        -1.13323285E-05
   130.800003        -1.11257232E-05
   130.929993        -1.09162993E-05
   131.059998        -1.07042852E-05
   131.190002        -1.04898991E-05
   131.320007        -1.02733611E-05
   131.449997        -1.00548923E-05
   131.580002        -9.83472819E-06
   131.710007        -9.61311980E-06
   131.839996        -9.39033998E-06
   131.970001        -9.16668614E-06
   132.100006        -8.94248024E-06
   132.229996        -8.71806151E-06
   132.360001        -8.49378648E-06
   132.490005        -8.27001986E-06
   132.619995        -8.04712363E-06
   132.750000        -7.82545249E-06
   132.880005        -7.60534522E-06
   133.009995        -7.38711879E-06
   133.139999        -7.17106377E-06
   133.270004        -6.95744257E-06
   133.399994        -6.74649164E-06
   133.529999        -6.53842108E-06
   133.660004        -6.33341551E-06
   133.789993        -6.13164548E-06
   133.919998        -5.93326422E-06
   134.050003        -5.73841635E-06
   134.179993        -5.54724147E-06
   134.309998        -5.35988147E-06
   134.440002        -5.17648050E-06
   134.570007        -4.99719363E-06
   134.699997        -4.82218820E-06
   134.830002        -4.65164339E-06
   134.960007        -4.48575247E-06
   135.089996        -4.32472234E-06
   135.220001        -4.16876492E-06
   135.350006        -4.01809712E-06
   135.479996        -3.87292584E-06
   135.610001        -3.73344710E-06
   135.740005        -3.59983574E-06
   135.869995        -3.47223568E-06
   136.000000        -3.35076015E-06
   136.130005        -3.23548306E-06
   136.259995        -3.12644374E-06
   136.389999        -3.02364742E-06
   136.520004        -2.92706977E-06
   136.649994        -2.83666373E-06
   136.779999        -2.75236812E-06
   136.910004        -2.67411406E-06
   137.039993        -2.60182969E-06
   137.169998        -2.53544817E-06
   137.300003        -2.47490993E-06
   137.429993        -2.42016381E-06
   137.559998        -2.37117115E-06
   137.690002        -2.32790012E-06
   137.820007        -2.29032935E-06
   137.949997        -2.25843905E-06
   138.080002        -2.23221241E-06
   138.210007        -2.21162782E-06
   138.339996        -2.19665480E-06
   138.470001        -2.18724813E-06
   138.600006        -2.18334117E-06
   138.729996        -2.18484342E-06
   138.860001        -2.19163371E-06
   138.990005        -2.20355787E-06
   139.119995        -2.22043013E-06
   139.250000        -2.24203313E-06
   139.380005        -2.26812267E-06
   139.509995        -2.29843636E-06
   139.639999        -2.33269839E-06
   139.770004        -2.37063159E-06
   139.899994        -2.41196176E-06
   140.029999        -2.45642877E-06
   140.160004        -2.50378935E-06
   140.289993        -2.55381997E-06
   140.419998        -2.60631646E-06
   140.550003        -2.66109646E-06
   140.679993        -2.71798922E-06
   140.809998        -2.77683262E-06
   140.940002        -2.83746795E-06
   141.070007        -2.89973195E-06
   141.199997        -2.96345502E-06
   141.330002        -3.02845206E-06
   141.460007        -3.09452321E-06
   141.589996        -3.16144792E-06
   141.720001        -3.22898632E-06
   141.850006        -3.29687714E-06
   141.979996        -3.36484050E-06
   142.110001        -3.43257966E-06
   142.240005        -3.49978563E-06
   142.369995        -3.56614009E-06
   142.500000        -3.63132426E-06
   142.630005        -3.69502573E-06
   142.759995        -3.75694344E-06
   142.889999        -3.81679774E-06
   143.020004        -3.87433238E-06
   143.149994        -3.92932179E-06
   143.279999        -3.98156908E-06
   143.410004        -4.03090598E-06
   143.539993        -4.07719017E-06
   143.669998        -4.12029658E-06
   143.800003        -4.16011244E-06
   143.929993        -4.19652633E-06
   144.059998        -4.22942458E-06
   144.190002        -4.25868211E-06
   144.320007        -4.28415933E-06
   144.449997        -4.30570162E-06
   144.580002        -4.32313527E-06
   144.710007        -4.33627611E-06
   144.839996        -4.34492767E-06
   144.970001        -4.34888807E-06
   145.100006        -4.34795584E-06
   145.229996        -4.34193635E-06
   145.360001        -4.33064497E-06
   145.490005        -4.31391391E-06
   145.619995        -4.29159627E-06
   145.750000        -4.26357110E-06
   145.880005        -4.22974426E-06
   146.009995        -4.19005210E-06
   146.139999        -4.14446276E-06
   146.270004        -4.09297309E-06
   146.399994        -4.03560489E-06
   146.529999        -3.97240274E-06
   146.660004        -3.90342529E-06
   146.789993        -3.82873759E-06
   146.919998        -3.74840420E-06
   147.050003        -3.66248355E-06
   147.179993        -3.57101976E-06
   147.309998        -3.47404011E-06
   147.440002        -3.37155484E-06
   147.570007        -3.26355894E-06
   147.699997        -3.15003626E-06
   147.830002        -3.03096681E-06
   147.960007        -2.90633238E-06
   148.089996        -2.77612617E-06
   148.220001        -2.64035839E-06
   148.350006        -2.49906316E-06
   148.479996        -2.35230186E-06
   148.610001        -2.20016568E-06
   148.740005        -2.04277580E-06
   148.869995        -1.88028150E-06
   149.000000        -1.71285910E-06
   149.130005        -1.54070665E-06
   149.259995        -1.36404014E-06
   149.389999        -1.18308924E-06
   149.520004        -9.98089376E-07
   149.649994        -8.09279129E-07
   149.779999        -6.16891555E-07
   149.910004        -4.21150702E-07
   150.039993        -2.22266607E-07
   150.169998        -2.04320063E-08
   150.300003         1.84178717E-07
   150.429993         3.91409998E-07
   150.559998         6.01120178E-07
   150.690002         8.13176428E-07
   150.820007         1.02744798E-06
   150.949997         1.24380097E-06
   151.080002         1.46208686E-06
   151.210007         1.68213751E-06
   151.339996         1.90375806E-06
   151.470001         2.12672808E-06
   151.600006         2.35079642E-06
   151.729996         2.57568809E-06
   151.860001         2.80110658E-06
   151.990005         3.02674016E-06
   152.119995         3.25226983E-06
   152.250000         3.47737637E-06
   152.380005         3.70174735E-06
   152.509995         3.92508082E-06
   152.639999         4.14709439E-06
   152.770004         4.36752362E-06
   152.899994         4.58612476E-06
   153.029999         4.80267909E-06
   153.160004         5.01698469E-06
   153.289993         5.22886103E-06
   153.419998         5.43814303E-06
   153.550003         5.64467882E-06
   153.679993         5.84832014E-06
   153.809998         6.04892148E-06
   153.940002         6.24633094E-06
   154.070007         6.44038619E-06
   154.199997         6.63090850E-06
   154.330002         6.81770007E-06
   154.460007         7.00054261E-06
   154.589996         7.17919920E-06
   154.720001         7.35341564E-06
   154.850006         7.52293045E-06
   154.979996         7.68748123E-06
   155.110001         7.84681197E-06
   155.240005         8.00068301E-06
   155.369995         8.14887608E-06
   155.500000         8.29120199E-06
   155.630005         8.42750160E-06
   155.759995         8.55764847E-06
   155.889999         8.68154439E-06
   156.020004         8.79912022E-06
   156.149994         8.91032232E-06
   156.279999         9.01511885E-06
   156.410004         9.11348434E-06
   156.539993         9.20539514E-06
   156.669998         9.29083217E-06
   156.800003         9.36976448E-06
   156.929993         9.44215753E-06
   157.059998         9.50796311E-06
   157.190002         9.56711938E-06
   157.320007         9.61955448E-06
   157.449997         9.66518292E-06
   157.580002         9.70391011E-06
   157.710007         9.73564238E-06
   157.839996         9.76028332E-06
   157.970001         9.77775198E-06
   158.100006         9.78798016E-06
   158.229996         9.79092601E-06
   158.360001         9.78657681E-06
   158.490005         9.77495256E-06
   158.619995         9.75610965E-06
   158.750000         9.73013994E-06
   158.880005         9.69716257E-06
   159.009995         9.65732215E-06
   159.139999         9.61077694E-06
   159.270004         9.55769519E-06
   159.399994         9.49824516E-06
   159.529999         9.43258510E-06
   159.660004         9.36086690E-06
   159.789993         9.28322515E-06
   159.919998         9.19977720E-06
   160.050003         9.11063216E-06
   160.179993         9.01588282E-06
   160.309998         8.91561831E-06
   160.440002         8.80992411E-06
   160.570007         8.69888936E-06
   160.699997         8.58260955E-06
   160.830002         8.46119201E-06
   160.960007         8.33476315E-06
   161.089996         8.20347213E-06
   161.220001         8.06749085E-06
   161.350006         7.92702031E-06
   161.479996         7.78229060E-06
   161.610001         7.63355729E-06
   161.740005         7.48110142E-06
   161.869995         7.32522267E-06
   162.000000         7.16623390E-06
   162.130005         7.00444980E-06
   162.259995         6.84018187E-06
   162.389999         6.67373070E-06
   162.520004         6.50537640E-06
   162.649994         6.33537957E-06
   162.779999         6.16397483E-06
   162.910004         5.99137684E-06
   163.039993         5.81778067E-06
   163.169998         5.64336779E-06
   163.300003         5.46831416E-06
   163.429993         5.29279623E-06
   163.559998         5.11699818E-06
   163.690002         4.94111691E-06
   163.820007         4.76536570E-06
   163.949997         4.58997829E-06
   164.080002         4.41520797E-06
   164.210007         4.24132668E-06
   164.339996         4.06862182E-06
   164.470001         3.89739853E-06
   164.600006         3.72796990E-06
   164.729996         3.56065402E-06
   164.860001         3.39577014E-06
   164.990005         3.23363042E-06
   165.119995         3.07453388E-06
   165.250000         2.91876336E-06
   165.380005         2.76657624E-06
   165.509995         2.61820378E-06
   165.639999         2.47384764E-06
   165.770004         2.33367950E-06
   165.899994         2.19784602E-06
   166.029999         2.06647292E-06
   166.160004         1.93966912E-06
   166.289993         1.81753944E-06
   166.419998         1.70018802E-06
   166.550003         1.58772696E-06
   166.679993         1.48028369E-06
   166.809998         1.37800157E-06
   166.940002         1.28104364E-06
   167.070007         1.18958690E-06
   167.199997         1.10382291E-06
   167.330002         1.02394813E-06
   167.460007         9.50161734E-07
   167.589996         8.82655627E-07
   167.720001         8.21609433E-07
   167.850006         7.67186577E-07
   167.979996         7.19526611E-07
   168.110001         6.78743845E-07
   168.240005         6.44926217E-07
   168.369995         6.18130059E-07
   168.500000         5.98384190E-07
   168.630005         5.85688156E-07
   168.759995         5.80019559E-07
   168.889999         5.81330596E-07
   169.020004         5.89559818E-07
   169.149994         6.04636227E-07
   169.279999         6.26485360E-07
   169.410004         6.55035990E-07
   169.539993         6.90226216E-07
   169.669998         7.32008232E-07
   169.800003         7.80349183E-07
   169.929993         8.35230935E-07
   170.059998         8.96647578E-07
   170.190002         9.64598257E-07
   170.320007         1.03908394E-06
   170.449997         1.12009400E-06
   170.580002         1.20760342E-06
   170.710007         1.30156150E-06
   170.839996         1.40189172E-06
   170.970001         1.50848382E-06
   171.100006         1.62119443E-06
   171.229996         1.73984881E-06
   171.360001         1.86424279E-06
   171.490005         1.99415081E-06
   171.619995         2.12932355E-06
   171.750000         2.26950306E-06
   171.880005         2.41441876E-06
   172.009995         2.56380031E-06
   172.139999         2.71737736E-06
   172.270004         2.87488547E-06
   172.399994         3.03607135E-06
   172.529999         3.20069421E-06
   172.660004         3.36852622E-06
   172.789993         3.53935570E-06
   172.919998         3.71298029E-06
   173.050003         3.88920807E-06
   173.179993         4.06784920E-06
   173.309998         4.24870996E-06
   173.440002         4.43158797E-06
   173.570007         4.61626314E-06
   173.699997         4.80249264E-06
   173.830002         4.99000453E-06
   173.960007         5.17850094E-06
   174.089996         5.36765401E-06
   174.220001         5.55711495E-06
   174.350006         5.74651403E-06
   174.479996         5.93547020E-06
   174.610001         6.12360145E-06
   174.740005         6.31052853E-06
   174.869995         6.49588264E-06
   175.000000         6.67931181E-06
   175.130005         6.86048361E-06
   175.259995         7.03908881E-06
   175.389999         7.21483730E-06
   175.520004         7.38746166E-06
   175.649994         7.55671090E-06
   175.779999         7.72235035E-06
   175.910004         7.88415764E-06
   176.039993         8.04191404E-06
   176.169998         8.19540674E-06
   176.300003         8.34441744E-06
   176.429993         8.48872332E-06
   176.559998         8.62808884E-06
   176.690002         8.76226386E-06
   176.820007         8.89098101E-06
   176.949997         9.01396015E-06
   177.080002         9.13090207E-06
   177.210007         9.24150117E-06
   177.339996         9.34544823E-06
   177.470001         9.44243584E-06
   177.600006         9.53217295E-06
   177.729996         9.61438582E-06
   177.860001         9.68883069E-06
   177.990005         9.75529201E-06
   178.119995         9.81359244E-06
   178.250000         9.86358555E-06
   178.380005         9.90515764E-06
   178.509995         9.93822141E-06
   178.639999         9.96270956E-06
   178.770004         9.97857023E-06
   178.899994         9.98576070E-06
   179.029999         9.98424184E-06
   179.160004         9.97397092E-06
   179.289993         9.95490154E-06
   179.419998         9.92698278E-06
   179.550003         9.89015280E-06
   179.679993         9.84434519E-06
   179.809998         9.78948628E-06
   179.940002         9.72549878E-06
   180.070007         9.65230720E-06
   180.199997         9.56983695E-06
   180.330002         9.47802710E-06
   180.460007         9.37683035E-06
   180.589996         9.26622033E-06
   180.720001         9.14620250E-06
   180.850006         9.01681324E-06
   180.979996         8.87812075E-06
   181.110001         8.73023146E-06
   181.240005         8.57328723E-06
   181.369995         8.40745633E-06
   181.500000         8.23293067E-06
   181.630005         8.04992032E-06
   181.759995         7.85863813E-06
   181.889999         7.65930054E-06
   182.020004         7.45211628E-06
   182.149994         7.23728408E-06
   182.279999         7.01498902E-06
   182.410004         6.78540528E-06
   182.539993         6.54869609E-06
   182.669998         6.30501791E-06
   182.800003         6.05452487E-06
   182.929993         5.79737434E-06
   183.059998         5.53373275E-06
   183.190002         5.26377789E-06
   183.320007         4.98770351E-06
   183.449997         4.70572604E-06
