  -18.8999996         0.00000000    
  -18.7849998         0.00000000    
  -18.6700001        -2.24866682E-14
  -18.5550003        -9.14781963E-14
  -18.4400005        -1.99630880E-13
  -18.3250008        -2.82063489E-13
  -18.2099991        -2.15366204E-13
  -18.0949993         1.48520709E-13
  -17.9799995         9.18226866E-13
  -17.8649998         2.08785962E-12
  -17.7500000         3.47898034E-12
  -17.6350002         4.72702259E-12
  -17.5200005         5.32860908E-12
  -17.4050007         4.74821397E-12
  -17.2900009         2.56322567E-12
  -17.1749992        -1.38781011E-12
  -17.0599995        -6.89341683E-12
  -16.9449997        -1.33265135E-11
  -16.8299999        -1.96872275E-11
  -16.7150002        -2.47272897E-11
  -16.6000004        -2.71338559E-11
  -16.4850006        -2.57395737E-11
  -16.3700008        -1.97241286E-11
  -16.2549992        -8.77932015E-12
  -16.1399994         6.77874250E-12
  -16.0249996         2.59553334E-11
  -15.9099998         4.70782892E-11
  -15.7950001         6.78503642E-11
  -15.6800003         8.54510629E-11
  -15.5649996         9.66894620E-11
  -15.4499998         9.82102316E-11
  -15.3350000         8.67498018E-11
  -15.2200003         5.94293087E-11
  -15.1049995         1.40566508E-11
  -14.9899998        -5.06014917E-11
  -14.8750000        -1.34622327E-10
  -14.7600002        -2.36844766E-10
  -14.6450005        -3.54927476E-10
  -14.5299997        -4.85551044E-10
  -14.4150000        -6.24742091E-10
  -14.3000002        -7.68278940E-10
  -14.1850004        -9.12123821E-10
  -14.0699997        -1.05282683E-09
  -13.9549999        -1.18785459E-09
  -13.8400002        -1.31581057E-09
  -13.7250004        -1.43652856E-09
  -13.6099997        -1.55103985E-09
  -13.4949999        -1.66141589E-09
  -13.3800001        -1.77050619E-09
  -13.2650003        -1.88158689E-09
  -13.1499996        -1.99794647E-09
  -13.0349998        -2.12244555E-09
  -12.9200001        -2.25708874E-09
  -12.8050003        -2.40266540E-09
  -12.6899996        -2.55851118E-09
  -12.5749998        -2.72243539E-09
  -12.4600000        -2.89084601E-09
  -12.3450003        -3.05907344E-09
  -12.2299995        -3.22187033E-09
  -12.1149998        -3.37402684E-09
  -12.0000000        -3.51102636E-09
  -11.8850002        -3.62966390E-09
  -11.7700005        -3.72853837E-09
  -11.6549997        -3.80836873E-09
  -11.5400000        -3.87209287E-09
  -11.4250002        -3.92473876E-09
  -11.3100004        -3.97309474E-09
  -11.1949997        -4.02520195E-09
  -11.0799999        -4.08972456E-09
  -10.9650002        -4.17526058E-09
  -10.8500004        -4.28965130E-09
  -10.7349997        -4.43935466E-09
  -10.6199999        -4.62894967E-09
  -10.5050001        -4.86084240E-09
  -10.3900003        -5.13519494E-09
  -10.2749996        -5.45012924E-09
  -10.1599998        -5.80217652E-09
  -10.0450001        -6.18694429E-09
  -9.93000031        -6.59992283E-09
  -9.81499958        -7.03733738E-09
  -9.69999981        -7.49693374E-09
  -9.58500004        -7.97859823E-09
  -9.47000027        -8.48472403E-09
  -9.35499954        -9.02028940E-09
  -9.23999977        -9.59261648E-09
  -9.12500000        -1.02108526E-08
  -9.01000023        -1.08852323E-08
  -8.89500046        -1.16261933E-08
  -8.77999973        -1.24434472E-08
  -8.66499996        -1.33451046E-08
  -8.55000019        -1.43369387E-08
  -8.43500042        -1.54219002E-08
  -8.31999969        -1.65998983E-08
  -8.20499992        -1.78679631E-08
  -8.09000015        -1.92207121E-08
  -7.97499990        -2.06511714E-08
  -7.86000013        -2.21518128E-08
  -7.74499989        -2.37157352E-08
  -7.63000011        -2.53378456E-08
  -7.51499987        -2.70158900E-08
  -7.40000010        -2.87511916E-08
  -7.28499985        -3.05490104E-08
  -7.17000008        -3.24184626E-08
  -7.05499983        -3.43719968E-08
  -6.94000006        -3.64245061E-08
  -6.82499981        -3.85921624E-08
  -6.71000004        -4.08910878E-08
  -6.59499979        -4.33360583E-08
  -6.48000002        -4.59393377E-08
  -6.36499977        -4.87097687E-08
  -6.25000000        -5.16522363E-08
  -6.13500023        -5.47675825E-08
  -6.01999998        -5.80529367E-08
  -5.90500021        -6.15025186E-08
  -5.78999996        -6.51088214E-08
  -5.67500019        -6.88640540E-08
  -5.55999994        -7.27617930E-08
  -5.44500017        -7.67985000E-08
  -5.32999992        -8.09748855E-08
  -5.21500015        -8.52968682E-08
  -5.09999990        -8.97759804E-08
  -4.98500013        -9.44291969E-08
  -4.86999989        -9.92781821E-08
  -4.75500011        -1.04347919E-07
  -4.63999987        -1.09665123E-07
  -4.52500010        -1.15256285E-07
  -4.40999985        -1.21145987E-07
  -4.29500008        -1.27355236E-07
  -4.17999983        -1.33900414E-07
  -4.06500006        -1.40792579E-07
  -3.95000005        -1.48037628E-07
  -3.83500004        -1.55636798E-07
  -3.72000003        -1.63587984E-07
  -3.60500002        -1.71887265E-07
  -3.49000001        -1.80530947E-07
  -3.37500000        -1.89517493E-07
  -3.25999999        -1.98849563E-07
  -3.14499998        -2.08535639E-07
  -3.02999997        -2.18591055E-07
  -2.91499996        -2.29038648E-07
  -2.79999995        -2.39908331E-07
  -2.68499994        -2.51236230E-07
  -2.56999993        -2.63062958E-07
  -2.45499992        -2.75431518E-07
  -2.33999991        -2.88384967E-07
  -2.22499990        -3.01964207E-07
  -2.10999990        -3.16205728E-07
  -1.99500000        -3.31140427E-07
  -1.88000000        -3.46792802E-07
  -1.76499999        -3.63180902E-07
  -1.64999998        -3.80317317E-07
  -1.53499997        -3.98210659E-07
  -1.41999996        -4.16867522E-07
  -1.30499995        -4.36295153E-07
  -1.19000006        -4.56503926E-07
  -1.07500005        -4.77509275E-07
 -0.959999979        -4.99334362E-07
 -0.845000029        -5.22010453E-07
 -0.730000019        -5.45578075E-07
 -0.615000010        -5.70086229E-07
 -0.500000000        -5.95591416E-07
 -0.384999990        -6.22155312E-07
 -0.270000011        -6.49842548E-07
 -0.155000001        -6.78717470E-07
  -3.99999991E-02    -7.08841753E-07
   7.50000030E-02    -7.40271673E-07
  0.189999998        -7.73056456E-07
  0.305000007        -8.07237029E-07
  0.419999987        -8.42846703E-07
  0.535000026        -8.79911340E-07
  0.649999976        -9.18451803E-07
  0.764999986        -9.58486225E-07
  0.879999995        -1.00003274E-06
  0.995000005        -1.04311232E-06
   1.11000001        -1.08775203E-06
   1.22500002        -1.13398607E-06
   1.34000003        -1.18185835E-06
   1.45500004        -1.23142183E-06
   1.57000005        -1.28273871E-06
   1.68499994        -1.33587866E-06
   1.79999995        -1.39091640E-06
   1.91499996        -1.44792864E-06
   2.02999997        -1.50699077E-06
   2.14499998        -1.56817430E-06
   2.25999999        -1.63154266E-06
   2.37500000        -1.69715076E-06
   2.49000001        -1.76504284E-06
   2.60500002        -1.83525208E-06
   2.72000003        -1.90780315E-06
   2.83500004        -1.98271277E-06
   2.95000005        -2.05999345E-06
   3.06500006        -2.13965654E-06
   3.18000007        -2.22171570E-06
   3.29500008        -2.30618889E-06
   3.41000009        -2.39310179E-06
   3.52500010        -2.48248966E-06
   3.64000010        -2.57439524E-06
   3.75500011        -2.66887082E-06
   3.86999989        -2.76597393E-06
   3.98499990        -2.86576505E-06
   4.09999990        -2.96830581E-06
   4.21500015        -3.07365235E-06
   4.32999992        -3.18185516E-06
   4.44500017        -3.29295153E-06
   4.55999994        -3.40696874E-06
   4.67500019        -3.52391862E-06
   4.78999996        -3.64380026E-06
   4.90500021        -3.76660091E-06
   5.01999998        -3.89229854E-06
   5.13500023        -4.02086516E-06
   5.25000000        -4.15227123E-06
   5.36499977        -4.28648855E-06
   5.48000002        -4.42349574E-06
   5.59499979        -4.56327643E-06
   5.71000004        -4.70582700E-06
   5.82499981        -4.85115061E-06
   5.94000006        -4.99925773E-06
   6.05499983        -5.15016654E-06
   6.17000008        -5.30389434E-06
   6.28499985        -5.46045476E-06
   6.40000010        -5.61985780E-06
   6.51499987        -5.78209620E-06
   6.63000011        -5.94714993E-06
   6.74499989        -6.11498126E-06
   6.86000013        -6.28553198E-06
   6.97499990        -6.45872342E-06
   7.09000015        -6.63446372E-06
   7.20499992        -6.81264419E-06
   7.32000017        -6.99314978E-06
   7.43499994        -7.17585954E-06
   7.55000019        -7.36065476E-06
   7.66499996        -7.54741859E-06
   7.78000021        -7.73604461E-06
   7.89499998        -7.92643459E-06
   8.01000023        -8.11849986E-06
   8.12500000        -8.31215948E-06
   8.23999977        -8.50733704E-06
   8.35499954        -8.70395797E-06
   8.47000027        -8.90194133E-06
   8.58500004        -9.10119616E-06
   8.69999981        -9.30161787E-06
   8.81499958        -9.50308367E-06
   8.93000031        -9.70545079E-06
   9.04500008        -9.90855369E-06
   9.15999985        -1.01122087E-05
   9.27499962        -1.03162138E-05
   9.39000034        -1.05203571E-05
   9.50500011        -1.07244186E-05
   9.61999989        -1.09281782E-05
   9.73499966        -1.11314239E-05
   9.85000038        -1.13339474E-05
   9.96500015        -1.15355660E-05
   10.0799999        -1.17361078E-05
   10.1949997        -1.19354136E-05
   10.3100004        -1.21333469E-05
   10.4250002        -1.23297759E-05
   10.5400000        -1.25245761E-05
   10.6549997        -1.27176199E-05
   10.7700005        -1.29087748E-05
   10.8850002        -1.30978942E-05
   11.0000000        -1.32848163E-05
   11.1149998        -1.34693564E-05
   11.2299995        -1.36513163E-05
   11.3450003        -1.38304749E-05
   11.4600000        -1.40065977E-05
   11.5749998        -1.41794462E-05
   11.6899996        -1.43487778E-05
   11.8050003        -1.45143586E-05
   11.9200001        -1.46759721E-05
   12.0349998        -1.48334166E-05
   12.1499996        -1.49865218E-05
   12.2650003        -1.51351423E-05
   12.3800001        -1.52791599E-05
   12.4949999        -1.54184836E-05
   12.6099997        -1.55530433E-05
   12.7250004        -1.56827882E-05
   12.8400002        -1.58076637E-05
   12.9549999        -1.59276296E-05
   13.0699997        -1.60426371E-05
   13.1850004        -1.61526259E-05
   13.3000002        -1.62575288E-05
   13.4150000        -1.63572677E-05
   13.5299997        -1.64517551E-05
   13.6450005        -1.65409056E-05
   13.7600002        -1.66246282E-05
   13.8750000        -1.67028520E-05
   13.9899998        -1.67755279E-05
   14.1049995        -1.68426268E-05
   14.2200003        -1.69041577E-05
   14.3350000        -1.69601681E-05
   14.4499998        -1.70107451E-05
   14.5649996        -1.70560088E-05
   14.6800003        -1.70961175E-05
   14.7950001        -1.71312513E-05
   14.9099998        -1.71616157E-05
   15.0249996        -1.71874199E-05
   15.1400003        -1.72088712E-05
   15.2550001        -1.72261807E-05
   15.3699999        -1.72395394E-05
   15.4849997        -1.72491400E-05
   15.6000004        -1.72551445E-05
   15.7150002        -1.72577202E-05
   15.8299999        -1.72570326E-05
   15.9449997        -1.72532564E-05
   16.0599995        -1.72465789E-05
   16.1749992        -1.72372202E-05
   16.2900009        -1.72254295E-05
   16.4050007        -1.72115142E-05
   16.5200005        -1.71958181E-05
   16.6350002        -1.71787397E-05
   16.7500000        -1.71607262E-05
   16.8649998        -1.71422653E-05
   16.9799995        -1.71238844E-05
   17.0949993        -1.71061456E-05
   17.2099991        -1.70896146E-05
   17.3250008        -1.70748826E-05
   17.4400005        -1.70625390E-05
   17.5550003        -1.70531712E-05
   17.6700001        -1.70473668E-05
   17.7849998        -1.70457188E-05
   17.8999996        -1.70488292E-05
   18.0149994        -1.70573112E-05
   18.1299992        -1.70718013E-05
   18.2450008        -1.70929798E-05
   18.3600006        -1.71215688E-05
   18.4750004        -1.71583433E-05
   18.5900002        -1.72041400E-05
   18.7049999        -1.72598593E-05
   18.8199997        -1.73264598E-05
   18.9349995        -1.74049601E-05
   19.0499992        -1.74964298E-05
   19.1650009        -1.76019676E-05
   19.2800007        -1.77227084E-05
   19.3950005        -1.78598020E-05
   19.5100002        -1.80143961E-05
   19.6250000        -1.81876439E-05
   19.7399998        -1.83806915E-05
   19.8549995        -1.85946701E-05
   19.9699993        -1.88307113E-05
   20.0849991        -1.90899445E-05
   20.2000008        -1.93735086E-05
   20.3150005        -1.96825549E-05
   20.4300003        -2.00182767E-05
   20.5450001        -2.03818963E-05
   20.6599998        -2.07746925E-05
   20.7749996        -2.11979768E-05
   20.8899994        -2.16531298E-05
   21.0049992        -2.21415667E-05
   21.1200008        -2.26647426E-05
   21.2350006        -2.32241455E-05
   21.3500004        -2.38212797E-05
   21.4650002        -2.44576513E-05
   21.5799999        -2.51347556E-05
   21.6949997        -2.58540658E-05
   21.8099995        -2.66170318E-05
   21.9249992        -2.74250633E-05
   22.0400009        -2.82795227E-05
   22.1550007        -2.91817742E-05
   22.2700005        -3.01331311E-05
   22.3850002        -3.11349031E-05
   22.5000000        -3.21883854E-05
   22.6149998        -3.32948875E-05
   22.7299995        -3.44557120E-05
   22.8449993        -3.56722012E-05
   22.9599991        -3.69457048E-05
   23.0750008        -3.82775834E-05
   23.1900005        -3.96692267E-05
   23.3050003        -4.11220026E-05
   23.4200001        -4.26372826E-05
   23.5349998        -4.42164019E-05
   23.6499996        -4.58606664E-05
   23.7649994        -4.75713023E-05
   23.8799992        -4.93495027E-05
   23.9950008        -5.11963881E-05
   24.1100006        -5.31129772E-05
   24.2250004        -5.51002340E-05
   24.3400002        -5.71590390E-05
   24.4549999        -5.92902361E-05
   24.5699997        -6.14945893E-05
   24.6849995        -6.37728226E-05
   24.7999992        -6.61256199E-05
   24.9150009        -6.85536652E-05
   25.0300007        -7.10575841E-05
   25.1450005        -7.36380025E-05
   25.2600002        -7.62955096E-05
   25.3750000        -7.90306585E-05
   25.4899998        -8.18439657E-05
   25.6049995        -8.47358751E-05
   25.7199993        -8.77067578E-05
   25.8349991        -9.07569192E-05
   25.9500008        -9.38865196E-05
   26.0650005        -9.70956607E-05
   26.1800003        -1.00384306E-04
   26.2950001        -1.03752318E-04
   26.4099998        -1.07199419E-04
   26.5249996        -1.10725276E-04
   26.6399994        -1.14329450E-04
   26.7549992        -1.18011390E-04
   26.8700008        -1.21770543E-04
   26.9850006        -1.25606253E-04
   27.1000004        -1.29517837E-04
   27.2150002        -1.33504553E-04
   27.3299999        -1.37565585E-04
   27.4449997        -1.41700133E-04
   27.5599995        -1.45907339E-04
   27.6749992        -1.50186213E-04
   27.7900009        -1.54535781E-04
   27.9050007        -1.58954965E-04
   28.0200005        -1.63442543E-04
   28.1350002        -1.67997307E-04
   28.2500000        -1.72617845E-04
   28.3649998        -1.77302762E-04
   28.4799995        -1.82050455E-04
   28.5949993        -1.86859426E-04
   28.7099991        -1.91727973E-04
   28.8250008        -1.96654379E-04
   28.9400005        -2.01636954E-04
   29.0550003        -2.06673925E-04
   29.1700001        -2.11763589E-04
   29.2849998        -2.16904227E-04
   29.3999996        -2.22094037E-04
   29.5149994        -2.27331358E-04
   29.6299992        -2.32614446E-04
   29.7450008        -2.37941596E-04
   29.8600006        -2.43311079E-04
   29.9750004        -2.48721160E-04
   30.0900002        -2.54170038E-04
   30.2049999        -2.59655877E-04
   30.3199997        -2.65176874E-04
   30.4349995        -2.70731194E-04
   30.5499992        -2.76316830E-04
   30.6650009        -2.81931891E-04
   30.7800007        -2.87574483E-04
   30.8950005        -2.93242687E-04
   31.0100002        -2.98934581E-04
   31.1250000        -3.04648303E-04
   31.2399998        -3.10382107E-04
   31.3549995        -3.16134101E-04
   31.4699993        -3.21902713E-04
   31.5849991        -3.27686314E-04
   31.7000008        -3.33483244E-04
   31.8150005        -3.39291961E-04
   31.9300003        -3.45111039E-04
   32.0449982        -3.50938994E-04
   32.1599998        -3.56774312E-04
   32.2750015        -3.62615625E-04
   32.3899994        -3.68461508E-04
   32.5050011        -3.74310475E-04
   32.6199989        -3.80161160E-04
   32.7350006        -3.86012223E-04
   32.8499985        -3.91862268E-04
   32.9650002        -3.97709897E-04
   33.0800018        -4.03553975E-04
   33.1949997        -4.09393222E-04
   33.3100014        -4.15226503E-04
   33.4249992        -4.21052857E-04
   33.5400009        -4.26871207E-04
   33.6549988        -4.32680798E-04
   33.7700005        -4.38480754E-04
   33.8849983        -4.44270350E-04
   34.0000000        -4.50048945E-04
   34.1150017        -4.55815782E-04
   34.2299995        -4.61570307E-04
   34.3450012        -4.67311940E-04
   34.4599991        -4.73039923E-04
   34.5750008        -4.78753704E-04
   34.6899986        -4.84452554E-04
   34.8050003        -4.90135804E-04
   34.9199982        -4.95802611E-04
   35.0349998        -5.01452421E-04
   35.1500015        -5.07084304E-04
   35.2649994        -5.12697618E-04
   35.3800011        -5.18291374E-04
   35.4949989        -5.23864757E-04
   35.6100006        -5.29416953E-04
   35.7249985        -5.34947030E-04
   35.8400002        -5.40454057E-04
   35.9550018        -5.45936986E-04
   36.0699997        -5.51394711E-04
   36.1850014        -5.56826009E-04
   36.2999992        -5.62229543E-04
   36.4150009        -5.67603856E-04
   36.5299988        -5.72947436E-04
   36.6450005        -5.78258419E-04
   36.7599983        -5.83534827E-04
   36.8750000        -5.88774448E-04
   36.9900017        -5.93974837E-04
   37.1049995        -5.99133549E-04
   37.2200012        -6.04247907E-04
   37.3349991        -6.09314709E-04
   37.4500008        -6.14330929E-04
   37.5649986        -6.19293191E-04
   37.6800003        -6.24197768E-04
   37.7949982        -6.29040995E-04
   37.9099998        -6.33818738E-04
   38.0250015        -6.38526806E-04
   38.1399994        -6.43160485E-04
   38.2550011        -6.47715060E-04
   38.3699989        -6.52185350E-04
   38.4850006        -6.56565884E-04
   38.5999985        -6.60851016E-04
   38.7150002        -6.65034691E-04
   38.8300018        -6.69110450E-04
   38.9449997        -6.73071598E-04
   39.0600014        -6.76911033E-04
   39.1749992        -6.80621539E-04
   39.2900009        -6.84195315E-04
   39.4049988        -6.87624328E-04
   39.5200005        -6.90900313E-04
   39.6349983        -6.94014539E-04
   39.7500000        -6.96958334E-04
   39.8650017        -6.99722150E-04
   39.9799995        -7.02296675E-04
   40.0950012        -7.04672129E-04
   40.2099991        -7.06838269E-04
   40.3250008        -7.08784733E-04
   40.4399986        -7.10500695E-04
   40.5550003        -7.11975386E-04
   40.6699982        -7.13197223E-04
   40.7849998        -7.14154681E-04
   40.9000015        -7.14835827E-04
   41.0149994        -7.15228380E-04
   41.1300011        -7.15320057E-04
   41.2449989        -7.15098111E-04
   41.3600006        -7.14549446E-04
   41.4749985        -7.13661138E-04
   41.5900002        -7.12419918E-04
   41.7050018        -7.10812164E-04
   41.8199997        -7.08824489E-04
   41.9350014        -7.06443214E-04
   42.0499992        -7.03654427E-04
   42.1650009        -7.00444391E-04
   42.2799988        -6.96799136E-04
   42.3950005        -6.92704576E-04
   42.5099983        -6.88146742E-04
   42.6250000        -6.83111488E-04
   42.7400017        -6.77584903E-04
   42.8549995        -6.71552785E-04
   42.9700012        -6.65001047E-04
   43.0849991        -6.57915953E-04
   43.2000008        -6.50283357E-04
   43.3149986        -6.42089755E-04
   43.4300003        -6.33321528E-04
   43.5449982        -6.23965345E-04
   43.6599998        -6.14008168E-04
   43.7750015        -6.03437249E-04
   43.8899994        -5.92240016E-04
   44.0050011        -5.80404652E-04
   44.1199989        -5.67919342E-04
   44.2350006        -5.54772851E-04
   44.3499985        -5.40954235E-04
   44.4650002        -5.26453136E-04
   44.5800018        -5.11259714E-04
   44.6949997        -4.95364540E-04
   44.8100014        -4.78758651E-04
   44.9249992        -4.61433956E-04
   45.0400009        -4.43382654E-04
   45.1549988        -4.24597820E-04
   45.2700005        -4.05073079E-04
   45.3849983        -3.84802697E-04
   45.5000000        -3.63782194E-04
   45.6150017        -3.42007464E-04
   45.7299995        -3.19475133E-04
   45.8450012        -2.96182960E-04
   45.9599991        -2.72129662E-04
   46.0750008        -2.47314543E-04
   46.1899986        -2.21738286E-04
   46.3050003        -1.95402215E-04
   46.4199982        -1.68308761E-04
   46.5349998        -1.40461401E-04
   46.6500015        -1.11864443E-04
   46.7649994        -8.25232491E-05
   46.8800011        -5.24440256E-05
   46.9949989        -2.16344197E-05
   47.1100006         9.89709952E-06
   47.2249985         4.21413861E-05
   47.3400002         7.50877007E-05
   47.4550018         1.08724504E-04
   47.5699997         1.43039215E-04
   47.6850014         1.78018148E-04
   47.7999992         2.13646359E-04
   47.9150009         2.49908044E-04
   48.0299988         2.86786002E-04
   48.1450005         3.24262073E-04
   48.2599983         3.62317252E-04
   48.3750000         4.00931051E-04
   48.4900017         4.40082193E-04
   48.6049995         4.79748414E-04
   48.7200012         5.19906287E-04
   48.8349991         5.60531451E-04
   48.9500008         6.01598877E-04
   49.0649986         6.43082079E-04
   49.1800003         6.84954110E-04
   49.2949982         7.27187260E-04
   49.4099998         7.69752485E-04
   49.5250015         8.12620390E-04
   49.6399994         8.55760474E-04
   49.7550011         8.99141654E-04
   49.8699989         9.42732149E-04
   49.9850006         9.86499246E-04
   50.0999985         1.03040959E-03
   50.2150002         1.07442949E-03
   50.3300018         1.11852435E-03
   50.4449997         1.16265926E-03
   50.5600014         1.20679871E-03
   50.6749992         1.25090708E-03
   50.7900009         1.29494758E-03
   50.9049988         1.33888400E-03
   51.0200005         1.38267968E-03
   51.1349983         1.42629794E-03
   51.2500000         1.46970153E-03
   51.3650017         1.51285343E-03
   51.4799995         1.55571697E-03
   51.5950012         1.59825524E-03
   51.7099991         1.64043158E-03
   51.8250008         1.68220955E-03
   51.9399986         1.72355282E-03
   52.0550003         1.76442531E-03
   52.1699982         1.80479139E-03
   52.2849998         1.84461591E-03
   52.4000015         1.88386429E-03
   52.5149994         1.92250230E-03
   52.6300011         1.96049642E-03
   52.7449989         1.99781312E-03
   52.8600006         2.03442131E-03
   52.9749985         2.07028864E-03
   53.0900002         2.10538507E-03
   53.2050018         2.13968079E-03
   53.3199997         2.17314763E-03
   53.4350014         2.20575742E-03
   53.5499992         2.23748386E-03
   53.6650009         2.26830179E-03
   53.7799988         2.29818630E-03
   53.8950005         2.32711504E-03
   54.0099983         2.35506566E-03
   54.1250000         2.38201767E-03
   54.2400017         2.40795175E-03
   54.3549995         2.43284926E-03
   54.4700012         2.45669368E-03
   54.5849991         2.47946871E-03
   54.7000008         2.50116084E-03
   54.8149986         2.52175634E-03
   54.9300003         2.54124380E-03
   55.0449982         2.55961274E-03
   55.1599998         2.57685408E-03
   55.2750015         2.59296107E-03
   55.3899994         2.60792626E-03
   55.5050011         2.62174616E-03
   55.6199989         2.63441587E-03
   55.7350006         2.64593400E-03
   55.8499985         2.65629939E-03
   55.9650002         2.66551250E-03
   56.0800018         2.67357472E-03
   56.1949997         2.68048886E-03
   56.3100014         2.68625841E-03
   56.4249992         2.69088824E-03
   56.5400009         2.69438443E-03
   56.6549988         2.69675325E-03
   56.7700005         2.69800285E-03
   56.8849983         2.69814162E-03
   57.0000000         2.69717840E-03
   57.1150017         2.69512320E-03
   57.2299995         2.69198744E-03
   57.3450012         2.68778112E-03
   57.4599991         2.68251728E-03
   57.5750008         2.67620757E-03
   57.6899986         2.66886456E-03
   57.8050003         2.66050128E-03
   57.9199982         2.65113078E-03
   58.0349998         2.64076632E-03
   58.1500015         2.62942095E-03
   58.2649994         2.61710794E-03
   58.3800011         2.60384055E-03
   58.4949989         2.58963159E-03
   58.6100006         2.57449248E-03
   58.7249985         2.55843624E-03
   58.8400002         2.54147360E-03
   58.9550018         2.52361596E-03
   59.0699997         2.50487356E-03
   59.1850014         2.48525571E-03
   59.2999992         2.46477174E-03
   59.4150009         2.44342908E-03
   59.5299988         2.42123497E-03
   59.6450005         2.39819568E-03
   59.7599983         2.37431610E-03
   59.8750000         2.34960066E-03
   59.9900017         2.32405285E-03
   60.1049995         2.29767384E-03
   60.2200012         2.27046525E-03
   60.3349991         2.24242592E-03
   60.4500008         2.21355446E-03
   60.5649986         2.18384806E-03
   60.6800003         2.15330208E-03
   60.7949982         2.12191115E-03
   60.9099998         2.08966853E-03
   61.0250015         2.05656583E-03
   61.1399994         2.02259328E-03
   61.2550011         1.98774110E-03
   61.3699989         1.95199670E-03
   61.4850006         1.91534706E-03
   61.5999985         1.87777821E-03
   61.7150002         1.83927547E-03
   61.8300018         1.79982255E-03
   61.9449997         1.75940280E-03
   62.0600014         1.71799865E-03
   62.1749992         1.67559227E-03
   62.2900009         1.63216470E-03
   62.4049988         1.58769696E-03
   62.5200005         1.54216983E-03
   62.6349983         1.49556377E-03
   62.7500000         1.44785887E-03
   62.8650017         1.39903545E-03
   62.9799995         1.34907430E-03
   63.0950012         1.29795610E-03
   63.2099991         1.24566199E-03
   63.3250008         1.19217415E-03
   63.4399986         1.13747525E-03
   63.5550003         1.08154910E-03
   63.6699982         1.02438056E-03
   63.7849998         9.65956075E-04
   63.9000015         9.06263653E-04
   64.0149994         8.45293049E-04
   64.1299973         7.83036288E-04
   64.2450027         7.19487027E-04
   64.3600006         6.54641539E-04
   64.4749985         5.88498719E-04
   64.5899963         5.21059672E-04
   64.7050018         4.52328444E-04
   64.8199997         3.82312021E-04
   64.9349976         3.11020296E-04
   65.0500031         2.38465873E-04
   65.1650009         1.64665427E-04
   65.2799988         8.96383426E-05
   65.3949966         1.34073489E-05
   65.5100021        -6.40007784E-05
   65.6250000        -1.42555713E-04
   65.7399979        -2.22223171E-04
   65.8550034        -3.02965607E-04
   65.9700012        -3.84740939E-04
   66.0849991        -4.67503298E-04
   66.1999969        -5.51202858E-04
   66.3150024        -6.35785575E-04
   66.4300003        -7.21193734E-04
   66.5449982        -8.07365635E-04
   66.6600037        -8.94235331E-04
   66.7750015        -9.81733669E-04
   66.8899994        -1.06978766E-03
   67.0049973        -1.15832023E-03
   67.1200027        -1.24725187E-03
   67.2350006        -1.33649912E-03
   67.3499985        -1.42597605E-03
   67.4649963        -1.51559338E-03
   67.5800018        -1.60525925E-03
   67.6949997        -1.69487880E-03
   67.8099976        -1.78435550E-03
   67.9250031        -1.87359005E-03
   68.0400009        -1.96248130E-03
   68.1549988        -2.05092644E-03
   68.2699966        -2.13882118E-03
   68.3850021        -2.22606026E-03
   68.5000000        -2.31253705E-03
   68.6149979        -2.39814422E-03
   68.7300034        -2.48277467E-03
   68.8450012        -2.56632129E-03
   68.9599991        -2.64867744E-03
   69.0749969        -2.72973697E-03
   69.1900024        -2.80939508E-03
   69.3050003        -2.88754771E-03
   69.4199982        -2.96409428E-03
   69.5350037        -3.03893443E-03
   69.6500015        -3.11197108E-03
   69.7649994        -3.18310969E-03
   69.8799973        -3.25225922E-03
   69.9950027        -3.31933075E-03
   70.1100006        -3.38423974E-03
   70.2249985        -3.44690471E-03
   70.3399963        -3.50724882E-03
   70.4550018        -3.56519921E-03
   70.5699997        -3.62068624E-03
   70.6849976        -3.67364706E-03
   70.8000031        -3.72402254E-03
   70.9150009        -3.77175841E-03
   71.0299988        -3.81680578E-03
   71.1449966        -3.85912182E-03
   71.2600021        -3.89866787E-03
   71.3750000        -3.93541250E-03
   71.4899979        -3.96932848E-03
   71.6050034        -4.00039600E-03
   71.7200012        -4.02859878E-03
   71.8349991        -4.05392842E-03
   71.9499969        -4.07638075E-03
   72.0650024        -4.09595808E-03
   72.1800003        -4.11266601E-03
   72.2949982        -4.12651803E-03
   72.4100037        -4.13753139E-03
   72.5250015        -4.14572796E-03
   72.6399994        -4.15113568E-03
   72.7549973        -4.15378576E-03
   72.8700027        -4.15371452E-03
   72.9850006        -4.15096292E-03
   73.0999985        -4.14557429E-03
   73.2149963        -4.13759658E-03
   73.3300018        -4.12708148E-03
   73.4449997        -4.11408395E-03
   73.5599976        -4.09866124E-03
   73.6750031        -4.08087205E-03
   73.7900009        -4.06077923E-03
   73.9049988        -4.03844565E-03
   74.0199966        -4.01393743E-03
   74.1350021        -3.98731884E-03
   74.2500000        -3.95865645E-03
   74.3649979        -3.92801780E-03
   74.4800034        -3.89546691E-03
   74.5950012        -3.86107061E-03
   74.7099991        -3.82489315E-03
   74.8249969        -3.78699694E-03
   74.9400024        -3.74744274E-03
   75.0550003        -3.70629039E-03
   75.1699982        -3.66359553E-03
   75.2850037        -3.61941243E-03
   75.4000015        -3.57379112E-03
   75.5149994        -3.52678029E-03
   75.6299973        -3.47842369E-03
   75.7450027        -3.42876092E-03
   75.8600006        -3.37782851E-03
   75.9749985        -3.32565792E-03
   76.0899963        -3.27227730E-03
   76.2050018        -3.21770809E-03
   76.3199997        -3.16196820E-03
   76.4349976        -3.10506998E-03
   76.5500031        -3.04701924E-03
   76.6650009        -2.98781763E-03
   76.7799988        -2.92746024E-03
   76.8949966        -2.86593661E-03
   77.0100021        -2.80323112E-03
   77.1250000        -2.73932191E-03
   77.2399979        -2.67418195E-03
   77.3550034        -2.60777818E-03
   77.4700012        -2.54007243E-03
   77.5849991        -2.47102208E-03
   77.6999969        -2.40057847E-03
   77.8150024        -2.32868618E-03
   77.9300003        -2.25528749E-03
   78.0449982        -2.18031951E-03
   78.1600037        -2.10371381E-03
   78.2750015        -2.02539796E-03
   78.3899994        -1.94529642E-03
   78.5049973        -1.86332676E-03
   78.6200027        -1.77940505E-03
   78.7350006        -1.69344363E-03
   78.8499985        -1.60535169E-03
   78.9649963        -1.51503389E-03
   79.0800018        -1.42239407E-03
   79.1949997        -1.32733386E-03
   79.3099976        -1.22975209E-03
   79.4250031        -1.12954713E-03
   79.5400009        -1.02661445E-03
   79.6549988        -9.20851598E-04
   79.7699966        -8.12155020E-04
   79.8850021        -7.00420642E-04
   80.0000000        -5.85547066E-04
   80.1149979        -4.67431790E-04
   80.2300034        -3.45974346E-04
   80.3450012        -2.21075796E-04
   80.4599991        -9.26397042E-05
   80.5749969         3.94283561E-05
   80.6900024         1.75220310E-04
   80.8050003         3.14824953E-04
   80.9199982         4.58327238E-04
   81.0350037         6.05808746E-04
   81.1500015         7.57345697E-04
   81.2649994         9.13010386E-04
   81.3799973         1.07286987E-03
   81.4950027         1.23698602E-03
   81.6100006         1.40541524E-03
   81.7249985         1.57820573E-03
   81.8399963         1.75540114E-03
   81.9550018         1.93703873E-03
   82.0699997         2.12314632E-03
   82.1849976         2.31374661E-03
   82.3000031         2.50885217E-03
   82.4150009         2.70846975E-03
   82.5299988         2.91259773E-03
   82.6449966         3.12122586E-03
   82.7600021         3.33433319E-03
   82.8750000         3.55189457E-03
   82.9899979         3.77387321E-03
   83.1050034         4.00022510E-03
   83.2200012         4.23089601E-03
   83.3349991         4.46582306E-03
   83.4499969         4.70493454E-03
   83.5650024         4.94814571E-03
   83.6800003         5.19536622E-03
   83.7949982         5.44649456E-03
   83.9100037         5.70141943E-03
   84.0250015         5.96001931E-03
   84.1399994         6.22216472E-03
   84.2549973         6.48771320E-03
   84.3700027         6.75651571E-03
   84.4850006         7.02841021E-03
   84.5999985         7.30322907E-03
   84.7149963         7.58079253E-03
   84.8300018         7.86091015E-03
   84.9449997         8.14338680E-03
   85.0599976         8.42801481E-03
   85.1750031         8.71457718E-03
   85.2900009         9.00285318E-03
   85.4049988         9.29260813E-03
   85.5199966         9.58360080E-03
   85.6350021         9.87558626E-03
   85.7500000         1.01683047E-02
   85.8649979         1.04614915E-02
   85.9800034         1.07548749E-02
   86.0950012         1.10481763E-02
   86.2099991         1.13411117E-02
   86.3249969         1.16333868E-02
   86.4400024         1.19247055E-02
   86.5550003         1.22147612E-02
   86.6699982         1.25032468E-02
   86.7850037         1.27898473E-02
   86.9000015         1.30742472E-02
   87.0149994         1.33561241E-02
   87.1299973         1.36351539E-02
   87.2450027         1.39110060E-02
   87.3600006         1.41833527E-02
   87.4749985         1.44518632E-02
   87.5899963         1.47162005E-02
   87.7050018         1.49760330E-02
   87.8199997         1.52310245E-02
   87.9349976         1.54808406E-02
   88.0500031         1.57251470E-02
   88.1650009         1.59636121E-02
   88.2799988         1.61959007E-02
   88.3949966         1.64216869E-02
   88.5100021         1.66406408E-02
   88.6250000         1.68524459E-02
   88.7399979         1.70567781E-02
   88.8550034         1.72533188E-02
   88.9700012         1.74417682E-02
   89.0849991         1.76218171E-02
   89.1999969         1.77931748E-02
   89.3150024         1.79555453E-02
   89.4300003         1.81086529E-02
   89.5449982         1.82522200E-02
   89.6600037         1.83859877E-02
   89.7750015         1.85096972E-02
   89.8899994         1.86231025E-02
   90.0049973         1.87259708E-02
   90.1200027         1.88180786E-02
   90.2350006         1.88992061E-02
   90.3499985         1.89691596E-02
   90.4649963         1.90277454E-02
   90.5800018         1.90747883E-02
   90.6949997         1.91101246E-02
   90.8099976         1.91336013E-02
   90.9250031         1.91450827E-02
   91.0400009         1.91444531E-02
   91.1549988         1.91315953E-02
   91.2699966         1.91064235E-02
   91.3850021         1.90688632E-02
   91.5000000         1.90188456E-02
   91.6149979         1.89563315E-02
   91.7300034         1.88812893E-02
   91.8450012         1.87937059E-02
   91.9599991         1.86935849E-02
   92.0749969         1.85809396E-02
   92.1900024         1.84558108E-02
   92.3050003         1.83182433E-02
   92.4199982         1.81683078E-02
   92.5350037         1.80060789E-02
   92.6500015         1.78316627E-02
   92.7649994         1.76451690E-02
   92.8799973         1.74467284E-02
   92.9950027         1.72364842E-02
   93.1100006         1.70146003E-02
   93.2249985         1.67812482E-02
   93.3399963         1.65366195E-02
   93.4550018         1.62809212E-02
   93.5699997         1.60143655E-02
   93.6849976         1.57371890E-02
   93.8000031         1.54496301E-02
   93.9150009         1.51519524E-02
   94.0299988         1.48444204E-02
   94.1449966         1.45273125E-02
   94.2600021         1.42009221E-02
   94.3750000         1.38655454E-02
   94.4899979         1.35214953E-02
   94.6050034         1.31690875E-02
   94.7200012         1.28086507E-02
   94.8349991         1.24405166E-02
   94.9499969         1.20650269E-02
   95.0650024         1.16825262E-02
   95.1800003         1.12933703E-02
   95.2949982         1.08979121E-02
   95.4100037         1.04965148E-02
   95.5250015         1.00895399E-02
   95.6399994         9.67735425E-03
   95.7549973         9.26032383E-03
   95.8700027         8.83881561E-03
   95.9850006         8.41319840E-03
   96.0999985         7.98383914E-03
   96.2149963         7.55109917E-03
   96.3300018         7.11534079E-03
   96.4449997         6.67692348E-03
   96.5599976         6.23619929E-03
   96.6750031         5.79351746E-03
   96.7900009         5.34921931E-03
   96.9049988         4.90364432E-03
   97.0199966         4.45712125E-03
   97.1350021         4.00996953E-03
   97.2500000         3.56250512E-03
   97.3649979         3.11503140E-03
   97.4800034         2.66784336E-03
   97.5950012         2.22122413E-03
   97.7099991         1.77544588E-03
   97.8249969         1.33076916E-03
   97.9400024         8.87444941E-04
   98.0550003         4.45706304E-04
   98.1699982         5.77652827E-06
   98.2850037        -4.32137866E-04
   98.4000015        -8.67842231E-04
   98.5149994        -1.30115869E-03
   98.6299973        -1.73192192E-03
   98.7450027        -2.15998571E-03
   98.8600006        -2.58521875E-03
   98.9749985        -3.00750043E-03
   99.0899963        -3.42673576E-03
   99.2050018        -3.84283997E-03
   99.3199997        -4.25574649E-03
   99.4349976        -4.66540642E-03
   99.5500031        -5.07178763E-03
   99.6650009        -5.47487568E-03
   99.7799988        -5.87467197E-03
   99.8949966        -6.27119560E-03
   100.010002        -6.66448241E-03
   100.125000        -7.05459062E-03
   100.239998        -7.44158635E-03
   100.355003        -7.82555901E-03
   100.470001        -8.20661057E-03
   100.584999        -8.58486164E-03
   100.699997        -8.96044821E-03
   100.815002        -9.33351833E-03
   100.930000        -9.70423967E-03
   101.044998        -1.00727901E-02
   101.160004        -1.04393633E-02
   101.275002        -1.08041652E-02
   101.389999        -1.11674108E-02
   101.504997        -1.15293283E-02
   101.620003        -1.18901599E-02
   101.735001        -1.22501571E-02
   101.849998        -1.26095749E-02
   101.964996        -1.29686892E-02
   102.080002        -1.33277671E-02
   102.195000        -1.36870909E-02
   102.309998        -1.40469549E-02
   102.425003        -1.44076459E-02
   102.540001        -1.47694582E-02
   102.654999        -1.51326954E-02
   102.769997        -1.54976537E-02
   102.885002        -1.58646386E-02
   103.000000        -1.62339434E-02
   103.114998        -1.66058764E-02
   103.230003        -1.69807281E-02
   103.345001        -1.73587911E-02
   103.459999        -1.77403577E-02
   103.574997        -1.81257129E-02
   103.690002        -1.85151324E-02
   103.805000        -1.89088788E-02
   103.919998        -1.93072259E-02
   104.035004        -1.97104178E-02
   104.150002        -2.01186966E-02
   104.264999        -2.05322970E-02
   104.379997        -2.09514387E-02
   104.495003        -2.13763285E-02
   104.610001        -2.18071621E-02
   104.724998        -2.22441182E-02
   104.839996        -2.26873606E-02
   104.955002        -2.31370404E-02
   105.070000        -2.35932842E-02
   105.184998        -2.40562093E-02
   105.300003        -2.45259143E-02
   105.415001        -2.50024758E-02
   105.529999        -2.54859570E-02
   105.644997        -2.59763878E-02
   105.760002        -2.64737979E-02
   105.875000        -2.69781779E-02
   105.989998        -2.74895020E-02
   106.105003        -2.80077346E-02
   106.220001        -2.85328049E-02
   106.334999        -2.90646181E-02
   106.449997        -2.96030752E-02
   106.565002        -3.01480331E-02
   106.680000        -3.06993369E-02
   106.794998        -3.12568061E-02
   106.910004        -3.18202376E-02
   107.025002        -3.23894024E-02
   107.139999        -3.29640508E-02
   107.254997        -3.35439108E-02
   107.370003        -3.41286808E-02
   107.485001        -3.47180441E-02
   107.599998        -3.53116617E-02
   107.714996        -3.59091684E-02
   107.830002        -3.65101807E-02
   107.945000        -3.71142998E-02
   108.059998        -3.77210900E-02
   108.175003        -3.83301154E-02
   108.290001        -3.89409102E-02
   108.404999        -3.95530015E-02
   108.519997        -4.01658826E-02
   108.635002        -4.07790542E-02
   108.750000        -4.13919799E-02
   108.864998        -4.20041382E-02
   108.980003        -4.26149666E-02
   109.095001        -4.32239212E-02
   109.209999        -4.38304357E-02
   109.324997        -4.44339290E-02
   109.440002        -4.50338386E-02
   109.555000        -4.56295833E-02
   109.669998        -4.62205783E-02
   109.785004        -4.68062423E-02
   109.900002        -4.73860018E-02
   110.014999        -4.79592830E-02
   110.129997        -4.85255159E-02
   110.245003        -4.90841344E-02
   110.360001        -4.96345907E-02
   110.474998        -5.01763523E-02
   110.589996        -5.07088900E-02
   110.705002        -5.12316898E-02
   110.820000        -5.17442599E-02
   110.934998        -5.22461198E-02
   111.050003        -5.27368225E-02
   111.165001        -5.32159247E-02
   111.279999        -5.36830090E-02
   111.394997        -5.41376881E-02
   111.510002        -5.45795970E-02
   111.625000        -5.50083965E-02
   111.739998        -5.54237552E-02
   111.855003        -5.58253974E-02
   111.970001        -5.62130436E-02
   112.084999        -5.65864742E-02
   112.199997        -5.69454692E-02
   112.315002        -5.72898425E-02
   112.430000        -5.76194376E-02
   112.544998        -5.79341277E-02
   112.660004        -5.82338087E-02
   112.775002        -5.85183986E-02
   112.889999        -5.87878413E-02
   113.004997        -5.90421110E-02
   113.120003        -5.92812113E-02
   113.235001        -5.95051534E-02
   113.349998        -5.97139709E-02
   113.464996        -5.99077344E-02
   113.580002        -6.00865148E-02
   113.695000        -6.02504127E-02
   113.809998        -6.03995286E-02
   113.925003        -6.05340004E-02
   114.040001        -6.06539659E-02
   114.154999        -6.07595816E-02
   114.269997        -6.08510152E-02
   114.385002        -6.09284267E-02
   114.500000        -6.09920137E-02
   114.614998        -6.10419810E-02
   114.730003        -6.10785224E-02
   114.845001        -6.11018427E-02
   114.959999        -6.11121841E-02
   115.074997        -6.11097552E-02
   115.190002        -6.10948093E-02
   115.305000        -6.10675775E-02
   115.419998        -6.10283092E-02
   115.535004        -6.09772652E-02
   115.650002        -6.09147064E-02
   115.764999        -6.08409010E-02
   115.879997        -6.07561246E-02
   115.995003        -6.06606603E-02
   116.110001        -6.05548099E-02
   116.224998        -6.04388639E-02
   116.339996        -6.03131428E-02
   116.455002        -6.01779670E-02
   116.570000        -6.00336753E-02
   116.684998        -5.98806180E-02
   116.800003        -5.97191602E-02
   116.915001        -5.95496744E-02
   117.029999        -5.93725517E-02
   117.144997        -5.91882095E-02
   117.260002        -5.89970648E-02
   117.375000        -5.87995797E-02
   117.489998        -5.85961901E-02
   117.605003        -5.83873875E-02
   117.720001        -5.81736639E-02
   117.834999        -5.79555295E-02
   117.949997        -5.77335209E-02
   118.065002        -5.75081818E-02
   118.180000        -5.72800636E-02
   118.294998        -5.70497513E-02
   118.410004        -5.68178445E-02
   118.525002        -5.65849356E-02
   118.639999        -5.63516542E-02
   118.754997        -5.61186299E-02
   118.870003        -5.58865070E-02
   118.985001        -5.56559265E-02
   119.099998        -5.54275401E-02
   119.214996        -5.52020185E-02
   119.330002        -5.49800210E-02
   119.445000        -5.47621995E-02
   119.559998        -5.45492247E-02
   119.675003        -5.43417521E-02
   119.790001        -5.41404188E-02
   119.904999        -5.39458692E-02
   120.019997        -5.37587255E-02
   120.135002        -5.35796024E-02
   120.250000        -5.34090847E-02
   120.364998        -5.32477535E-02
   120.480003        -5.30961789E-02
   120.595001        -5.29548824E-02
   120.709999        -5.28243668E-02
   120.824997        -5.27051315E-02
   120.940002        -5.25976233E-02
   121.055000        -5.25022745E-02
   121.169998        -5.24194837E-02
   121.285004        -5.23496196E-02
   121.400002        -5.22930138E-02
   121.514999        -5.22499606E-02
   121.629997        -5.22207357E-02
   121.745003        -5.22055663E-02
   121.860001        -5.22046536E-02
   121.974998        -5.22181615E-02
   122.089996        -5.22462167E-02
   122.205002        -5.22889160E-02
   122.320000        -5.23463339E-02
   122.434998        -5.24184890E-02
   122.550003        -5.25054000E-02
   122.665001        -5.26070334E-02
   122.779999        -5.27233370E-02
   122.894997        -5.28542213E-02
   123.010002        -5.29995821E-02
   123.125000        -5.31592928E-02
   123.239998        -5.33331931E-02
   123.355003        -5.35210967E-02
   123.470001        -5.37228137E-02
   123.584999        -5.39381206E-02
   123.699997        -5.41667789E-02
   123.815002        -5.44085354E-02
   123.930000        -5.46631142E-02
   124.044998        -5.49302362E-02
   124.160004        -5.52095994E-02
   124.275002        -5.55008985E-02
   124.389999        -5.58038019E-02
   124.504997        -5.61179891E-02
   124.620003        -5.64431250E-02
   124.735001        -5.67788556E-02
   124.849998        -5.71248271E-02
   124.964996        -5.74806817E-02
   125.080002        -5.78460470E-02
   125.195000        -5.82205653E-02
   125.309998        -5.86038418E-02
   125.425003        -5.89955039E-02
   125.540001        -5.93951643E-02
   125.654999        -5.98024242E-02
   125.769997        -6.02168962E-02
   125.885002        -6.06381744E-02
   126.000000        -6.10658489E-02
   126.114998        -6.14995249E-02
   126.230003        -6.19387850E-02
   126.345001        -6.23832121E-02
   126.459999        -6.28324002E-02
   126.574997        -6.32859543E-02
   126.690002        -6.37434423E-02
   126.805000        -6.42044619E-02
   126.919998        -6.46685883E-02
   127.035004        -6.51354492E-02
   127.150002        -6.56046197E-02
   127.264999        -6.60757124E-02
   127.379997        -6.65483400E-02
   127.495003        -6.70221224E-02
   127.610001        -6.74966723E-02
   127.724998        -6.79716244E-02
   127.839996        -6.84466586E-02
   127.955002        -6.89213946E-02
   128.070007        -6.93955198E-02
   128.184998        -6.98687211E-02
   128.300003        -7.03407004E-02
   128.414993        -7.08111897E-02
   128.529999        -7.12799281E-02
   128.645004        -7.17466921E-02
   128.759995        -7.22112507E-02
   128.875000        -7.26734251E-02
   128.990005        -7.31330588E-02
   129.104996        -7.35900104E-02
   129.220001        -7.40441680E-02
   129.335007        -7.44954571E-02
   129.449997        -7.49438033E-02
   129.565002        -7.53891915E-02
   129.679993        -7.58316293E-02
   129.794998        -7.62711018E-02
   129.910004        -7.67076910E-02
   130.024994        -7.71414489E-02
   130.139999        -7.75724947E-02
   130.255005        -7.80009404E-02
   130.369995        -7.84269348E-02
   130.485001        -7.88506642E-02
   130.600006        -7.92723000E-02
   130.714996        -7.96920806E-02
   130.830002        -8.01102221E-02
   130.945007        -8.05269703E-02
   131.059998        -8.09426159E-02
   131.175003        -8.13574344E-02
   131.289993        -8.17716941E-02
   131.404999        -8.21857303E-02
   131.520004        -8.25998187E-02
   131.634995        -8.30143094E-02
   131.750000        -8.34295005E-02
   131.865005        -8.38457197E-02
   131.979996        -8.42632949E-02
   132.095001        -8.46825615E-02
   132.210007        -8.51037875E-02
   132.324997        -8.55273604E-02
   132.440002        -8.59535336E-02
   132.554993        -8.63826573E-02
   132.669998        -8.68150219E-02
   132.785004        -8.72509256E-02
   132.899994        -8.76906514E-02
   133.014999        -8.81344974E-02
   133.130005        -8.85827243E-02
   133.244995        -8.90356153E-02
   133.360001        -8.94934312E-02
   133.475006        -8.99564102E-02
   133.589996        -9.04248133E-02
   133.705002        -9.08988789E-02
   133.820007        -9.13788453E-02
   133.934998        -9.18649286E-02
   134.050003        -9.23573524E-02
   134.164993        -9.28563252E-02
   134.279999        -9.33620632E-02
   134.395004        -9.38747525E-02
   134.509995        -9.43946242E-02
   134.625000        -9.49218795E-02
   134.740005        -9.54567194E-02
   134.854996        -9.59993452E-02
   134.970001        -9.65499580E-02
   135.085007        -9.71087664E-02
   135.199997        -9.76759717E-02
   135.315002        -9.82518047E-02
   135.429993        -9.88364592E-02
   135.544998        -9.94301736E-02
   135.660004       -0.100033142    
   135.774994       -0.100645594    
   135.889999       -0.101267755    
   136.005005       -0.101899832    
   136.119995       -0.102542043    
   136.235001       -0.103194594    
   136.350006       -0.103857733    
   136.464996       -0.104531646    
   136.580002       -0.105216496    
   136.695007       -0.105912536    
   136.809998       -0.106619932    
   136.925003       -0.107338861    
   137.039993       -0.108069465    
   137.154999       -0.108811922    
   137.270004       -0.109566353    
   137.384995       -0.110332862    
   137.500000       -0.111111537    
   137.615005       -0.111902446    
   137.729996       -0.112705693    
   137.845001       -0.113521233    
   137.960007       -0.114349104    
   138.074997       -0.115189224    
   138.190002       -0.116041556    
   138.304993       -0.116905957    
   138.419998       -0.117782265    
   138.535004       -0.118670337    
   138.649994       -0.119569905    
   138.764999       -0.120480731    
   138.880005       -0.121402487    
   138.994995       -0.122334853    
   139.110001       -0.123277411    
   139.225006       -0.124229766    
   139.339996       -0.125191435    
   139.455002       -0.126161918    
   139.570007       -0.127140641    
   139.684998       -0.128127068    
   139.800003       -0.129120529    
   139.914993       -0.130120367    
   140.029999       -0.131125852    
   140.145004       -0.132136256    
   140.259995       -0.133150771    
   140.375000       -0.134168625    
   140.490005       -0.135188937    
   140.604996       -0.136210844    
   140.720001       -0.137233421    
   140.835007       -0.138255790    
   140.949997       -0.139276907    
   141.065002       -0.140295908    
   141.179993       -0.141311765    
   141.294998       -0.142323494    
   141.410004       -0.143330097    
   141.524994       -0.144330591    
   141.639999       -0.145323902    
   141.755005       -0.146309078    
   141.869995       -0.147285044    
   141.985001       -0.148250818    
   142.100006       -0.149205372    
   142.214996       -0.150147691    
   142.330002       -0.151076764    
   142.445007       -0.151991606    
   142.559998       -0.152891263    
   142.675003       -0.153774738    
   142.789993       -0.154641092    
   142.904999       -0.155489445    
   143.020004       -0.156318903    
   143.134995       -0.157128572    
   143.250000       -0.157917634    
   143.365005       -0.158685282    
   143.479996       -0.159430712    
   143.595001       -0.160153225    
   143.710007       -0.160852075    
   143.824997       -0.161526591    
   143.940002       -0.162176117    
   144.054993       -0.162800029    
   144.169998       -0.163397759    
   144.285004       -0.163968712    
   144.399994       -0.164512396    
   144.514999       -0.165028289    
   144.630005       -0.165515915    
   144.744995       -0.165974870    
   144.860001       -0.166404754    
   144.975006       -0.166805163    
   145.089996       -0.167175785    
   145.205002       -0.167516306    
   145.320007       -0.167826489    
   145.434998       -0.168106049    
   145.550003       -0.168354794    
   145.664993       -0.168572575    
   145.779999       -0.168759108    
   145.895004       -0.168914363    
   146.009995       -0.169038147    
   146.125000       -0.169130355    
   146.240005       -0.169190884    
   146.354996       -0.169219643    
   146.470001       -0.169216558    
   146.585007       -0.169181600    
   146.699997       -0.169114679    
   146.815002       -0.169015765    
   146.929993       -0.168884873    
   147.044998       -0.168721884    
   147.160004       -0.168526888    
   147.274994       -0.168299809    
   147.389999       -0.168040663    
   147.505005       -0.167749465    
   147.619995       -0.167426229    
   147.735001       -0.167070955    
   147.850006       -0.166683689    
   147.964996       -0.166264430    
   148.080002       -0.165813193    
   148.195007       -0.165329993    
   148.309998       -0.164814830    
   148.425003       -0.164267749    
   148.539993       -0.163688764    
   148.654999       -0.163077831    
   148.770004       -0.162435040    
   148.884995       -0.161760360    
   149.000000       -0.161053792    
   149.115005       -0.160315380    
   149.229996       -0.159545153    
   149.345001       -0.158743158    
   149.460007       -0.157909423    
   149.574997       -0.157043964    
   149.690002       -0.156146899    
   149.804993       -0.155218273    
   149.919998       -0.154258132    
   150.035004       -0.153266609    
   150.149994       -0.152243778    
   150.264999       -0.151189744    
   150.380005       -0.150104612    
   150.494995       -0.148988515    
   150.610001       -0.147841573    
   150.725006       -0.146663919    
   150.839996       -0.145455718    
   150.955002       -0.144217163    
   151.070007       -0.142948434    
   151.184998       -0.141649768    
   151.300003       -0.140321389    
   151.414993       -0.138963550    
   151.529999       -0.137576550    
   151.645004       -0.136160687    
   151.759995       -0.134716272    
   151.875000       -0.133243665    
   151.990005       -0.131743208    
   152.104996       -0.130215302    
   152.220001       -0.128660336    
   152.335007       -0.127078772    
   152.449997       -0.125470951    
   152.565002       -0.123837397    
   152.679993       -0.122178584    
   152.794998       -0.120494977    
   152.910004       -0.118787095    
   153.024994       -0.117055513    
   153.139999       -0.115300767    
   153.255005       -0.113523453    
   153.369995       -0.111724190    
   153.485001       -0.109903567    
   153.600006       -0.108062282    
   153.714996       -0.106200971    
   153.830002       -0.104320340    
   153.945007       -0.102421105    
   154.059998       -0.100503996    
   154.175003        -9.85697433E-02
   154.289993        -9.66191143E-02
   154.404999        -9.46528912E-02
   154.520004        -9.26718637E-02
   154.634995        -9.06768516E-02
   154.750000        -8.86686742E-02
   154.865005        -8.66481736E-02
   154.979996        -8.46162066E-02
   155.095001        -8.25736746E-02
   155.210007        -8.05214569E-02
   155.324997        -7.84604773E-02
   155.440002        -7.63916671E-02
   155.554993        -7.43159950E-02
   155.669998        -7.22344294E-02
   155.785004        -7.01479614E-02
   155.899994        -6.80576041E-02
   156.014999        -6.59643337E-02
   156.130005        -6.38692081E-02
   156.244995        -6.17732480E-02
   156.360001        -5.96774966E-02
   156.475006        -5.75830042E-02
   156.589996        -5.54908067E-02
   156.705002        -5.34019768E-02
   156.820007        -5.13175726E-02
   156.934998        -4.92386520E-02
   157.050003        -4.71662767E-02
   157.164993        -4.51015085E-02
   157.279999        -4.30454165E-02
   157.395004        -4.09990549E-02
   157.509995        -3.89634892E-02
   157.625000        -3.69397476E-02
   157.740005        -3.49288583E-02
   157.854996        -3.29318643E-02
   157.970001        -3.09497379E-02
   158.085007        -2.89834701E-02
   158.199997        -2.70340163E-02
   158.315002        -2.51022857E-02
   158.429993        -2.31891647E-02
   158.544998        -2.12955102E-02
   158.660004        -1.94221325E-02
   158.774994        -1.75698306E-02
   158.889999        -1.57393198E-02
   159.005005        -1.39313005E-02
   159.119995        -1.21464338E-02
   159.235001        -1.03853308E-02
   159.350006        -8.64855759E-03
   159.464996        -6.93664141E-03
   159.580002        -5.25005907E-03
   159.695007        -3.58924083E-03
   159.809998        -1.95456296E-03
   159.925003        -3.46351415E-04
   160.039993         1.23511627E-03
   160.154999         2.78962217E-03
   160.270004         4.31699120E-03
   160.384995         5.81712276E-03
   160.500000         7.28995074E-03
   160.615005         8.73546395E-03
   160.729996         1.01537118E-02
   160.845001         1.15447752E-02
   160.960007         1.29087884E-02
   161.074997         1.42459236E-02
   161.190002         1.55563932E-02
   161.304993         1.68404486E-02
   161.419998         1.80983637E-02
   161.535004         1.93304513E-02
   161.649994         2.05370560E-02
   161.764999         2.17185374E-02
   161.880005         2.28752960E-02
   161.994995         2.40077469E-02
   162.110001         2.51163207E-02
   162.225006         2.62014903E-02
   162.339996         2.72637270E-02
   162.455002         2.83035301E-02
   162.570007         2.93214172E-02
   162.684998         3.03179007E-02
   162.800003         3.12935263E-02
   162.914993         3.22488360E-02
   163.029999         3.31843756E-02
   163.145004         3.41006964E-02
   163.259995         3.49983573E-02
   163.375000         3.58779021E-02
   163.490005         3.67398784E-02
   163.604996         3.75848562E-02
   163.720001         3.84133682E-02
   163.835007         3.92259806E-02
   163.949997         4.00232375E-02
   164.065002         4.08056825E-02
   164.179993         4.15738821E-02
   164.294998         4.23283838E-02
   164.410004         4.30697501E-02
   164.524994         4.37985398E-02
   164.639999         4.45153341E-02
   164.755005         4.52206880E-02
   164.869995         4.59151864E-02
   164.985001         4.65994030E-02
   165.100006         4.72739264E-02
   165.214996         4.79393303E-02
   165.330002         4.85962033E-02
   165.445007         4.92451340E-02
   165.559998         4.98866960E-02
   165.675003         5.05214818E-02
   165.789993         5.11500761E-02
   165.904999         5.17730452E-02
   166.020004         5.23909815E-02
   166.134995         5.30044585E-02
   166.250000         5.36140501E-02
   166.365005         5.42203523E-02
   166.479996         5.48239201E-02
   166.595001         5.54253347E-02
   166.710007         5.60251549E-02
   166.824997         5.66239245E-02
   166.940002         5.72221875E-02
   167.054993         5.78204691E-02
   167.169998         5.84192723E-02
   167.285004         5.90190738E-02
   167.399994         5.96203431E-02
   167.514999         6.02235124E-02
   167.630005         6.08289763E-02
   167.744995         6.14371151E-02
   167.860001         6.20482787E-02
   167.975006         6.26627803E-02
   168.089996         6.32809252E-02
   168.205002         6.39029294E-02
   168.320007         6.45290241E-02
   168.434998         6.51594028E-02
   168.550003         6.57941997E-02
   168.664993         6.64335340E-02
   168.779999         6.70774877E-02
   168.895004         6.77260906E-02
   169.009995         6.83793277E-02
   169.125000         6.90371841E-02
   169.240005         6.96995631E-02
   169.354996         7.03663453E-02
   169.470001         7.10373744E-02
   169.585007         7.17124641E-02
   169.699997         7.23913461E-02
   169.815002         7.30737820E-02
   169.929993         7.37594515E-02
   170.044998         7.44480118E-02
   170.160004         7.51391053E-02
   170.274994         7.58323222E-02
   170.389999         7.65272379E-02
   170.505005         7.72234201E-02
   170.619995         7.79203847E-02
   170.735001         7.86176473E-02
   170.850006         7.93146938E-02
   170.964996         8.00109878E-02
   171.080002         8.07059780E-02
   171.195007         8.13990831E-02
   171.309998         8.20897222E-02
   171.425003         8.27772915E-02
   171.539993         8.34611505E-02
   171.654999         8.41406584E-02
   171.770004         8.48151743E-02
   171.884995         8.54840353E-02
   172.000000         8.61465782E-02
   172.115005         8.68021026E-02
   172.229996         8.74499306E-02
   172.345001         8.80893767E-02
   172.460007         8.87197405E-02
   172.574997         8.93403441E-02
   172.690002         8.99504721E-02
   172.804993         9.05494764E-02
   172.919998         9.11366418E-02
   173.035004         9.17113051E-02
   173.149994         9.22727734E-02
   173.264999         9.28203613E-02
   173.380005         9.33533907E-02
   173.494995         9.38712135E-02
   173.610001         9.43731368E-02
   173.725006         9.48585272E-02
   173.839996         9.53267366E-02
   173.955002         9.57771093E-02
   174.070007         9.62090343E-02
   174.184998         9.66219157E-02
   174.300003         9.70151871E-02
   174.414993         9.73882824E-02
   174.529999         9.77406651E-02
   174.645004         9.80718136E-02
   174.759995         9.83812660E-02
   174.875000         9.86685678E-02
   174.990005         9.89332944E-02
   175.104996         9.91750658E-02
   175.220001         9.93935019E-02
   175.335007         9.95882601E-02
   175.449997         9.97590423E-02
   175.565002         9.99055803E-02
   175.679993        0.100027621    
   175.794998        0.100124955    
   175.910004        0.100197405    
   176.024994        0.100244842    
   176.139999        0.100267164    
   176.255005        0.100264318    
   176.369995        0.100236267    
   176.485001        0.100183032    
   176.600006        0.100104697    
   176.714996        0.100001350    
   176.830002         9.98731405E-02
   176.945007         9.97202545E-02
   177.059998         9.95429158E-02
   177.175003         9.93413925E-02
   177.289993         9.91159678E-02
   177.404999         9.88669693E-02
   177.520004         9.85947475E-02
   177.634995         9.82997268E-02
   177.750000         9.79823023E-02
   177.865005         9.76429582E-02
   177.979996         9.72821563E-02
   178.095001         9.69004333E-02
   178.210007         9.64983255E-02
   178.324997         9.60764363E-02
   178.440002         9.56353694E-02
   178.554993         9.51757878E-02
   178.669998         9.46983695E-02
   178.785004         9.42038447E-02
   178.899994         9.36929435E-02
   179.014999         9.31664407E-02
   179.130005         9.26251262E-02
   179.244995         9.20698345E-02
   179.360001         9.15013999E-02
   179.475006         9.09206867E-02
   179.589996         9.03285742E-02
   179.705002         8.97259489E-02
   179.820007         8.91137496E-02
   179.934998         8.84929001E-02
   180.050003         8.78643543E-02
   180.164993         8.72290730E-02
   180.279999         8.65880549E-02
   180.395004         8.59422907E-02
   180.509995         8.52927715E-02
   180.625000         8.46405625E-02
   180.740005         8.39866549E-02
   180.854996         8.33321214E-02
   180.970001         8.26780051E-02
   181.085007         8.20253491E-02
   181.199997         8.13752115E-02
   181.315002         8.07286128E-02
   181.429993         8.00865889E-02
   181.544998         7.94501752E-02
   181.660004         7.88203701E-02
   181.774994         7.81981498E-02
   181.889999         7.75844902E-02
   182.005005         7.69803151E-02
   182.119995         7.63865411E-02
   182.235001         7.58040473E-02
   182.350006         7.52336830E-02
   182.464996         7.46762529E-02
   182.580002         7.41325468E-02
   182.695007         7.36033022E-02
   182.809998         7.30892122E-02
   182.925003         7.25909323E-02
   183.039993         7.21090585E-02
   183.154999         7.16441572E-02
   183.270004         7.11967051E-02
   183.384995         7.07671493E-02
   183.500000         7.03558698E-02
   183.615005         6.99631721E-02
   183.729996         6.95892796E-02
   183.845001         6.92344010E-02
   183.960007         6.88986406E-02
   184.074997         6.85820580E-02
   184.190002         6.82846308E-02
   184.304993         6.80062845E-02
   184.419998         6.77468926E-02
   184.535004         6.75062537E-02
   184.649994         6.72841072E-02
   184.764999         6.70801550E-02
   184.880005         6.68940395E-02
   184.994995         6.67253286E-02
   185.110001         6.65735751E-02
   185.225006         6.64382577E-02
   185.339996         6.63188100E-02
   185.455002         6.62146211E-02
   185.570007         6.61250651E-02
   185.684998         6.60494268E-02
   185.800003         6.59869760E-02
   185.914993         6.59369826E-02
   186.029999         6.58986419E-02
   186.145004         6.58711642E-02
   186.259995         6.58536851E-02
   186.375000         6.58453852E-02
   186.490005         6.58453852E-02
   186.604996         6.58528209E-02
   186.720001         6.58668131E-02
   186.835007         6.58864826E-02
   186.949997         6.59109578E-02
   187.065002         6.59393668E-02
   187.179993         6.59708232E-02
   187.294998         6.60044700E-02
   187.410004         6.60394281E-02
   187.524994         6.60748631E-02
   187.639999         6.61099106E-02
   187.755005         6.61437362E-02
   187.869995         6.61755055E-02
   187.985001         6.62044138E-02
   188.100006         6.62296414E-02
   188.214996         6.62504137E-02
   188.330002         6.62659407E-02
   188.445007         6.62754923E-02
   188.559998         6.62783086E-02
   188.675003         6.62736893E-02
   188.789993         6.62609339E-02
   188.904999         6.62393421E-02
   189.020004         6.62082732E-02
   189.134995         6.61670715E-02
   189.250000         6.61151186E-02
   189.365005         6.60517961E-02
   189.479996         6.59765080E-02
   189.595001         6.58886656E-02
   189.710007         6.57877028E-02
   189.824997         6.56730756E-02
   189.940002         6.55442476E-02
   190.054993         6.54006749E-02
   190.169998         6.52418807E-02
   190.285004         6.50673658E-02
   190.399994         6.48766682E-02
   190.514999         6.46693334E-02
   190.630005         6.44449443E-02
   190.744995         6.42030984E-02
   190.860001         6.39434233E-02
   190.975006         6.36655688E-02
   191.089996         6.33692145E-02
   191.205002         6.30540401E-02
   191.320007         6.27198070E-02
   191.434998         6.23662621E-02
   191.550003         6.19931780E-02
   191.664993         6.16003908E-02
   191.779999         6.11877404E-02
   191.895004         6.07551001E-02
   192.009995         6.03023991E-02
   192.125000         5.98295853E-02
   192.240005         5.93366399E-02
   192.354996         5.88236004E-02
   192.470001         5.82905486E-02
   192.585007         5.77375926E-02
   192.699997         5.71648963E-02
   192.815002         5.65726757E-02
   192.929993         5.59611693E-02
   193.044998         5.53306937E-02
   193.160004         5.46815693E-02
   193.274994         5.40142097E-02
   193.389999         5.33290207E-02
   193.505005         5.26264980E-02
   193.619995         5.19071519E-02
   193.735001         5.11715412E-02
   193.850006         5.04202470E-02
   193.964996         4.96539138E-02
   194.080002         4.88731861E-02
   194.195007         4.80787717E-02
   194.309998         4.72714007E-02
   194.425003         4.64518331E-02
   194.539993         4.56208512E-02
   194.654999         4.47792858E-02
   194.770004         4.39279675E-02
   194.884995         4.30677719E-02
   195.000000         4.21995744E-02
   195.115005         4.13242951E-02
   195.229996         4.04428355E-02
   195.345001         3.95561308E-02
   195.460007         3.86651196E-02
   195.574997         3.77707370E-02
   195.690002         3.68739292E-02
   195.804993         3.59756388E-02
   195.919998         3.50767896E-02
   196.035004         3.41783091E-02
   196.149994         3.32811251E-02
   196.264999         3.23861614E-02
   196.380005         3.14943045E-02
   196.494995         3.06064710E-02
   196.610001         2.97235325E-02
   196.725006         2.88463589E-02
   196.839996         2.79758163E-02
   196.955002         2.71127485E-02
   197.070007         2.62579992E-02
   197.184998         2.54123881E-02
   197.300003         2.45767254E-02
   197.414993         2.37518102E-02
   197.529999         2.29384042E-02
   197.645004         2.21372768E-02
   197.759995         2.13491712E-02
   197.875000         2.05747895E-02
   197.990005         1.98148601E-02
   198.104996         1.90700497E-02
   198.220001         1.83410197E-02
   198.335007         1.76284127E-02
   198.449997         1.69328675E-02
   198.565002         1.62549987E-02
   198.679993         1.55953933E-02
   198.794998         1.49546470E-02
   198.910004         1.43333226E-02
   199.024994         1.37319695E-02
   199.139999         1.31511297E-02
   199.255005         1.25913285E-02
   199.369995         1.20530687E-02
   199.485001         1.15368273E-02
   199.600006         1.10430736E-02
   199.714996         1.05722435E-02
   199.830002         1.01247430E-02
   199.945007         9.70096141E-03
   200.059998         9.30125266E-03
   200.175003         8.92593898E-03
   200.289993         8.57532583E-03
   200.404999         8.24966282E-03
   200.520004         7.94918835E-03
   200.634995         7.67410360E-03
   200.750000         7.42457435E-03
   200.865005         7.20073096E-03
   200.979996         7.00266473E-03
   201.095001         6.83045574E-03
   201.210007         6.68412261E-03
   201.324997         6.56365231E-03
   201.440002         6.46900386E-03
   201.554993         6.40008226E-03
   201.669998         6.35677390E-03
   201.785004         6.33889437E-03
   201.899994         6.34624623E-03
   202.014999         6.37856685E-03
   202.130005         6.43557496E-03
   202.244995         6.51693344E-03
   202.360001         6.62226975E-03
   202.475006         6.75117970E-03
   202.589996         6.90323114E-03
   202.705002         7.07794726E-03
   202.820007         7.27483444E-03
   202.934998         7.49337673E-03
   203.050003         7.73302093E-03
   203.164993         7.99320638E-03
   203.279999         8.27334821E-03
   203.395004         8.57284851E-03
   203.509995         8.89109634E-03
   203.625000         9.22746211E-03
   203.740005         9.58131067E-03
   203.854996         9.95199941E-03
   203.970001         1.03388783E-02
   204.085007         1.07412841E-02
   204.199997         1.11585595E-02
   204.315002         1.15900543E-02
   204.429993         1.20351184E-02
   204.544998         1.24930963E-02
   204.660004         1.29633583E-02
   204.774994         1.34452712E-02
   204.889999         1.39382230E-02
   205.005005         1.44416112E-02
   205.119995         1.49548454E-02
   205.235001         1.54773621E-02
   205.350006         1.60086006E-02
   205.464996         1.65480264E-02
   205.580002         1.70951076E-02
   205.695007         1.76493376E-02
   205.809998         1.82102136E-02
   205.925003         1.87772512E-02
   206.039993         1.93499774E-02
   206.154999         1.99279301E-02
   206.270004         2.05106586E-02
   206.384995         2.10977104E-02
   206.500000         2.16886606E-02
   206.615005         2.22830884E-02
   206.729996         2.28805728E-02
   206.845001         2.34807134E-02
   206.960007         2.40831170E-02
   207.074997         2.46873908E-02
   207.190002         2.52931546E-02
   207.304993         2.59000361E-02
   207.419998         2.65076626E-02
   207.535004         2.71156561E-02
   207.649994         2.77236514E-02
   207.764999         2.83312816E-02
   207.880005         2.89381687E-02
   207.994995         2.95439456E-02
   208.110001         3.01482361E-02
   208.225006         3.07506695E-02
   208.339996         3.13508660E-02
   208.455002         3.19484584E-02
   208.570007         3.25430706E-02
   208.684998         3.31343301E-02
   208.800003         3.37218642E-02
   208.914993         3.43053117E-02
   209.029999         3.48843150E-02
   209.145004         3.54585089E-02
   209.259995         3.60275432E-02
   209.375000         3.65910642E-02
   209.490005         3.71487141E-02
   209.604996         3.77001613E-02
   209.720001         3.82450372E-02
   209.835007         3.87830101E-02
   209.949997         3.93137224E-02
   210.065002         3.98368277E-02
   210.179993         4.03519794E-02
   210.294998         4.08588201E-02
   210.410004         4.13570181E-02
   210.524994         4.18462157E-02
   210.639999         4.23260704E-02
   210.755005         4.27962393E-02
   210.869995         4.32563722E-02
   210.985001         4.37061340E-02
   211.100006         4.41451780E-02
   211.214996         4.45731729E-02
   211.330002         4.49897647E-02
   211.445007         4.53945994E-02
   211.559998         4.57873307E-02
   211.675003         4.61676009E-02
   211.789993         4.65350300E-02
   211.904999         4.68892530E-02
   212.020004         4.72298861E-02
   212.134995         4.75565158E-02
   212.250000         4.78687696E-02
   212.365005         4.81662229E-02
   212.479996         4.84484695E-02
   212.595001         4.87150997E-02
   212.710007         4.89657000E-02
   212.824997         4.91998568E-02
   212.940002         4.94171679E-02
   213.054993         4.96172309E-02
   213.169998         4.97996509E-02
   213.285004         4.99640554E-02
   213.399994         5.01100570E-02
   213.514999         5.02372980E-02
   213.630005         5.03454246E-02
   213.744995         5.04341051E-02
   213.860001         5.05030155E-02
   213.975006         5.05518466E-02
   214.089996         5.05803227E-02
   214.205002         5.05881831E-02
   214.320007         5.05751856E-02
   214.434998         5.05411364E-02
   214.550003         5.04858643E-02
   214.664993         5.04092425E-02
   214.779999         5.03111854E-02
   214.895004         5.01916371E-02
   215.009995         5.00506200E-02
   215.125000         4.98881862E-02
   215.240005         4.97044548E-02
   215.354996         4.94995862E-02
   215.470001         4.92737852E-02
   215.585007         4.90273386E-02
   215.699997         4.87605557E-02
   215.815002         4.84738089E-02
   215.929993         4.81675267E-02
   216.044998         4.78421822E-02
   216.160004         4.74983081E-02
   216.274994         4.71364744E-02
   216.389999         4.67573255E-02
   216.505005         4.63615209E-02
   216.619995         4.59498167E-02
   216.735001         4.55229841E-02
   216.850006         4.50818650E-02
   216.964996         4.46273312E-02
   217.080002         4.41603288E-02
   217.195007         4.36818153E-02
   217.309998         4.31928039E-02
   217.425003         4.26943488E-02
   217.539993         4.21875343E-02
   217.654999         4.16734554E-02
   217.770004         4.11532447E-02
   217.884995         4.06280346E-02
   218.000000         4.00989912E-02
   218.115005         3.95672545E-02
   218.229996         3.90339866E-02
   218.345001         3.85003537E-02
   218.460007         3.79674956E-02
   218.574997         3.74365486E-02
   218.690002         3.69086377E-02
   218.804993         3.63848805E-02
   218.919998         3.58663760E-02
   219.035004         3.53541821E-02
   219.149994         3.48493457E-02
   219.264999         3.43528837E-02
   219.380005         3.38657796E-02
   219.494995         3.33889872E-02
   219.610001         3.29233930E-02
   219.725006         3.24698724E-02
   219.839996         3.20292413E-02
   219.955002         3.16022485E-02
   220.070007         3.11896168E-02
   220.184998         3.07919979E-02
   220.300003         3.04099843E-02
   220.414993         3.00441254E-02
   220.529999         2.96949167E-02
   220.645004         2.93627903E-02
   220.759995         2.90481206E-02
   220.875000         2.87512429E-02
   220.990005         2.84724366E-02
   221.104996         2.82119326E-02
   221.220001         2.79699173E-02
   221.335007         2.77465172E-02
   221.449997         2.75418349E-02
   221.565002         2.73559056E-02
   221.679993         2.71887314E-02
   221.794998         2.70402580E-02
   221.910004         2.69104261E-02
   222.024994         2.67990753E-02
   222.139999         2.67060455E-02
   222.255005         2.66311280E-02
   222.369995         2.65740734E-02
   222.485001         2.65346002E-02
   222.600006         2.65123956E-02
   222.714996         2.65071169E-02
   222.830002         2.65184045E-02
   222.945007         2.65458599E-02
   223.059998         2.65890863E-02
   223.175003         2.66476534E-02
   223.289993         2.67211087E-02
   223.404999         2.68090051E-02
   223.520004         2.69108787E-02
   223.634995         2.70262305E-02
   223.750000         2.71545611E-02
   223.865005         2.72953622E-02
   223.979996         2.74481103E-02
   224.095001         2.76122838E-02
   224.210007         2.77873352E-02
   224.324997         2.79727262E-02
   224.440002         2.81679109E-02
   224.554993         2.83723325E-02
   224.669998         2.85854414E-02
   224.785004         2.88066939E-02
   224.899994         2.90355515E-02
   225.014999         2.92714722E-02
   225.130005         2.95139439E-02
   225.244995         2.97624506E-02
   225.360001         3.00165061E-02
   225.475006         3.02756112E-02
   225.589996         3.05393152E-02
   225.705002         3.08071636E-02
   225.820007         3.10787372E-02
   225.934998         3.13535966E-02
   226.050003         3.16313729E-02
   226.164993         3.19116637E-02
   226.279999         3.21941152E-02
   226.395004         3.24783809E-02
   226.509995         3.27641442E-02
   226.625000         3.30510996E-02
   226.740005         3.33389789E-02
   226.854996         3.36275175E-02
   226.970001         3.39164846E-02
   227.085007         3.42056789E-02
   227.199997         3.44949216E-02
   227.315002         3.47840637E-02
   227.429993         3.50729600E-02
   227.544998         3.53615135E-02
   227.660004         3.56496163E-02
   227.774994         3.59371975E-02
   227.889999         3.62241939E-02
   228.005005         3.65105420E-02
   228.119995         3.67961973E-02
   228.235001         3.70811112E-02
   228.350006         3.73652503E-02
   228.464996         3.76485586E-02
   228.580002         3.79310027E-02
   228.695007         3.82125266E-02
   228.809998         3.84930670E-02
   228.925003         3.87725569E-02
   229.039993         3.90509255E-02
   229.154999         3.93280834E-02
   229.270004         3.96039262E-02
   229.384995         3.98783311E-02
   229.500000         4.01511677E-02
   229.615005         4.04222682E-02
   229.729996         4.06914502E-02
   229.845001         4.09585126E-02
   229.960007         4.12231833E-02
   230.074997         4.14852053E-02
   230.190002         4.17442471E-02
   230.304993         4.19999585E-02
   230.419998         4.22519557E-02
   230.535004         4.24997993E-02
   230.649994         4.27430384E-02
   230.764999         4.29811701E-02
   230.880005         4.32136804E-02
   230.994995         4.34399992E-02
   231.110001         4.36595641E-02
   231.225006         4.38717566E-02
   231.339996         4.40759771E-02
   231.455002         4.42715921E-02
   231.570007         4.44579534E-02
   231.684998         4.46344092E-02
   231.800003         4.48003113E-02
   231.914993         4.49549817E-02
   232.029999         4.50977758E-02
   232.145004         4.52280231E-02
   232.259995         4.53450866E-02
   232.375000         4.54483330E-02
   232.490005         4.55371216E-02
   232.604996         4.56108563E-02
   232.720001         4.56689559E-02
   232.835007         4.57108654E-02
   232.949997         4.57360633E-02
   233.065002         4.57440540E-02
   233.179993         4.57343869E-02
   233.294998         4.57066633E-02
   233.410004         4.56605144E-02
   233.524994         4.55956198E-02
   233.639999         4.55117114E-02
   233.755005         4.54085730E-02
   233.869995         4.52860035E-02
   233.985001         4.51438800E-02
   234.100006         4.49821055E-02
   234.214996         4.48006392E-02
   234.330002         4.45994586E-02
   234.445007         4.43785861E-02
   234.559998         4.41380963E-02
   234.675003         4.38780747E-02
   234.789993         4.35986631E-02
   234.904999         4.33000140E-02
   235.020004         4.29823324E-02
   235.134995         4.26458493E-02
   235.250000         4.22908105E-02
   235.365005         4.19175066E-02
   235.479996         4.15262431E-02
   235.595001         4.11173664E-02
   235.710007         4.06912267E-02
   235.824997         4.02482152E-02
   235.940002         3.97887230E-02
   236.054993         3.93131673E-02
   236.169998         3.88219804E-02
   236.285004         3.83156091E-02
   236.399994         3.77944931E-02
   236.514999         3.72591056E-02
   236.630005         3.67098972E-02
   236.744995         3.61473560E-02
   236.860001         3.55719626E-02
   236.975006         3.49841975E-02
   237.089996         3.43845412E-02
   237.205002         3.37735116E-02
   237.320007         3.31516154E-02
   237.434998         3.25193591E-02
   237.550003         3.18772718E-02
   237.664993         3.12258881E-02
   237.779999         3.05657592E-02
   237.895004         2.98974179E-02
   238.009995         2.92214379E-02
   238.125000         2.85383835E-02
   238.240005         2.78487988E-02
   238.354996         2.71532778E-02
   238.470001         2.64523812E-02
   238.585007         2.57466994E-02
   238.699997         2.50367969E-02
   238.815002         2.43232567E-02
   238.929993         2.36066580E-02
   239.044998         2.28875875E-02
   239.160004         2.21666321E-02
   239.274994         2.14443859E-02
   239.389999         2.07214467E-02
   239.505005         1.99984219E-02
   239.619995         1.92759000E-02
   239.735001         1.85544956E-02
   239.850006         1.78348180E-02
   239.964996         1.71174780E-02
   240.080002         1.64030790E-02
   240.195007         1.56922415E-02
   240.309998         1.49855763E-02
   240.425003         1.42836832E-02
   240.539993         1.35871749E-02
   240.654999         1.28966477E-02
   240.770004         1.22126862E-02
   240.884995         1.15359053E-02
   241.000000         1.08668860E-02
   241.115005         1.02062058E-02
   241.229996         9.55444016E-03
   241.345001         8.91216658E-03
   241.460007         8.27994570E-03
   241.574997         7.65832886E-03
   241.690002         7.04787858E-03
   241.804993         6.44912943E-03
   241.919998         5.86259738E-03
   242.035004         5.28881699E-03
   242.149994         4.72828001E-03
   242.264999         4.18147817E-03
   242.380005         3.64886597E-03
   242.494995         3.13090160E-03
   242.610001         2.62800232E-03
   242.725006         2.14056671E-03
   242.839996         1.66899338E-03
   242.955002         1.21361390E-03
   243.070007         7.74767250E-04
   243.184998         3.52747738E-04
   243.300003        -5.21615148E-05
   243.414993        -4.39714640E-04
   243.529999        -8.09703022E-04
   243.645004        -1.16192922E-03
   243.759995        -1.49623305E-03
   243.875000        -1.81248784E-03
   243.990005        -2.11060047E-03
   244.104996        -2.39050016E-03
   244.220001        -2.65216827E-03
   244.335007        -2.89557502E-03
   244.449997        -3.12077254E-03
   244.565002        -3.32781300E-03
   244.679993        -3.51680070E-03
   244.794998        -3.68784741E-03
   244.910004        -3.84112075E-03
   245.024994        -3.97678837E-03
   245.139999        -4.09505144E-03
   245.255005        -4.19614092E-03
   245.369995        -4.28028405E-03
   245.485001        -4.34776396E-03
