  -18.8999996         0.00000000    
  -18.7849998         5.85390126E-22
  -18.6700001        -1.82842955E-12
  -18.5550003        -8.32664840E-12
  -18.4400005        -2.18911139E-11
  -18.3250008        -4.29409078E-11
  -18.2099991        -6.89065680E-11
  -18.0949993        -9.41282816E-11
  -17.9799995        -1.10697000E-10
  -17.8649998        -1.09923813E-10
  -17.7500000        -8.39272402E-11
  -17.6350002        -2.68691666E-11
  -17.5200005         6.43769899E-11
  -17.4050007         1.89996990E-10
  -17.2900009         3.47049806E-10
  -17.1749992         5.28885991E-10
  -17.0599995         7.23968552E-10
  -16.9449997         9.14332943E-10
  -16.8299999         1.07439280E-09
  -16.7150002         1.17106735E-09
  -16.6000004         1.16611187E-09
  -16.4850006         1.02102882E-09
  -16.3700008         7.04142966E-10
  -16.2549992         1.98591227E-10
  -16.1399994        -4.90581908E-10
  -16.0249996        -1.33210665E-09
  -15.9099998        -2.26830998E-09
  -15.7950001        -3.21949889E-09
  -15.6800003        -4.09220569E-09
  -15.5649996        -4.78970952E-09
  -15.4499998        -5.22282217E-09
  -15.3350000        -5.31918154E-09
  -15.2200003        -5.02998398E-09
  -15.1049995        -4.33404512E-09
  -14.9899998        -3.23984684E-09
  -14.8750000        -1.78655102E-09
  -14.7600002        -4.46898074E-11
  -14.6450005         1.88344895E-09
  -14.5299997         3.86454690E-09
  -14.4150000         5.73746428E-09
  -14.3000002         7.32022531E-09
  -14.1850004         8.42134185E-09
  -14.0699997         8.85483242E-09
  -13.9549999         8.45682901E-09
  -13.8400002         7.10081771E-09
  -13.7250004         4.70826311E-09
  -13.6099997         1.25217925E-09
  -13.4949999        -3.24735039E-09
  -13.3800001        -8.73467521E-09
  -13.2650003        -1.51346029E-08
  -13.1499996        -2.23693579E-08
  -13.0349998        -3.03730339E-08
  -12.9200001        -3.91011632E-08
  -12.8050003        -4.85344174E-08
  -12.6899996        -5.86773687E-08
  -12.5749998        -6.95539555E-08
  -12.4600000        -8.12020176E-08
  -12.3450003        -9.36682056E-08
  -12.2299995        -1.07003871E-07
  -12.1149998        -1.21261252E-07
  -12.0000000        -1.36488538E-07
  -11.8850002        -1.52722862E-07
  -11.7700005        -1.69981249E-07
  -11.6549997        -1.88250397E-07
  -11.5400000        -2.07478664E-07
  -11.4250002        -2.27572883E-07
  -11.3100004        -2.48403239E-07
  -11.1949997        -2.69816979E-07
  -11.0799999        -2.91660456E-07
  -10.9650002        -3.13805373E-07
  -10.8500004        -3.36174736E-07
  -10.7349997        -3.58763430E-07
  -10.6199999        -3.81648761E-07
  -10.5050001        -4.04989663E-07
  -10.3900003        -4.29014904E-07
  -10.2749996        -4.54003640E-07
  -10.1599998        -4.80262599E-07
  -10.0450001        -5.08104108E-07
  -9.93000031        -5.37827873E-07
  -9.81499958        -5.69707709E-07
  -9.69999981        -6.03983267E-07
  -9.58500004        -6.40853955E-07
  -9.47000027        -6.80474272E-07
  -9.35499954        -7.22950858E-07
  -9.23999977        -7.68341579E-07
  -9.12500000        -8.16658655E-07
  -9.01000023        -8.67878668E-07
  -8.89500046        -9.21960634E-07
  -8.77999973        -9.78871867E-07
  -8.66499996        -1.03861623E-06
  -8.55000019        -1.10126257E-06
  -8.43500042        -1.16696492E-06
  -8.31999969        -1.23597147E-06
  -8.20499992        -1.30861667E-06
  -8.09000015        -1.38530277E-06
  -7.97499990        -1.46646551E-06
  -7.86000013        -1.55254111E-06
  -7.74499989        -1.64393225E-06
  -7.63000011        -1.74098284E-06
  -7.51499987        -1.84396458E-06
  -7.40000010        -1.95307439E-06
  -7.28499985        -2.06844129E-06
  -7.17000008        -2.19014009E-06
  -7.05499983        -2.31820877E-06
  -6.94000006        -2.45266392E-06
  -6.82499981        -2.59352078E-06
  -6.71000004        -2.74081071E-06
  -6.59499979        -2.89460195E-06
  -6.48000002        -3.05502272E-06
  -6.36499977        -3.22228084E-06
  -6.25000000        -3.39668281E-06
  -6.13500023        -3.57864315E-06
  -6.01999998        -3.76867911E-06
  -5.90500021        -3.96739324E-06
  -5.78999996        -4.17543833E-06
  -5.67500019        -4.39347514E-06
  -5.55999994        -4.62212574E-06
  -5.44500017        -4.86192857E-06
  -5.32999992        -5.11331291E-06
  -5.21500015        -5.37658298E-06
  -5.09999990        -5.65192749E-06
  -4.98500013        -5.93944105E-06
  -4.86999989        -6.23915639E-06
  -4.75500011        -6.55108897E-06
  -4.63999987        -6.87526835E-06
  -4.52500010        -7.21177366E-06
  -4.40999985        -7.56076133E-06
  -4.29500008        -7.92247738E-06
  -4.17999983        -8.29727378E-06
  -4.06500006        -8.68560892E-06
  -3.95000005        -9.08804668E-06
  -3.83500004        -9.50524827E-06
  -3.72000003        -9.93793947E-06
  -3.60500002        -1.03868906E-05
  -3.49000001        -1.08528593E-05
  -3.37500000        -1.13365559E-05
  -3.25999999        -1.18385851E-05
  -3.14499998        -1.23594136E-05
  -3.02999997        -1.28993461E-05
  -2.91499996        -1.34585280E-05
  -2.79999995        -1.40369639E-05
  -2.68499994        -1.46345601E-05
  -2.56999993        -1.52511793E-05
  -2.45499992        -1.58866987E-05
  -2.33999991        -1.65410620E-05
  -2.22499990        -1.72143100E-05
  -2.10999990        -1.79066228E-05
  -1.99500000        -1.86183170E-05
  -1.88000000        -1.93498345E-05
  -1.76499999        -2.01017265E-05
  -1.64999998        -2.08746333E-05
  -1.53499997        -2.16692206E-05
  -1.41999996        -2.24861706E-05
  -1.30499995        -2.33261162E-05
  -1.19000006        -2.41896068E-05
  -1.07500005        -2.50770645E-05
 -0.959999979        -2.59887565E-05
 -0.845000029        -2.69247666E-05
 -0.730000019        -2.78850148E-05
 -0.615000010        -2.88692572E-05
 -0.500000000        -2.98771392E-05
 -0.384999990        -3.09082607E-05
 -0.270000011        -3.19622268E-05
 -0.155000001        -3.30387084E-05
  -3.99999991E-02    -3.41375307E-05
   7.50000030E-02    -3.52586649E-05
  0.189999998        -3.64022635E-05
  0.305000007        -3.75686468E-05
  0.419999987        -3.87582659E-05
  0.535000026        -3.99716591E-05
  0.649999976        -4.12093941E-05
  0.764999986        -4.24719983E-05
  0.879999995        -4.37599410E-05
  0.995000005        -4.50735497E-05
   1.11000001        -4.64129917E-05
   1.22500002        -4.77782742E-05
   1.34000003        -4.91691972E-05
   1.45500004        -5.05853932E-05
   1.57000005        -5.20263529E-05
   1.68499994        -5.34914543E-05
   1.79999995        -5.49800425E-05
   1.91499996        -5.64914808E-05
   2.02999997        -5.80252236E-05
   2.14499998        -5.95808597E-05
   2.25999999        -6.11581636E-05
   2.37500000        -6.27571353E-05
   2.49000001        -6.43779713E-05
   2.60500002        -6.60210135E-05
   2.72000003        -6.76867567E-05
   2.83500004        -6.93757465E-05
   2.95000005        -7.10885215E-05
   3.06500006        -7.28255400E-05
   3.18000007        -7.45871585E-05
   3.29500008        -7.63735443E-05
   3.41000009        -7.81847411E-05
   3.52500010        -8.00205889E-05
   3.64000010        -8.18808039E-05
   3.75500011        -8.37649568E-05
   3.86999989        -8.56725455E-05
   3.98499990        -8.76030826E-05
   4.09999990        -8.95561243E-05
   4.21500015        -9.15312849E-05
   4.32999992        -9.35283460E-05
   4.44500017        -9.55472497E-05
   4.55999994        -9.75881267E-05
   4.67500019        -9.96513263E-05
   4.78999996        -1.01737314E-04
   4.90500021        -1.03846687E-04
   5.01999998        -1.05980100E-04
   5.13500023        -1.08138200E-04
   5.25000000        -1.10321576E-04
   5.36499977        -1.12530768E-04
   5.48000002        -1.14766146E-04
   5.59499979        -1.17027936E-04
   5.71000004        -1.19316319E-04
   5.82499981        -1.21631332E-04
   5.94000006        -1.23973005E-04
   6.05499983        -1.26341329E-04
   6.17000008        -1.28736399E-04
   6.28499985        -1.31158376E-04
   6.40000010        -1.33607609E-04
   6.51499987        -1.36084593E-04
   6.63000011        -1.38590054E-04
   6.74499989        -1.41124896E-04
   6.86000013        -1.43690195E-04
   6.97499990        -1.46287173E-04
   7.09000015        -1.48917126E-04
   7.20499992        -1.51581393E-04
   7.32000017        -1.54281253E-04
   7.43499994        -1.57017945E-04
   7.55000019        -1.59792660E-04
   7.66499996        -1.62606360E-04
   7.78000021        -1.65459962E-04
   7.89499998        -1.68354250E-04
   8.01000023        -1.71290027E-04
   8.12500000        -1.74267931E-04
   8.23999977        -1.77288646E-04
   8.35499954        -1.80352974E-04
   8.47000027        -1.83461758E-04
   8.58500004        -1.86615885E-04
   8.69999981        -1.89816506E-04
   8.81499958        -1.93064770E-04
   8.93000031        -1.96362016E-04
   9.04500008        -1.99709539E-04
   9.15999985        -2.03108764E-04
   9.27499962        -2.06561017E-04
   9.39000034        -2.10067534E-04
   9.50500011        -2.13629435E-04
   9.61999989        -2.17247696E-04
   9.73499966        -2.20923030E-04
   9.85000038        -2.24656018E-04
   9.96500015        -2.28447156E-04
   10.0799999        -2.32296734E-04
   10.1949997        -2.36204942E-04
   10.3100004        -2.40171939E-04
   10.4250002        -2.44198076E-04
   10.5400000        -2.48283643E-04
   10.6549997        -2.52428872E-04
   10.7700005        -2.56634259E-04
   10.8850002        -2.60900386E-04
   11.0000000        -2.65227747E-04
   11.1149998        -2.69616838E-04
   11.2299995        -2.74068327E-04
   11.3450003        -2.78582564E-04
   11.4600000        -2.83159869E-04
   11.5749998        -2.87800416E-04
   11.6899996        -2.92503944E-04
   11.8050003        -2.97270133E-04
   11.9200001        -3.02098226E-04
   12.0349998        -3.06987145E-04
   12.1499996        -3.11935844E-04
   12.2650003        -3.16942780E-04
   12.3800001        -3.22006352E-04
   12.4949999        -3.27124959E-04
   12.6099997        -3.32296942E-04
   12.7250004        -3.37520556E-04
   12.8400002        -3.42794083E-04
   12.9549999        -3.48115864E-04
   13.0699997        -3.53484094E-04
   13.1850004        -3.58897028E-04
   13.3000002        -3.64352687E-04
   13.4150000        -3.69849091E-04
   13.5299997        -3.75383766E-04
   13.6450005        -3.80954327E-04
   13.7600002        -3.86557833E-04
   13.8750000        -3.92191170E-04
   13.9899998        -3.97850876E-04
   14.1049995        -4.03533224E-04
   14.2200003        -4.09233995E-04
   14.3350000        -4.14949056E-04
   14.4499998        -4.20673867E-04
   14.5649996        -4.26403887E-04
   14.6800003        -4.32134548E-04
   14.7950001        -4.37861250E-04
   14.9099998        -4.43579600E-04
   15.0249996        -4.49284969E-04
   15.1400003        -4.54973255E-04
   15.2550001        -4.60640120E-04
   15.3699999        -4.66281199E-04
   15.4849997        -4.71892126E-04
   15.6000004        -4.77468362E-04
   15.7150002        -4.83005017E-04
   15.8299999        -4.88496968E-04
   15.9449997        -4.93938860E-04
   16.0599995        -4.99324931E-04
   16.1749992        -5.04649070E-04
   16.2900009        -5.09904872E-04
   16.4050007        -5.15085587E-04
   16.5200005        -5.20184170E-04
   16.6350002        -5.25193813E-04
   16.7500000        -5.30106830E-04
   16.8649998        -5.34916297E-04
   16.9799995        -5.39614994E-04
   17.0949993        -5.44195762E-04
   17.2099991        -5.48651675E-04
   17.3250008        -5.52975922E-04
   17.4400005        -5.57162159E-04
   17.5550003        -5.61203633E-04
   17.6700001        -5.65093884E-04
   17.7849998        -5.68826392E-04
   17.8999996        -5.72394812E-04
   18.0149994        -5.75792219E-04
   18.1299992        -5.79011859E-04
   18.2450008        -5.82046516E-04
   18.3600006        -5.84889029E-04
   18.4750004        -5.87531831E-04
   18.5900002        -5.89967414E-04
   18.7049999        -5.92188095E-04
   18.8199997        -5.94186014E-04
   18.9349995        -5.95953665E-04
   19.0499992        -5.97483246E-04
   19.1650009        -5.98767365E-04
   19.2800007        -5.99798863E-04
   19.3950005        -6.00570580E-04
   19.5100002        -6.01075939E-04
   19.6250000        -6.01308479E-04
   19.7399998        -6.01262029E-04
   19.8549995        -6.00930653E-04
   19.9699993        -6.00308587E-04
   20.0849991        -5.99390245E-04
   20.2000008        -5.98170212E-04
   20.3150005        -5.96642960E-04
   20.4300003        -5.94802957E-04
   20.5450001        -5.92644908E-04
   20.6599998        -5.90163283E-04
   20.7749996        -5.87352901E-04
   20.8899994        -5.84208523E-04
   21.0049992        -5.80725202E-04
   21.1200008        -5.76898048E-04
   21.2350006        -5.72722580E-04
   21.3500004        -5.68194431E-04
   21.4650002        -5.63309819E-04
   21.5799999        -5.58064901E-04
   21.6949997        -5.52456826E-04
   21.8099995        -5.46482683E-04
   21.9249992        -5.40140201E-04
   22.0400009        -5.33427228E-04
   22.1550007        -5.26342192E-04
   22.2700005        -5.18883870E-04
   22.3850002        -5.11051039E-04
   22.5000000        -5.02842828E-04
   22.6149998        -4.94258362E-04
   22.7299995        -4.85297176E-04
   22.8449993        -4.75958601E-04
   22.9599991        -4.66242083E-04
   23.0750008        -4.56147565E-04
   23.1900005        -4.45674494E-04
   23.3050003        -4.34823130E-04
   23.4200001        -4.23593359E-04
   23.5349998        -4.11985762E-04
   23.6499996        -4.00000717E-04
   23.7649994        -3.87638836E-04
   23.8799992        -3.74901167E-04
   23.9950008        -3.61788669E-04
   24.1100006        -3.48302769E-04
   24.2250004        -3.34445067E-04
   24.3400002        -3.20217310E-04
   24.4549999        -3.05621448E-04
   24.5699997        -2.90659693E-04
   24.6849995        -2.75334285E-04
   24.7999992        -2.59647612E-04
   24.9150009        -2.43602088E-04
   25.0300007        -2.27200275E-04
   25.1450005        -2.10444909E-04
   25.2600002        -1.93338085E-04
   25.3750000        -1.75882829E-04
   25.4899998        -1.58081617E-04
   25.6049995        -1.39937038E-04
   25.7199993        -1.21451827E-04
   25.8349991        -1.02628488E-04
   25.9500008        -8.34699313E-05
   26.0650005        -6.39783975E-05
   26.1800003        -4.41568263E-05
   26.2950001        -2.40074878E-05
   26.4099998        -3.53288488E-06
   26.5249996         1.72644650E-05
   26.6399994         3.83818115E-05
   26.7549992         5.98170154E-05
   26.8700008         8.15673266E-05
   26.9850006         1.03630460E-04
   27.1000004         1.26003695E-04
   27.2150002         1.48684921E-04
   27.3299999         1.71671607E-04
   27.4449997         1.94961234E-04
   27.5599995         2.18551577E-04
   27.6749992         2.42440437E-04
   27.7900009         2.66625750E-04
   27.9050007         2.91105272E-04
   28.0200005         3.15876940E-04
   28.1350002         3.40938801E-04
   28.2500000         3.66289198E-04
   28.3649998         3.91926151E-04
   28.4799995         4.17847798E-04
   28.5949993         4.44052712E-04
   28.7099991         4.70538565E-04
   28.8250008         4.97303670E-04
   28.9400005         5.24346018E-04
   29.0550003         5.51663339E-04
   29.1700001         5.79253363E-04
   29.2849998         6.07113179E-04
   29.3999996         6.35239761E-04
   29.5149994         6.63630082E-04
   29.6299992         6.92279777E-04
   29.7450008         7.21185002E-04
   29.8600006         7.50340871E-04
   29.9750004         7.79742317E-04
   30.0900002         8.09384510E-04
   30.2049999         8.39261338E-04
   30.3199997         8.69366457E-04
   30.4349995         8.99693696E-04
   30.5499992         9.30236420E-04
   30.6650009         9.60987411E-04
   30.7800007         9.91939567E-04
   30.8950005         1.02308451E-03
   31.0100002         1.05441432E-03
   31.1250000         1.08592038E-03
   31.2399998         1.11759303E-03
   31.3549995         1.14942202E-03
   31.4699993         1.18139712E-03
   31.5849991         1.21350598E-03
   31.7000008         1.24573684E-03
   31.8150005         1.27807586E-03
   31.9300003         1.31050928E-03
   32.0449982         1.34302082E-03
   32.1599998         1.37559487E-03
   32.2750015         1.40821387E-03
   32.3899994         1.44085952E-03
   32.5050011         1.47351262E-03
   32.6199989         1.50615303E-03
   32.7350006         1.53875945E-03
   32.8499985         1.57131045E-03
   32.9650002         1.60378322E-03
   33.0800018         1.63615355E-03
   33.1949997         1.66839769E-03
   33.3100014         1.70049025E-03
   33.4249992         1.73240528E-03
   33.5400009         1.76411495E-03
   33.6549988         1.79559225E-03
   33.7700005         1.82680739E-03
   33.8849983         1.85773091E-03
   34.0000000         1.88833196E-03
   34.1150017         1.91857864E-03
   34.2299995         1.94843882E-03
   34.3450012         1.97787839E-03
   34.4599991         2.00686301E-03
   34.5750008         2.03535822E-03
   34.6899986         2.06332747E-03
   34.8050003         2.09073513E-03
   34.9199982         2.11754395E-03
   35.0349998         2.14371760E-03
   35.1500015         2.16921838E-03
   35.2649994         2.19401042E-03
   35.3800011         2.21805414E-03
   35.4949989         2.24131392E-03
   35.6100006         2.26375181E-03
   35.7249985         2.28533056E-03
   35.8400002         2.30601244E-03
   35.9550018         2.32576113E-03
   36.0699997         2.34454055E-03
   36.1850014         2.36231321E-03
   36.2999992         2.37904279E-03
   36.4150009         2.39469367E-03
   36.5299988         2.40922999E-03
   36.6450005         2.42261635E-03
   36.7599983         2.43481738E-03
   36.8750000         2.44579883E-03
   36.9900017         2.45552603E-03
   37.1049995         2.46396521E-03
   37.2200012         2.47108284E-03
   37.3349991         2.47684633E-03
   37.4500008         2.48122355E-03
   37.5649986         2.48418399E-03
   37.6800003         2.48569646E-03
   37.7949982         2.48573162E-03
   37.9099998         2.48426083E-03
   38.0250015         2.48125591E-03
   38.1399994         2.47668941E-03
   38.2550011         2.47053523E-03
   38.3699989         2.46276800E-03
   38.4850006         2.45336210E-03
   38.5999985         2.44229473E-03
   38.7150002         2.42954213E-03
   38.8300018         2.41508172E-03
   38.9449997         2.39889254E-03
   39.0600014         2.38095247E-03
   39.1749992         2.36124126E-03
   39.2900009         2.33973889E-03
   39.4049988         2.31642602E-03
   39.5200005         2.29128310E-03
   39.6349983         2.26429245E-03
   39.7500000         2.23543588E-03
   39.8650017         2.20469479E-03
   39.9799995         2.17205333E-03
   40.0950012         2.13749404E-03
   40.2099991         2.10100133E-03
   40.3250008         2.06255913E-03
   40.4399986         2.02215137E-03
   40.5550003         1.97976315E-03
   40.6699982         1.93537958E-03
   40.7849998         1.88898668E-03
   40.9000015         1.84056989E-03
   41.0149994         1.79011526E-03
   41.1300011         1.73760927E-03
   41.2449989         1.68303750E-03
   41.3600006         1.62638654E-03
   41.4749985         1.56764174E-03
   41.5900002         1.50678912E-03
   41.7050018         1.44381484E-03
   41.8199997         1.37870410E-03
   41.9350014         1.31144188E-03
   42.0499992         1.24201423E-03
   42.1650009         1.17040472E-03
   42.2799988         1.09659857E-03
   42.3950005         1.02057995E-03
   42.5099983         9.42332787E-04
   42.6250000         8.61842535E-04
   42.7400017         7.79094175E-04
   42.8549995         6.94071758E-04
   42.9700012         6.06760732E-04
   43.0849991         5.17146313E-04
   43.2000008         4.25214996E-04
   43.3149986         3.30951880E-04
   43.4300003         2.34343694E-04
   43.5449982         1.35377282E-04
   43.6599998         3.40386759E-05
   43.7750015        -6.96843490E-05
   43.8899994        -1.75804948E-04
   44.0050011        -2.84335809E-04
   44.1199989        -3.95289389E-04
   44.2350006        -5.08676516E-04
   44.3499985        -6.24509936E-04
   44.4650002        -7.42799661E-04
   44.5800018        -8.63557798E-04
   44.6949997        -9.86793195E-04
   44.8100014        -1.11251615E-03
   44.9249992        -1.24073320E-03
   45.0400009        -1.37145130E-03
   45.1549988        -1.50467479E-03
   45.2700005        -1.64040783E-03
   45.3849983        -1.77865103E-03
   45.5000000        -1.91940437E-03
   45.6150017        -2.06266739E-03
   45.7299995        -2.20843405E-03
   45.8450012        -2.35669734E-03
   45.9599991        -2.50744959E-03
   46.0750008        -2.66068080E-03
   46.1899986        -2.81637814E-03
   46.3050003        -2.97452603E-03
   46.4199982        -3.13510839E-03
   46.5349998        -3.29810660E-03
   46.6500015        -3.46349855E-03
   46.7649994        -3.63126118E-03
   46.8800011        -3.80136818E-03
   46.9949989        -3.97379138E-03
   47.1100006        -4.14849771E-03
   47.2249985        -4.32545319E-03
   47.3400002        -4.50461823E-03
   47.4550018        -4.68595279E-03
   47.5699997        -4.86940984E-03
   47.6850014        -5.05494233E-03
   47.7999992        -5.24249626E-03
   47.9150009        -5.43201575E-03
   48.0299988        -5.62344072E-03
   48.1450005        -5.81670739E-03
   48.2599983        -6.01174636E-03
   48.3750000        -6.20849011E-03
   48.4900017        -6.40685949E-03
   48.6049995        -6.60677906E-03
   48.7200012        -6.80816593E-03
   48.8349991        -7.01093301E-03
   48.9500008        -7.21499231E-03
   49.0649986        -7.42025021E-03
   49.1800003        -7.62661267E-03
   49.2949982        -7.83397723E-03
   49.4099998        -8.04223958E-03
   49.5250015        -8.25129449E-03
   49.6399994        -8.46102927E-03
   49.7550011        -8.67133029E-03
   49.8699989        -8.88207648E-03
   49.9850006        -9.09314863E-03
   50.0999985        -9.30441730E-03
   50.2150002        -9.51575302E-03
   50.3300018        -9.72702168E-03
   50.4449997        -9.93808918E-03
   50.5600014        -1.01488149E-02
   50.6749992        -1.03590535E-02
   50.7900009        -1.05686607E-02
   50.9049988        -1.07774865E-02
   51.0200005        -1.09853819E-02
   51.1349983        -1.11921905E-02
   51.2500000        -1.13977566E-02
   51.3650017        -1.16019240E-02
   51.4799995        -1.18045295E-02
   51.5950012        -1.20054111E-02
   51.7099991        -1.22044049E-02
   51.8250008        -1.24013470E-02
   51.9399986        -1.25960670E-02
   52.0550003        -1.27883991E-02
   52.1699982        -1.29781738E-02
   52.2849998        -1.31652188E-02
   52.4000015        -1.33493645E-02
   52.5149994        -1.35304360E-02
   52.6300011        -1.37082664E-02
   52.7449989        -1.38826836E-02
   52.8600006        -1.40535142E-02
   52.9749985        -1.42205842E-02
   53.0900002        -1.43837323E-02
   53.2050018        -1.45427752E-02
   53.3199997        -1.46975555E-02
   53.4350014        -1.48478970E-02
   53.5499992        -1.49936369E-02
   53.6650009        -1.51346056E-02
   53.7799988        -1.52706420E-02
   53.8950005        -1.54015822E-02
   54.0099983        -1.55272642E-02
   54.1250000        -1.56475324E-02
   54.2400017        -1.57622285E-02
   54.3549995        -1.58712026E-02
   54.4700012        -1.59743000E-02
   54.5849991        -1.60713829E-02
   54.7000008        -1.61623023E-02
   54.8149986        -1.62469205E-02
   54.9300003        -1.63251013E-02
   55.0449982        -1.63967106E-02
   55.1599998        -1.64616201E-02
   55.2750015        -1.65197030E-02
   55.3899994        -1.65708326E-02
   55.5050011        -1.66148953E-02
   55.6199989        -1.66517776E-02
   55.7350006        -1.66813657E-02
   55.8499985        -1.67035572E-02
   55.9650002        -1.67182460E-02
   56.0800018        -1.67253390E-02
   56.1949997        -1.67247448E-02
   56.3100014        -1.67163759E-02
   56.4249992        -1.67001523E-02
   56.5400009        -1.66760013E-02
   56.6549988        -1.66438464E-02
   56.7700005        -1.66036282E-02
   56.8849983        -1.65552907E-02
   57.0000000        -1.64987780E-02
   57.1150017        -1.64340492E-02
   57.2299995        -1.63610578E-02
   57.3450012        -1.62797756E-02
   57.4599991        -1.61901750E-02
   57.5750008        -1.60922371E-02
   57.6899986        -1.59859452E-02
   57.8050003        -1.58712883E-02
   57.9199982        -1.57482699E-02
   58.0349998        -1.56168863E-02
   58.1500015        -1.54771553E-02
   58.2649994        -1.53290834E-02
   58.3800011        -1.51727013E-02
   58.4949989        -1.50080323E-02
   58.6100006        -1.48351137E-02
   58.7249985        -1.46539891E-02
   58.8400002        -1.44647053E-02
   58.9550018        -1.42673226E-02
   59.0699997        -1.40619064E-02
   59.1850014        -1.38485273E-02
   59.2999992        -1.36272712E-02
   59.4150009        -1.33982254E-02
   59.5299988        -1.31614879E-02
   59.6450005        -1.29171582E-02
   59.7599983        -1.26653556E-02
   59.8750000        -1.24061955E-02
   59.9900017        -1.21398000E-02
   60.1049995        -1.18663041E-02
   60.2200012        -1.15858447E-02
   60.3349991        -1.12985633E-02
   60.4500008        -1.10046128E-02
   60.5649986        -1.07041476E-02
   60.6800003        -1.03973327E-02
   60.7949982        -1.00843403E-02
   60.9099998        -9.76534560E-03
   61.0250015        -9.44053475E-03
   61.1399994        -9.11009870E-03
   61.2550011        -8.77423957E-03
   61.3699989        -8.43315944E-03
   61.4850006        -8.08707438E-03
   61.5999985        -7.73620512E-03
   61.7150002        -7.38077983E-03
   61.8300018        -7.02103227E-03
   61.9449997        -6.65719621E-03
   62.0600014        -6.28952123E-03
   62.1749992        -5.91825228E-03
   62.2900009        -5.54364361E-03
   62.4049988        -5.16595459E-03
   62.5200005        -4.78544086E-03
   62.6349983        -4.40237112E-03
   62.7500000        -4.01700800E-03
   62.8650017        -3.62962345E-03
   62.9799995        -3.24048894E-03
   63.0950012        -2.84988503E-03
   63.2099991        -2.45809206E-03
   63.3250008        -2.06538779E-03
   63.4399986        -1.67206000E-03
   63.5550003        -1.27839902E-03
   63.6699982        -8.84692185E-04
   63.7849998        -4.91232146E-04
   63.9000015        -9.83099453E-05
   64.0149994         2.93776859E-04
   64.1299973         6.84739556E-04
   64.2450027         1.07428292E-03
   64.3600006         1.46211730E-03
   64.4749985         1.84795214E-03
   64.5899963         2.23150104E-03
   64.7050018         2.61247926E-03
   64.8199997         2.99060601E-03
   64.9349976         3.36560491E-03
   65.0500031         3.73720564E-03
   65.1650009         4.10513626E-03
   65.2799988         4.46913159E-03
   65.3949966         4.82893363E-03
   65.5100021         5.18428348E-03
   65.6250000         5.53492922E-03
   65.7399979         5.88063244E-03
   65.8550034         6.22115098E-03
   65.9700012         6.55625388E-03
   66.0849991         6.88571390E-03
   66.1999969         7.20930751E-03
   66.3150024         7.52682891E-03
   66.4300003         7.83807039E-03
   66.5449982         8.14284198E-03
   66.6600037         8.44095554E-03
   66.7750015         8.73223599E-03
   66.8899994         9.01652407E-03
   67.0049973         9.29365680E-03
   67.1200027         9.56348982E-03
   67.2350006         9.82589182E-03
   67.3499985         1.00807324E-02
   67.4649963         1.03278980E-02
   67.5800018         1.05672795E-02
   67.6949997         1.07987868E-02
   67.8099976         1.10223293E-02
   67.9250031         1.12378327E-02
   68.0400009         1.14452336E-02
   68.1549988         1.16444752E-02
   68.2699966         1.18355118E-02
   68.3850021         1.20183118E-02
   68.5000000         1.21928472E-02
   68.6149979         1.23591116E-02
   68.7300034         1.25170937E-02
   68.8450012         1.26668038E-02
   68.9599991         1.28082521E-02
   69.0749969         1.29414666E-02
   69.1900024         1.30664790E-02
   69.3050003         1.31833311E-02
   69.4199982         1.32920714E-02
   69.5350037         1.33927520E-02
   69.6500015         1.34854428E-02
   69.7649994         1.35702174E-02
   69.8799973         1.36471419E-02
   69.9950027         1.37163047E-02
   70.1100006         1.37777952E-02
   70.2249985         1.38317030E-02
   70.3399963         1.38781331E-02
   70.4550018         1.39171872E-02
   70.5699997         1.39489770E-02
   70.6849976         1.39736170E-02
   70.8000031         1.39912199E-02
   70.9150009         1.40019096E-02
   71.0299988         1.40058026E-02
   71.1449966         1.40030263E-02
   71.2600021         1.39937047E-02
   71.3750000         1.39779607E-02
   71.4899979         1.39559200E-02
   71.6050034         1.39277093E-02
   71.7200012         1.38934534E-02
   71.8349991         1.38532743E-02
   71.9499969         1.38072949E-02
   72.0650024         1.37556326E-02
   72.1800003         1.36984140E-02
   72.2949982         1.36357509E-02
   72.4100037         1.35677550E-02
   72.5250015         1.34945437E-02
   72.6399994         1.34162260E-02
   72.7549973         1.33329052E-02
   72.8700027         1.32446922E-02
   72.9850006         1.31516764E-02
   73.0999985         1.30539574E-02
   73.2149963         1.29516339E-02
   73.3300018         1.28447935E-02
   73.4449997         1.27335135E-02
   73.5599976         1.26178814E-02
   73.6750031         1.24979699E-02
   73.7900009         1.23738544E-02
   73.9049988         1.22455861E-02
   74.0199966         1.21132387E-02
   74.1350021         1.19768642E-02
   74.2500000         1.18365176E-02
   74.3649979         1.16922418E-02
   74.4800034         1.15440814E-02
   74.5950012         1.13920756E-02
   74.7099991         1.12362625E-02
   74.8249969         1.10766757E-02
   74.9400024         1.09133460E-02
   75.0550003         1.07462993E-02
   75.1699982         1.05755590E-02
   75.2850037         1.04011558E-02
   75.4000015         1.02231000E-02
   75.5149994         1.00414185E-02
   75.6299973         9.85612255E-03
   75.7450027         9.66723263E-03
   75.8600006         9.47475992E-03
   75.9749985         9.27871559E-03
   76.0899963         9.07910988E-03
   76.2050018         8.87595396E-03
   76.3199997         8.66925530E-03
   76.4349976         8.45902227E-03
   76.5500031         8.24526325E-03
   76.6650009         8.02798849E-03
   76.7799988         7.80720776E-03
   76.8949966         7.58292852E-03
   77.0100021         7.35516148E-03
   77.1250000         7.12392386E-03
   77.2399979         6.88923243E-03
   77.3550034         6.65109465E-03
   77.4700012         6.40953984E-03
   77.5849991         6.16458524E-03
   77.6999969         5.91626205E-03
   77.8150024         5.66458981E-03
   77.9300003         5.40960487E-03
   78.0449982         5.15133748E-03
   78.1600037         4.88983048E-03
   78.2750015         4.62512393E-03
   78.3899994         4.35725413E-03
   78.5049973         4.08626348E-03
   78.6200027         3.81220132E-03
   78.7350006         3.53511330E-03
   78.8499985         3.25505249E-03
   78.9649963         2.97207385E-03
   79.0800018         2.68623047E-03
   79.1949997         2.39758380E-03
   79.3099976         2.10619625E-03
   79.4250031         1.81213394E-03
   79.5400009         1.51545741E-03
   79.6549988         1.21624488E-03
   79.7699966         9.14568081E-04
   79.8850021         6.10499643E-04
   80.0000000         3.04118730E-04
   80.1149979        -4.49363142E-06
   80.2300034        -3.15253623E-04
   80.3450012        -6.28072768E-04
   80.4599991        -9.42870975E-04
   80.5749969        -1.25955790E-03
   80.6900024        -1.57804415E-03
   80.8050003        -1.89823844E-03
   80.9199982        -2.22005602E-03
   81.0350037        -2.54339632E-03
   81.1500015        -2.86816992E-03
   81.2649994        -3.19428369E-03
   81.3799973        -3.52163333E-03
   81.4950027        -3.85013875E-03
   81.6100006        -4.17969190E-03
   81.7249985        -4.51020617E-03
   81.8399963        -4.84157912E-03
   81.9550018        -5.17371669E-03
   82.0699997        -5.50651457E-03
   82.1849976        -5.83987590E-03
   82.3000031        -6.17369451E-03
   82.4150009        -6.50788378E-03
   82.5299988        -6.84232917E-03
   82.6449966        -7.17693567E-03
   82.7600021        -7.51160085E-03
   82.8750000        -7.84622133E-03
   82.9899979        -8.18069372E-03
   83.1050034        -8.51491652E-03
   83.2200012        -8.84878263E-03
   83.3349991        -9.18219611E-03
   83.4499969        -9.51505452E-03
   83.5650024        -9.84725729E-03
   83.6800003        -1.01787001E-02
   83.7949982        -1.05092824E-02
   83.9100037        -1.08389035E-02
   84.0250015        -1.11674666E-02
   84.1399994        -1.14948647E-02
   84.2549973        -1.18209999E-02
   84.3700027        -1.21457800E-02
   84.4850006        -1.24690868E-02
   84.5999985        -1.27908420E-02
   84.7149963        -1.31109338E-02
   84.8300018        -1.34292683E-02
   84.9449997        -1.37457354E-02
   85.0599976        -1.40602412E-02
   85.1750031        -1.43726878E-02
   85.2900009        -1.46829728E-02
   85.4049988        -1.49909947E-02
   85.5199966        -1.52966585E-02
   85.6350021        -1.55998627E-02
   85.7500000        -1.59005113E-02
   85.8649979        -1.61985103E-02
   85.9800034        -1.64937600E-02
   86.0950012        -1.67861655E-02
   86.2099991        -1.70756336E-02
   86.3249969        -1.73620693E-02
   86.4400024        -1.76453777E-02
   86.5550003        -1.79254748E-02
   86.6699982        -1.82022676E-02
   86.7850037        -1.84756685E-02
   86.9000015        -1.87455863E-02
   87.0149994        -1.90119389E-02
   87.1299973        -1.92746390E-02
   87.2450027        -1.95336118E-02
   87.3600006        -1.97887626E-02
   87.4749985        -2.00400241E-02
   87.5899963        -2.02873051E-02
   87.7050018        -2.05305424E-02
   87.8199997        -2.07696445E-02
   87.9349976        -2.10045483E-02
   88.0500031        -2.12351754E-02
   88.1650009        -2.14614570E-02
   88.2799988        -2.16833148E-02
   88.3949966        -2.19006911E-02
   88.5100021        -2.21135225E-02
   88.6250000        -2.23217420E-02
   88.7399979        -2.25252844E-02
   88.8550034        -2.27241032E-02
   88.9700012        -2.29181312E-02
   89.0849991        -2.31073182E-02
   89.1999969        -2.32916139E-02
   89.3150024        -2.34709680E-02
   89.4300003        -2.36453377E-02
   89.5449982        -2.38146689E-02
   89.6600037        -2.39789113E-02
   89.7750015        -2.41380241E-02
   89.8899994        -2.42919661E-02
   90.0049973        -2.44406871E-02
   90.1200027        -2.45841369E-02
   90.2350006        -2.47222763E-02
   90.3499985        -2.48550586E-02
   90.4649963        -2.49824524E-02
   90.5800018        -2.51044109E-02
   90.6949997        -2.52208933E-02
   90.8099976        -2.53318697E-02
   90.9250031        -2.54372954E-02
   91.0400009        -2.55371407E-02
   91.1549988        -2.56313682E-02
   91.2699966        -2.57199593E-02
   91.3850021        -2.58028693E-02
   91.5000000        -2.58800760E-02
   91.6149979        -2.59515531E-02
   91.7300034        -2.60172728E-02
   91.8450012        -2.60771997E-02
   91.9599991        -2.61313282E-02
   92.0749969        -2.61796154E-02
   92.1900024        -2.62220390E-02
   92.3050003        -2.62585692E-02
   92.4199982        -2.62891967E-02
   92.5350037        -2.63138898E-02
   92.6500015        -2.63326261E-02
   92.7649994        -2.63453908E-02
   92.8799973        -2.63521578E-02
   92.9950027        -2.63529159E-02
   93.1100006        -2.63476484E-02
   93.2249985        -2.63363421E-02
   93.3399963        -2.63189860E-02
   93.4550018        -2.62955688E-02
   93.5699997        -2.62660794E-02
   93.6849976        -2.62305140E-02
   93.8000031        -2.61888616E-02
   93.9150009        -2.61411294E-02
   94.0299988        -2.60872990E-02
   94.1449966        -2.60273702E-02
   94.2600021        -2.59613413E-02
   94.3750000        -2.58891992E-02
   94.4899979        -2.58109495E-02
   94.6050034        -2.57265847E-02
   94.7200012        -2.56360993E-02
   94.8349991        -2.55394969E-02
   94.9499969        -2.54367795E-02
   95.0650024        -2.53279377E-02
   95.1800003        -2.52129808E-02
   95.2949982        -2.50919014E-02
   95.4100037        -2.49646977E-02
   95.5250015        -2.48313770E-02
   95.6399994        -2.46919282E-02
   95.7549973        -2.45463438E-02
   95.8700027        -2.43946165E-02
   95.9850006        -2.42367350E-02
   96.0999985        -2.40726918E-02
   96.2149963        -2.39024721E-02
   96.3300018        -2.37260647E-02
   96.4449997        -2.35434510E-02
   96.5599976        -2.33546048E-02
   96.6750031        -2.31595132E-02
   96.7900009        -2.29581501E-02
   96.9049988        -2.27504857E-02
   97.0199966        -2.25364901E-02
   97.1350021        -2.23161206E-02
   97.2500000        -2.20893528E-02
   97.3649979        -2.18561348E-02
   97.4800034        -2.16164254E-02
   97.5950012        -2.13701669E-02
   97.7099991        -2.11173072E-02
   97.8249969        -2.08577774E-02
   97.9400024        -2.05915160E-02
   98.0550003        -2.03184430E-02
   98.1699982        -2.00384781E-02
   98.2850037        -1.97515450E-02
   98.4000015        -1.94575489E-02
   98.5149994        -1.91564113E-02
   98.6299973        -1.88480392E-02
   98.7450027        -1.85323395E-02
   98.8600006        -1.82092246E-02
   98.9749985        -1.78785920E-02
   99.0899963        -1.75403580E-02
   99.2050018        -1.71944164E-02
   99.3199997        -1.68406665E-02
   99.4349976        -1.64790116E-02
   99.5500031        -1.61093548E-02
   99.6650009        -1.57315973E-02
   99.7799988        -1.53456293E-02
   99.8949966        -1.49513530E-02
   100.010002        -1.45486780E-02
   100.125000        -1.41375046E-02
   100.239998        -1.37177445E-02
   100.355003        -1.32893082E-02
   100.470001        -1.28521156E-02
   100.584999        -1.24060968E-02
   100.699997        -1.19511848E-02
   100.815002        -1.14873210E-02
   100.930000        -1.10144690E-02
   101.044998        -1.05325878E-02
   101.160004        -1.00416578E-02
   101.275002        -9.54166707E-03
   101.389999        -9.03262198E-03
   101.504997        -8.51452630E-03
   101.620003        -7.98740983E-03
   101.735001        -7.45131122E-03
   101.849998        -6.90628774E-03
   101.964996        -6.35241531E-03
   102.080002        -5.78978006E-03
   102.195000        -5.21847652E-03
   102.309998        -4.63862857E-03
   102.425003        -4.05037170E-03
   102.540001        -3.45385820E-03
   102.654999        -2.84926500E-03
   102.769997        -2.23678071E-03
   102.885002        -1.61661720E-03
   103.000000        -9.89008695E-04
   103.114998        -3.54204327E-04
   103.230003         2.87515111E-04
   103.345001         9.35853459E-04
   103.459999         1.59049872E-03
   103.574997         2.25111051E-03
   103.690002         2.91733351E-03
   103.805000         3.58879659E-03
   103.919998         4.26510395E-03
   104.035004         4.94583743E-03
   104.150002         5.63056301E-03
   104.264999         6.31884160E-03
   104.379997         7.01019401E-03
   104.495003         7.70414528E-03
   104.610001         8.40019435E-03
   104.724998         9.09782574E-03
   104.839996         9.79650766E-03
   104.955002         1.04956999E-02
   105.070000         1.11948438E-02
   105.184998         1.18933609E-02
   105.300003         1.25906691E-02
   105.415001         1.32861827E-02
   105.529999         1.39792887E-02
   105.644997         1.46693774E-02
   105.760002         1.53558161E-02
   105.875000         1.60379782E-02
   105.989998         1.67152248E-02
   106.105003         1.73869208E-02
   106.220001         1.80524308E-02
   106.334999         1.87111031E-02
   106.449997         1.93622913E-02
   106.565002         2.00053565E-02
   106.680000         2.06396431E-02
   106.794998         2.12645270E-02
   106.910004         2.18793582E-02
   107.025002         2.24835053E-02
   107.139999         2.30763424E-02
   107.254997         2.36572530E-02
   107.370003         2.42256243E-02
   107.485001         2.47808583E-02
   107.599998         2.53223665E-02
   107.714996         2.58495752E-02
   107.830002         2.63619237E-02
   107.945000         2.68588569E-02
   108.059998         2.73398533E-02
   108.175003         2.78043933E-02
   108.290001         2.82519888E-02
   108.404999         2.86821555E-02
   108.519997         2.90944427E-02
   108.635002         2.94883996E-02
   108.750000         2.98636369E-02
   108.864998         3.02197412E-02
   108.980003         3.05563398E-02
   109.095001         3.08730993E-02
   109.209999         3.11696865E-02
   109.324997         3.14458087E-02
   109.440002         3.17011885E-02
   109.555000         3.19355913E-02
   109.669998         3.21487896E-02
   109.785004         3.23405936E-02
   109.900002         3.25108320E-02
   110.014999         3.26593928E-02
   110.129997         3.27861421E-02
   110.245003         3.28910127E-02
   110.360001         3.29739489E-02
   110.474998         3.30349244E-02
   110.589996         3.30739468E-02
   110.705002         3.30910459E-02
   110.820000         3.30862775E-02
   110.934998         3.30597311E-02
   111.050003         3.30115110E-02
   111.165001         3.29417512E-02
   111.279999         3.28506269E-02
   111.394997         3.27383131E-02
   111.510002         3.26050185E-02
   111.625000         3.24509889E-02
   111.739998         3.22764739E-02
   111.855003         3.20817530E-02
   111.970001         3.18671428E-02
   112.084999         3.16329561E-02
   112.199997         3.13795581E-02
   112.315002         3.11072972E-02
   112.430000         3.08165774E-02
   112.544998         3.05077992E-02
   112.660004         3.01814005E-02
   112.775002         2.98378319E-02
   112.889999         2.94775572E-02
   113.004997         2.91010551E-02
   113.120003         2.87088249E-02
   113.235001         2.83013880E-02
   113.349998         2.78792568E-02
   113.464996         2.74429787E-02
   113.580002         2.69931052E-02
   113.695000         2.65301969E-02
   113.809998         2.60548219E-02
   113.925003         2.55675539E-02
   114.040001         2.50689890E-02
   114.154999         2.45597158E-02
   114.269997         2.40403432E-02
   114.385002         2.35114805E-02
   114.500000         2.29737423E-02
   114.614998         2.24277489E-02
   114.730003         2.18741260E-02
   114.845001         2.13135015E-02
   114.959999         2.07465068E-02
   115.074997         2.01737769E-02
   115.190002         1.95959471E-02
   115.305000         1.90136526E-02
   115.419998         1.84275303E-02
   115.535004         1.78382099E-02
   115.650002         1.72463208E-02
   115.764999         1.66524891E-02
   115.879997         1.60573386E-02
   115.995003         1.54614812E-02
   116.110001         1.48655269E-02
   116.224998         1.42700756E-02
   116.339996         1.36757195E-02
   116.455002         1.30830519E-02
   116.570000         1.24926418E-02
   116.684998         1.19050546E-02
   116.800003         1.13208555E-02
   116.915001         1.07405810E-02
   117.029999         1.01647768E-02
   117.144997         9.59395897E-03
   117.260002         9.02864151E-03
   117.375000         8.46932642E-03
   117.489998         7.91649707E-03
   117.605003         7.37062888E-03
   117.720001         6.83217682E-03
   117.834999         6.30158512E-03
   117.949997         5.77927241E-03
   118.065002         5.26565500E-03
   118.180000         4.76112356E-03
   118.294998         4.26605344E-03
   118.410004         3.78079806E-03
   118.525002         3.30569502E-03
   118.639999         2.84107123E-03
   118.754997         2.38722935E-03
   118.870003         1.94444694E-03
   118.985001         1.51299033E-03
   119.099998         1.09309889E-03
   119.214996         6.85000792E-04
   119.330002         2.88899057E-04
   119.445000        -9.50219110E-05
   119.559998        -4.66591679E-04
   119.675003        -8.25664960E-04
   119.790001        -1.17210392E-03
   119.904999        -1.50578469E-03
   120.019997        -1.82660809E-03
   120.135002        -2.13449076E-03
   120.250000        -2.42936332E-03
   120.364998        -2.71118013E-03
   120.480003        -2.97990441E-03
   120.595001        -3.23552033E-03
   120.709999        -3.47803021E-03
   120.824997        -3.70744476E-03
   120.940002        -3.92380124E-03
   121.055000        -4.12715087E-03
   121.169998        -4.31755511E-03
   121.285004        -4.49509360E-03
   121.400002        -4.65985993E-03
   121.514999        -4.81197052E-03
   121.629997        -4.95153060E-03
   121.745003        -5.07868547E-03
   121.860001        -5.19356970E-03
   121.974998        -5.29633649E-03
   122.089996        -5.38714090E-03
   122.205002        -5.46616549E-03
   122.320000        -5.53357974E-03
   122.434998        -5.58957178E-03
   122.550003        -5.63432556E-03
   122.665001        -5.66805247E-03
   122.779999        -5.69094811E-03
   122.894997        -5.70323505E-03
   123.010002        -5.70513634E-03
   123.125000        -5.69688622E-03
   123.239998        -5.67871891E-03
   123.355003        -5.65087376E-03
   123.470001        -5.61360596E-03
   123.584999        -5.56718465E-03
   123.699997        -5.51186176E-03
   123.815002        -5.44790085E-03
   123.930000        -5.37557388E-03
   124.044998        -5.29514998E-03
   124.160004        -5.20691834E-03
   124.275002        -5.11114951E-03
   124.389999        -5.00812428E-03
   124.504997        -4.89811134E-03
   124.620003        -4.78141243E-03
   124.735001        -4.65830183E-03
   124.849998        -4.52906033E-03
   124.964996        -4.39398689E-03
   125.080002        -4.25337534E-03
   125.195000        -4.10751207E-03
   125.309998        -3.95670813E-03
   125.425003        -3.80126061E-03
   125.540001        -3.64147755E-03
   125.654999        -3.47766513E-03
   125.769997        -3.31014022E-03
   125.885002        -3.13921017E-03
   126.000000        -2.96518928E-03
   126.114998        -2.78839096E-03
   126.230003        -2.60914024E-03
   126.345001        -2.42774677E-03
   126.459999        -2.24452699E-03
   126.574997        -2.05979403E-03
   126.690002        -1.87387376E-03
   126.805000        -1.68707175E-03
   126.919998        -1.49970944E-03
   127.035004        -1.31210196E-03
   127.150002        -1.12456607E-03
   127.264999        -9.37419361E-04
   127.379997        -7.50969746E-04
   127.495003        -5.65533061E-04
   127.610001        -3.81414080E-04
   127.724998        -1.98913505E-04
   127.839996        -1.83377415E-05
   127.955002         1.60022872E-04
   128.070007         3.35880555E-04
   128.184998         5.08953119E-04
   128.300003         6.78969081E-04
   128.414993         8.45665345E-04
   128.529999         1.00878649E-03
   128.645004         1.16808410E-03
   128.759995         1.32332696E-03
   128.875000         1.47428922E-03
   128.990005         1.62074831E-03
   129.104996         1.76251400E-03
   129.220001         1.89938815E-03
   129.335007         2.03118008E-03
   129.449997         2.15773471E-03
   129.565002         2.27890676E-03
   129.679993         2.39454443E-03
   129.794998         2.50454526E-03
   129.910004         2.60880031E-03
   130.024994         2.70723226E-03
   130.139999         2.79978057E-03
   130.255005         2.88641360E-03
   130.369995         2.96710804E-03
   130.485001         3.04186391E-03
   130.600006         3.11069237E-03
   130.714996         3.17364931E-03
   130.830002         3.23078455E-03
   130.945007         3.28218145E-03
   131.059998         3.32793267E-03
   131.175003         3.36816255E-03
   131.289993         3.40299541E-03
   131.404999         3.43258353E-03
   131.520004         3.45708895E-03
   131.634995         3.47669655E-03
   131.750000         3.49161169E-03
   131.865005         3.50204110E-03
   131.979996         3.50824324E-03
   132.095001         3.51046072E-03
   132.210007         3.50897107E-03
   132.324997         3.50406347E-03
   132.440002         3.49605083E-03
   132.554993         3.48525774E-03
   132.669998         3.47203529E-03
   132.785004         3.45672481E-03
   132.899994         3.43969418E-03
   133.014999         3.42131127E-03
   133.130005         3.40195606E-03
   133.244995         3.38200200E-03
   133.360001         3.36183049E-03
   133.475006         3.34182754E-03
   133.589996         3.32237408E-03
   133.705002         3.30386497E-03
   133.820007         3.28667369E-03
   133.934998         3.27119883E-03
   134.050003         3.25780641E-03
   134.164993         3.24689876E-03
   134.279999         3.23885866E-03
   134.395004         3.23406607E-03
   134.509995         3.23291402E-03
   134.625000         3.23577318E-03
   134.740005         3.24301887E-03
   134.854996         3.25500406E-03
   134.970001         3.27210221E-03
   135.085007         3.29464767E-03
   135.199997         3.32297571E-03
   135.315002         3.35740205E-03
   135.429993         3.39823496E-03
   135.544998         3.44574917E-03
   135.660004         3.50020546E-03
   135.774994         3.56186368E-03
   135.889999         3.63095570E-03
   136.005005         3.70769389E-03
   136.119995         3.79227102E-03
   136.235001         3.88486730E-03
   136.350006         3.98565456E-03
   136.464996         4.09478089E-03
   136.580002         4.21238691E-03
   136.695007         4.33859322E-03
   136.809998         4.47349250E-03
   136.925003         4.61717322E-03
   137.039993         4.76970198E-03
   137.154999         4.93112300E-03
   137.270004         5.10144746E-03
   137.384995         5.28068701E-03
   137.500000         5.46881882E-03
   137.615005         5.66578424E-03
   137.729996         5.87153295E-03
   137.845001         6.08596578E-03
   137.960007         6.30898215E-03
   138.074997         6.54045865E-03
   138.190002         6.78023882E-03
   138.304993         7.02815317E-03
   138.419998         7.28402846E-03
   138.535004         7.54765887E-03
   138.649994         7.81882741E-03
   138.764999         8.09730217E-03
   138.880005         8.38282425E-03
   138.994995         8.67512450E-03
   139.110001         8.97392537E-03
   139.225006         9.27890930E-03
   139.339996         9.58975591E-03
   139.455002         9.90612619E-03
   139.570007         1.02276523E-02
   139.684998         1.05539681E-02
   139.800003         1.08846817E-02
   139.914993         1.12193795E-02
   140.029999         1.15576461E-02
   140.145004         1.18990466E-02
   140.259995         1.22431358E-02
   140.375000         1.25894621E-02
   140.490005         1.29375681E-02
   140.604996         1.32869752E-02
   140.720001         1.36372019E-02
   140.835007         1.39877554E-02
   140.949997         1.43381488E-02
   141.065002         1.46878641E-02
   141.179993         1.50363864E-02
   141.294998         1.53831933E-02
   141.410004         1.57277472E-02
   141.524994         1.60695203E-02
   141.639999         1.64079517E-02
   141.755005         1.67425126E-02
   141.869995         1.70726348E-02
   141.985001         1.73977744E-02
   142.100006         1.77173726E-02
   142.214996         1.80308782E-02
   142.330002         1.83377415E-02
   142.445007         1.86374336E-02
   142.559998         1.89294070E-02
   142.675003         1.92131475E-02
   142.789993         1.94881335E-02
   142.904999         1.97538454E-02
   143.020004         2.00097933E-02
   143.134995         2.02554762E-02
   143.250000         2.04904191E-02
   143.365005         2.07141209E-02
   143.479996         2.09261160E-02
   143.595001         2.11259499E-02
   143.710007         2.13131532E-02
   143.824997         2.14873068E-02
   143.940002         2.16479786E-02
   144.054993         2.17947550E-02
   144.169998         2.19272524E-02
   144.285004         2.20451020E-02
   144.399994         2.21479535E-02
   144.514999         2.22354904E-02
   144.630005         2.23073997E-02
   144.744995         2.23634094E-02
   144.860001         2.24032793E-02
   144.975006         2.24267673E-02
   145.089996         2.24336758E-02
   145.205002         2.24238317E-02
   145.320007         2.23970711E-02
   145.434998         2.23532803E-02
   145.550003         2.22923160E-02
   145.664993         2.22141035E-02
   145.779999         2.21185647E-02
   145.895004         2.20056586E-02
   146.009995         2.18753442E-02
   146.125000         2.17276476E-02
   146.240005         2.15625707E-02
   146.354996         2.13801749E-02
   146.470001         2.11805440E-02
   146.585007         2.09638048E-02
   146.699997         2.07300782E-02
   146.815002         2.04795394E-02
   146.929993         2.02123784E-02
   147.044998         1.99288093E-02
   147.160004         1.96290854E-02
   147.274994         1.93134565E-02
   147.389999         1.89822149E-02
   147.505005         1.86356716E-02
   147.619995         1.82741191E-02
   147.735001         1.78979039E-02
   147.850006         1.75073557E-02
   147.964996         1.71028413E-02
   148.080002         1.66847166E-02
   148.195007         1.62533578E-02
   148.309998         1.58091728E-02
   148.425003         1.53525583E-02
   148.539993         1.48839289E-02
   148.654999         1.44037232E-02
   148.770004         1.39123639E-02
   148.884995         1.34103037E-02
   149.000000         1.28980028E-02
   149.115005         1.23759070E-02
   149.229996         1.18444804E-02
   149.345001         1.13041811E-02
   149.460007         1.07554719E-02
   149.574997         1.01987971E-02
   149.690002         9.63461027E-03
   149.804993         9.06333793E-03
   149.919998         8.48541968E-03
   150.035004         7.90127460E-03
   150.149994         7.31130783E-03
   150.264999         6.71592215E-03
   150.380005         6.11551013E-03
   150.494995         5.51045500E-03
   150.610001         4.90113255E-03
   150.725006         4.28790133E-03
   150.839996         3.67113436E-03
   150.955002         3.05116875E-03
   151.070007         2.42834329E-03
   151.184998         1.80297857E-03
   151.300003         1.17538450E-03
   151.414993         5.45855612E-04
   151.529999        -8.53394158E-05
   151.645004        -7.17944466E-04
   151.759995        -1.35171018E-03
   151.875000        -1.98641233E-03
   151.990005        -2.62185209E-03
   152.104996        -3.25781386E-03
   152.220001        -3.89413303E-03
   152.335007        -4.53063659E-03
   152.449997        -5.16716950E-03
   152.565002        -5.80357481E-03
   152.679993        -6.43973239E-03
   152.794998        -7.07549835E-03
   152.910004        -7.71075627E-03
   153.024994        -8.34536087E-03
   153.139999        -8.97920784E-03
   153.255005        -9.61219147E-03
   153.369995        -1.02442112E-02
   153.485001        -1.08751664E-02
   153.600006        -1.15049668E-02
   153.714996        -1.21335359E-02
   153.830002        -1.27608050E-02
   153.945007        -1.33867003E-02
   154.059998        -1.40111530E-02
   154.175003        -1.46341026E-02
   154.289993        -1.52555006E-02
   154.404999        -1.58752836E-02
   154.520004        -1.64933819E-02
   154.634995        -1.71097182E-02
   154.750000        -1.77242160E-02
   154.865005        -1.83367748E-02
   154.979996        -1.89472977E-02
   155.095001        -1.95556656E-02
   155.210007        -2.01617628E-02
   155.324997        -2.07654499E-02
   155.440002        -2.13665981E-02
   155.554993        -2.19650622E-02
   155.669998        -2.25606970E-02
   155.785004        -2.31533386E-02
   155.899994        -2.37428360E-02
   156.014999        -2.43290290E-02
   156.130005        -2.49117520E-02
   156.244995        -2.54908353E-02
   156.360001        -2.60661002E-02
   156.475006        -2.66373530E-02
   156.589996        -2.72043906E-02
   156.705002        -2.77669951E-02
   156.820007        -2.83249430E-02
   156.934998        -2.88779847E-02
   157.050003        -2.94258799E-02
   157.164993        -2.99683511E-02
   157.279999        -3.05051096E-02
   157.395004        -3.10358852E-02
   157.509995        -3.15603688E-02
   157.625000        -3.20782624E-02
   157.740005        -3.25892568E-02
   157.854996        -3.30930427E-02
   157.970001        -3.35893109E-02
   158.085007        -3.40777524E-02
   158.199997        -3.45580727E-02
   158.315002        -3.50299478E-02
   158.429993        -3.54930796E-02
   158.544998        -3.59471515E-02
   158.660004        -3.63918431E-02
   158.774994        -3.68268564E-02
   158.889999        -3.72518711E-02
   159.005005        -3.76665480E-02
   159.119995        -3.80705670E-02
   159.235001        -3.84636000E-02
   159.350006        -3.88453230E-02
   159.464996        -3.92153934E-02
   159.580002        -3.95734794E-02
   159.695007        -3.99192572E-02
   159.809998        -4.02523950E-02
   159.925003        -4.05725800E-02
   160.039993        -4.08795178E-02
   160.154999        -4.11728956E-02
   160.270004        -4.14524376E-02
   160.384995        -4.17178497E-02
   160.500000        -4.19688746E-02
   160.615005        -4.22052592E-02
   160.729996        -4.24267352E-02
   160.845001        -4.26330678E-02
   160.960007        -4.28240001E-02
   161.074997        -4.29993272E-02
   161.190002        -4.31588069E-02
   161.304993        -4.33022119E-02
   161.419998        -4.34293374E-02
   161.535004        -4.35399786E-02
   161.649994        -4.36339676E-02
   161.764999        -4.37111072E-02
   161.880005        -4.37712371E-02
   161.994995        -4.38142195E-02
   162.110001        -4.38399278E-02
   162.225006        -4.38482240E-02
   162.339996        -4.38390151E-02
   162.455002        -4.38122153E-02
   162.570007        -4.37677652E-02
   162.684998        -4.37056050E-02
   162.800003        -4.36257124E-02
   162.914993        -4.35280576E-02
   163.029999        -4.34126481E-02
   163.145004        -4.32794951E-02
   163.259995        -4.31286246E-02
   163.375000        -4.29600850E-02
   163.490005        -4.27739359E-02
   163.604996        -4.25702557E-02
   163.720001        -4.23491523E-02
   163.835007        -4.21107486E-02
   163.949997        -4.18551713E-02
   164.065002        -4.15825993E-02
   164.179993        -4.12932262E-02
   164.294998        -4.09872383E-02
   164.410004        -4.06648517E-02
   164.524994        -4.03263196E-02
   164.639999        -3.99719030E-02
   164.755005        -3.96018513E-02
   164.869995        -3.92164811E-02
   164.985001        -3.88160944E-02
   165.100006        -3.84010151E-02
   165.214996        -3.79715711E-02
   165.330002        -3.75281386E-02
   165.445007        -3.70710827E-02
   165.559998        -3.66007909E-02
   165.675003        -3.61176506E-02
   165.789993        -3.56220827E-02
   165.904999        -3.51145230E-02
   166.020004        -3.45954150E-02
   166.134995        -3.40652168E-02
   166.250000        -3.35244052E-02
   166.365005        -3.29734497E-02
   166.479996        -3.24128419E-02
   166.595001        -3.18430737E-02
   166.710007        -3.12646255E-02
   166.824997        -3.06780059E-02
   166.940002        -3.00837010E-02
   167.054993        -2.94822119E-02
   167.169998        -2.88740247E-02
   167.285004        -2.82596350E-02
   167.399994        -2.76395380E-02
   167.514999        -2.70142145E-02
   167.630005        -2.63841413E-02
   167.744995        -2.57498100E-02
   167.860001        -2.51116604E-02
   167.975006        -2.44701616E-02
   168.089996        -2.38257814E-02
   168.205002        -2.31789574E-02
   168.320007        -2.25301236E-02
   168.434998        -2.18797065E-02
   168.550003        -2.12281141E-02
   168.664993        -2.05757320E-02
   168.779999        -1.99229233E-02
   168.895004        -1.92700513E-02
   169.009995        -1.86174363E-02
   169.125000        -1.79653913E-02
   169.240005        -1.73142031E-02
   169.354996        -1.66641101E-02
   169.470001        -1.60153639E-02
   169.585007        -1.53681831E-02
   169.699997        -1.47227468E-02
   169.815002        -1.40792318E-02
   169.929993        -1.34377955E-02
   170.044998        -1.27985552E-02
   170.160004        -1.21616172E-02
   170.274994        -1.15270671E-02
   170.389999        -1.08949533E-02
   170.505005        -1.02653122E-02
   170.619995        -9.63813346E-03
   170.735001        -9.01340973E-03
   170.850006        -8.39109719E-03
   170.964996        -7.77110411E-03
   171.080002        -7.15334434E-03
   171.195007        -6.53771684E-03
   171.309998        -5.92404604E-03
   171.425003        -5.31216711E-03
   171.539993        -4.70190868E-03
   171.654999        -4.09305189E-03
   171.770004        -3.48538253E-03
   171.884995        -2.87863659E-03
   172.000000        -2.27256725E-03
   172.115005        -1.66689302E-03
   172.229996        -1.06131658E-03
   172.345001        -4.55546193E-04
   172.460007         1.50736189E-04
   172.574997         7.57856527E-04
   172.690002         1.36614428E-03
   172.804993         1.97595172E-03
   172.919998         2.58763623E-03
   173.035004         3.20153963E-03
   173.149994         3.81803978E-03
   173.264999         4.43749037E-03
   173.380005         5.06026205E-03
   173.494995         5.68671850E-03
   173.610001         6.31720107E-03
   173.725006         6.95207808E-03
   173.839996         7.59168062E-03
   173.955002         8.23634118E-03
   174.070007         8.88638198E-03
   174.184998         9.54210013E-03
   174.300003         1.02037787E-02
   174.414993         1.08716935E-02
   174.529999         1.15460902E-02
   174.645004         1.22271962E-02
   174.759995         1.29152294E-02
   174.875000         1.36103760E-02
   174.990005         1.43127982E-02
   175.104996         1.50226429E-02
   175.220001         1.57400295E-02
   175.335007         1.64650418E-02
   175.449997         1.71977505E-02
   175.565002         1.79381911E-02
   175.679993         1.86863430E-02
   175.794998         1.94421876E-02
   175.910004         2.02056505E-02
   176.024994         2.09766198E-02
   176.139999         2.17549521E-02
   176.255005         2.25404575E-02
   176.369995         2.33329125E-02
   176.485001         2.41320767E-02
   176.600006         2.49376558E-02
   176.714996         2.57493220E-02
   176.830002         2.65667289E-02
   176.945007         2.73894854E-02
   177.059998         2.82171965E-02
   177.175003         2.90494151E-02
   177.289993         2.98856664E-02
   177.404999         3.07254661E-02
   177.520004         3.15682925E-02
   177.634995         3.24135870E-02
   177.750000         3.32607813E-02
   177.865005         3.41092832E-02
   177.979996         3.49584520E-02
   178.095001         3.58076468E-02
   178.210007         3.66561934E-02
   178.324997         3.75033990E-02
   178.440002         3.83485481E-02
   178.554993         3.91909108E-02
   178.669998         4.00297642E-02
   178.785004         4.08643484E-02
   178.899994         4.16939147E-02
   179.014999         4.25177217E-02
   179.130005         4.33350205E-02
   179.244995         4.41450439E-02
   179.360001         4.49470580E-02
   179.475006         4.57403362E-02
   179.589996         4.65241373E-02
   179.705002         4.72977385E-02
   179.820007         4.80604172E-02
   179.934998         4.88114730E-02
   180.050003         4.95501906E-02
   180.164993         5.02758995E-02
   180.279999         5.09879254E-02
   180.395004         5.16855940E-02
   180.509995         5.23682721E-02
   180.625000         5.30353189E-02
   180.740005         5.36861122E-02
   180.854996         5.43200448E-02
   180.970001         5.49365655E-02
   181.085007         5.55351153E-02
   181.199997         5.61151654E-02
   181.315002         5.66762201E-02
   181.429993         5.72178215E-02
   181.544998         5.77395000E-02
   181.660004         5.82408533E-02
   181.774994         5.87214828E-02
   181.889999         5.91810122E-02
   182.005005         5.96190915E-02
   182.119995         6.00354038E-02
   182.235001         6.04296401E-02
   182.350006         6.08015209E-02
   182.464996         6.11507818E-02
   182.580002         6.14771731E-02
   182.695007         6.17804825E-02
   182.809998         6.20604977E-02
   182.925003         6.23170435E-02
   183.039993         6.25499412E-02
   183.154999         6.27590418E-02
   183.270004         6.29442334E-02
   183.384995         6.31053969E-02
   183.500000         6.32424578E-02
   183.615005         6.33553267E-02
   183.729996         6.34439513E-02
   183.845001         6.35082796E-02
   183.960007         6.35482967E-02
   184.074997         6.35639727E-02
   184.190002         6.35552928E-02
   184.304993         6.35222793E-02
   184.419998         6.34649247E-02
   184.535004         6.33832365E-02
   184.649994         6.32772520E-02
   184.764999         6.31470010E-02
   184.880005         6.29925057E-02
   184.994995         6.28138334E-02
   185.110001         6.26110286E-02
   185.225006         6.23841360E-02
   185.339996         6.21332340E-02
   185.455002         6.18584007E-02
   185.570007         6.15597144E-02
   185.684998         6.12372607E-02
   185.800003         6.08911403E-02
   185.914993         6.05214313E-02
   186.029999         6.01282455E-02
   186.145004         5.97116947E-02
   186.259995         5.92718720E-02
   186.375000         5.88088967E-02
   186.490005         5.83228990E-02
   186.604996         5.78139871E-02
   186.720001         5.72823063E-02
   186.835007         5.67279868E-02
   186.949997         5.61512075E-02
   187.065002         5.55521064E-02
   187.179993         5.49308620E-02
   187.294998         5.42876534E-02
   187.410004         5.36227003E-02
   187.524994         5.29361963E-02
   187.639999         5.22283800E-02
   187.755005         5.14994673E-02
   187.869995         5.07497452E-02
   187.985001         4.99794446E-02
   188.100006         4.91888635E-02
   188.214996         4.83782887E-02
   188.330002         4.75480109E-02
   188.445007         4.66983616E-02
   188.559998         4.58296500E-02
   188.675003         4.49422374E-02
   188.789993         4.40364741E-02
   188.904999         4.31127436E-02
   189.020004         4.21714447E-02
   189.134995         4.12130244E-02
   189.250000         4.02379185E-02
   189.365005         3.92466001E-02
   189.479996         3.82395834E-02
   189.595001         3.72173861E-02
   189.710007         3.61805409E-02
   189.824997         3.51296067E-02
   189.940002         3.40651833E-02
   190.054993         3.29878516E-02
   190.169998         3.18982340E-02
   190.285004         3.07969749E-02
   190.399994         2.96847038E-02
   190.514999         2.85620727E-02
   190.630005         2.74297707E-02
   190.744995         2.62884516E-02
   190.860001         2.51388382E-02
   190.975006         2.39816271E-02
   191.089996         2.28175446E-02
   191.205002         2.16473229E-02
   191.320007         2.04717293E-02
   191.434998         1.92915294E-02
   191.550003         1.81074888E-02
   191.664993         1.69204026E-02
   191.779999         1.57310665E-02
   191.895004         1.45402588E-02
   192.009995         1.33487880E-02
   192.125000         1.21574542E-02
   192.240005         1.09670218E-02
   192.354996         9.77828819E-03
   192.470001         8.59202445E-03
   192.585007         7.40898028E-03
   192.699997         6.22990681E-03
   192.815002         5.05553605E-03
   192.929993         3.88659025E-03
   193.044998         2.72377860E-03
   193.160004         1.56779028E-03
   193.274994         4.19287942E-04
   193.389999        -7.21058808E-04
   193.505005        -1.85259664E-03
   193.619995        -2.97470717E-03
   193.735001        -4.08677384E-03
   193.850006        -5.18820714E-03
   193.964996        -6.27843104E-03
   194.080002        -7.35689467E-03
   194.195007        -8.42308067E-03
   194.309998        -9.47648846E-03
   194.425003        -1.05166435E-02
   194.539993        -1.15431175E-02
   194.654999        -1.25554800E-02
   194.770004        -1.35533651E-02
   194.884995        -1.45364078E-02
   195.000000        -1.55042848E-02
   195.115005        -1.64566897E-02
   195.229996        -1.73933562E-02
   195.345001        -1.83140282E-02
   195.460007        -1.92184746E-02
   195.574997        -2.01064888E-02
   195.690002        -2.09779013E-02
   195.804993        -2.18325406E-02
   195.919998        -2.26702653E-02
   196.035004        -2.34909542E-02
   196.149994        -2.42944993E-02
   196.264999        -2.50808168E-02
   196.380005        -2.58498471E-02
   196.494995        -2.66015641E-02
   196.610001        -2.73359381E-02
   196.725006        -2.80529838E-02
   196.839996        -2.87527181E-02
   196.955002        -2.94351596E-02
   197.070007        -3.01003773E-02
   197.184998        -3.07484176E-02
   197.300003        -3.13793644E-02
   197.414993        -3.19932960E-02
   197.529999        -3.25902849E-02
   197.645004        -3.31704393E-02
   197.759995        -3.37338597E-02
   197.875000        -3.42806429E-02
   197.990005        -3.48109007E-02
   198.104996        -3.53247449E-02
   198.220001        -3.58222947E-02
   198.335007        -3.63036841E-02
   198.449997        -3.67690325E-02
   198.565002        -3.72184739E-02
   198.679993        -3.76521423E-02
   198.794998        -3.80701572E-02
   198.910004        -3.84726860E-02
   199.024994        -3.88598405E-02
   199.139999        -3.92317660E-02
   199.255005        -3.95885929E-02
   199.369995        -3.99304405E-02
   199.485001        -4.02574353E-02
   199.600006        -4.05696742E-02
   199.714996        -4.08672690E-02
   199.830002        -4.11502980E-02
   199.945007        -4.14188579E-02
   200.059998        -4.16730344E-02
   200.175003        -4.19128872E-02
   200.289993        -4.21385020E-02
   200.404999        -4.23499420E-02
   200.520004        -4.25472781E-02
   200.634995        -4.27305922E-02
   200.750000        -4.28999178E-02
   200.865005        -4.30553295E-02
   200.979996        -4.31968644E-02
   201.095001        -4.33245674E-02
   201.210007        -4.34384793E-02
   201.324997        -4.35386263E-02
   201.440002        -4.36250269E-02
   201.554993        -4.36976999E-02
   201.669998        -4.37566638E-02
   201.785004        -4.38019186E-02
   201.899994        -4.38334420E-02
   202.014999        -4.38512266E-02
   202.130005        -4.38552685E-02
   202.244995        -4.38455418E-02
   202.360001        -4.38220389E-02
   202.475006        -4.37847599E-02
   202.589996        -4.37336974E-02
   202.705002        -4.36688475E-02
   202.820007        -4.35902327E-02
   202.934998        -4.34978604E-02
   203.050003        -4.33917679E-02
   203.164993        -4.32719775E-02
   203.279999        -4.31385152E-02
   203.395004        -4.29914296E-02
   203.509995        -4.28307801E-02
   203.625000        -4.26566228E-02
   203.740005        -4.24690470E-02
   203.854996        -4.22681086E-02
   203.970001        -4.20539193E-02
   204.085007        -4.18265648E-02
   204.199997        -4.15861756E-02
   204.315002        -4.13328782E-02
   204.429993        -4.10668328E-02
   204.544998        -4.07881923E-02
   204.660004        -4.04971763E-02
   204.774994        -4.01939824E-02
   204.889999        -3.98788527E-02
   205.005005        -3.95520553E-02
   205.119995        -3.92138883E-02
   205.235001        -3.88646498E-02
   205.350006        -3.85046825E-02
   205.464996        -3.81343402E-02
   205.580002        -3.77540104E-02
   205.695007        -3.73640917E-02
   205.809998        -3.69650014E-02
   205.925003        -3.65571864E-02
   206.039993        -3.61411162E-02
   206.154999        -3.57172750E-02
   206.270004        -3.52861732E-02
   206.384995        -3.48483399E-02
   206.500000        -3.44043300E-02
   206.615005        -3.39547172E-02
   206.729996        -3.35000977E-02
   206.845001        -3.30411047E-02
   206.960007        -3.25783864E-02
   207.074997        -3.21125947E-02
   207.190002        -3.16444039E-02
   207.304993        -3.11745144E-02
   207.419998        -3.07036266E-02
   207.535004        -3.02324686E-02
   207.649994        -2.97617707E-02
   207.764999        -2.92922668E-02
   207.880005        -2.88247094E-02
   207.994995        -2.83598620E-02
   208.110001        -2.78984718E-02
   208.225006        -2.74413060E-02
   208.339996        -2.69891396E-02
   208.455002        -2.65427288E-02
   208.570007        -2.61028334E-02
   208.684998        -2.56702285E-02
   208.800003        -2.52456740E-02
   208.914993        -2.48299111E-02
   209.029999        -2.44236719E-02
   209.145004        -2.40276847E-02
   209.259995        -2.36426499E-02
   209.375000        -2.32692584E-02
   209.490005        -2.29081661E-02
   209.604996        -2.25600284E-02
   209.720001        -2.22254544E-02
   209.835007        -2.19050422E-02
   209.949997        -2.15993486E-02
   210.065002        -2.13089138E-02
   210.179993        -2.10342407E-02
   210.294998        -2.07758136E-02
   210.410004        -2.05340870E-02
   210.524994        -2.03094743E-02
   210.639999        -2.01023556E-02
   210.755005        -1.99130978E-02
   210.869995        -1.97419971E-02
   210.985001        -1.95893478E-02
   211.100006        -1.94553696E-02
   211.214996        -1.93402804E-02
   211.330002        -1.92442127E-02
   211.445007        -1.91672929E-02
   211.559998        -1.91095714E-02
   211.675003        -1.90710612E-02
   211.789993        -1.90517362E-02
   211.904999        -1.90515295E-02
   212.020004        -1.90703422E-02
   212.134995        -1.91080049E-02
   212.250000        -1.91643331E-02
   212.365005        -1.92391071E-02
   212.479996        -1.93320513E-02
   212.595001        -1.94429047E-02
   212.710007        -1.95713155E-02
   212.824997        -1.97169632E-02
   212.940002        -1.98794492E-02
   213.054993        -2.00583730E-02
   213.169998        -2.02532914E-02
   213.285004        -2.04637293E-02
   213.399994        -2.06891876E-02
   213.514999        -2.09291242E-02
   213.630005        -2.11829860E-02
   213.744995        -2.14501843E-02
   213.860001        -2.17301138E-02
   213.975006        -2.20221356E-02
   214.089996        -2.23255958E-02
   214.205002        -2.26398315E-02
   214.320007        -2.29641851E-02
   214.434998        -2.32979655E-02
   214.550003        -2.36404911E-02
   214.664993        -2.39910781E-02
   214.779999        -2.43490580E-02
   214.895004        -2.47137621E-02
   215.009995        -2.50845160E-02
   215.125000        -2.54606623E-02
   215.240005        -2.58415584E-02
   215.354996        -2.62265652E-02
   215.470001        -2.66150273E-02
   215.585007        -2.70063169E-02
   215.699997        -2.73998007E-02
   215.815002        -2.77948547E-02
   215.929993        -2.81908773E-02
   216.044998        -2.85872761E-02
   216.160004        -2.89834756E-02
   216.274994        -2.93789208E-02
   216.389999        -2.97730770E-02
   216.505005        -3.01654283E-02
   216.619995        -3.05555072E-02
   216.735001        -3.09428424E-02
   216.850006        -3.13270353E-02
   216.964996        -3.17076743E-02
   217.080002        -3.20844240E-02
   217.195007        -3.24569419E-02
   217.309998        -3.28249261E-02
   217.425003        -3.31881158E-02
   217.539993        -3.35462689E-02
   217.654999        -3.38991545E-02
   217.770004        -3.42466012E-02
   217.884995        -3.45884115E-02
   218.000000        -3.49244401E-02
   218.115005        -3.52545828E-02
   218.229996        -3.55787128E-02
   218.345001        -3.58967707E-02
   218.460007        -3.62086967E-02
   218.574997        -3.65144871E-02
   218.690002        -3.68141383E-02
   218.804993        -3.71076986E-02
   218.919998        -3.73952277E-02
   219.035004        -3.76768075E-02
   219.149994        -3.79525721E-02
   219.264999        -3.82226594E-02
   219.380005        -3.84872332E-02
   219.494995        -3.87464762E-02
   219.610001        -3.90006006E-02
   219.725006        -3.92497852E-02
   219.839996        -3.94942686E-02
   219.955002        -3.97342704E-02
   220.070007        -3.99700329E-02
   220.184998        -4.02017869E-02
   220.300003        -4.04297821E-02
   220.414993        -4.06542532E-02
   220.529999        -4.08754684E-02
   220.645004        -4.10936698E-02
   220.759995        -4.13091294E-02
   220.875000        -4.15221192E-02
   220.990005        -4.17329073E-02
   221.104996        -4.19417731E-02
   221.220001        -4.21489887E-02
   221.335007        -4.23548296E-02
   221.449997        -4.25595716E-02
   221.565002        -4.27634679E-02
   221.679993        -4.29667756E-02
   221.794998        -4.31697294E-02
   221.910004        -4.33725417E-02
   222.024994        -4.35754284E-02
   222.139999        -4.37785760E-02
   222.255005        -4.39821482E-02
   222.369995        -4.41863015E-02
   222.485001        -4.43911776E-02
   222.600006        -4.45968844E-02
   222.714996        -4.48035449E-02
   222.830002        -4.50112559E-02
   222.945007        -4.52200845E-02
   223.059998        -4.54301164E-02
   223.175003        -4.56413925E-02
   223.289993        -4.58539799E-02
   223.404999        -4.60679010E-02
   223.520004        -4.62831706E-02
   223.634995        -4.64997962E-02
   223.750000        -4.67177518E-02
   223.865005        -4.69369963E-02
   223.979996        -4.71574813E-02
   224.095001        -4.73791212E-02
   224.210007        -4.76018116E-02
   224.324997        -4.78254445E-02
   224.440002        -4.80498821E-02
   224.554993        -4.82749753E-02
   224.669998        -4.85005677E-02
   224.785004        -4.87264730E-02
   224.899994        -4.89525348E-02
   225.014999        -4.91785556E-02
   225.130005        -4.94043641E-02
   225.244995        -4.96297553E-02
   225.360001        -4.98545468E-02
   225.475006        -5.00785299E-02
   225.589996        -5.03015146E-02
   225.705002        -5.05232848E-02
   225.820007        -5.07436395E-02
   225.934998        -5.09623513E-02
   226.050003        -5.11791930E-02
   226.164993        -5.13939224E-02
   226.279999        -5.16063161E-02
   226.395004        -5.18161170E-02
   226.509995        -5.20230830E-02
   226.625000        -5.22269569E-02
   226.740005        -5.24274893E-02
   226.854996        -5.26244231E-02
   226.970001        -5.28175160E-02
   227.085007        -5.30065298E-02
   227.199997        -5.31912334E-02
   227.315002        -5.33713959E-02
   227.429993        -5.35468012E-02
   227.544998        -5.37172109E-02
   227.660004        -5.38824461E-02
   227.774994        -5.40422872E-02
   227.889999        -5.41965179E-02
   228.005005        -5.43449186E-02
   228.119995        -5.44872954E-02
   228.235001        -5.46234399E-02
   228.350006        -5.47531322E-02
   228.464996        -5.48761673E-02
   228.580002        -5.49923293E-02
   228.695007        -5.51014058E-02
   228.809998        -5.52031994E-02
   228.925003        -5.52975014E-02
   229.039993        -5.53841069E-02
   229.154999        -5.54628260E-02
   229.270004        -5.55334687E-02
   229.384995        -5.55958599E-02
   229.500000        -5.56498282E-02
   229.615005        -5.56951985E-02
   229.729996        -5.57318181E-02
   229.845001        -5.57595231E-02
   229.960007        -5.57781570E-02
   230.074997        -5.57875745E-02
   230.190002        -5.57876229E-02
   230.304993        -5.57781495E-02
   230.419998        -5.57590052E-02
   230.535004        -5.57300597E-02
   230.649994        -5.56911677E-02
   230.764999        -5.56421988E-02
   230.880005        -5.55830151E-02
   230.994995        -5.55135161E-02
   231.110001        -5.54335937E-02
   231.225006        -5.53431474E-02
   231.339996        -5.52420765E-02
   231.455002        -5.51303104E-02
   231.570007        -5.50077707E-02
   231.684998        -5.48744015E-02
   231.800003        -5.47301471E-02
   231.914993        -5.45749515E-02
   232.029999        -5.44087850E-02
   232.145004        -5.42316176E-02
   232.259995        -5.40434495E-02
   232.375000        -5.38442470E-02
   232.490005        -5.36340252E-02
   232.604996        -5.34127764E-02
   232.720001        -5.31805307E-02
   232.835007        -5.29373139E-02
   232.949997        -5.26831783E-02
   233.065002        -5.24181686E-02
   233.179993        -5.21423593E-02
   233.294998        -5.18558435E-02
   233.410004        -5.15587255E-02
   233.524994        -5.12510911E-02
   233.639999        -5.09330779E-02
   233.755005        -5.06048203E-02
   233.869995        -5.02664521E-02
   233.985001        -4.99181300E-02
   234.100006        -4.95600253E-02
   234.214996        -4.91923206E-02
   234.330002        -4.88151982E-02
   234.445007        -4.84288782E-02
   234.559998        -4.80335653E-02
   234.675003        -4.76294905E-02
   234.789993        -4.72168960E-02
   234.904999        -4.67960276E-02
   235.020004        -4.63671684E-02
   235.134995        -4.59305830E-02
   235.250000        -4.54865657E-02
   235.365005        -4.50354293E-02
   235.479996        -4.45775017E-02
   235.595001        -4.41130958E-02
   235.710007        -4.36425507E-02
   235.824997        -4.31662202E-02
   235.940002        -4.26844396E-02
   236.054993        -4.21975702E-02
   236.169998        -4.17059697E-02
   236.285004        -4.12099957E-02
   236.399994        -4.07100096E-02
   236.514999        -4.02063876E-02
   236.630005        -3.96995172E-02
   236.744995        -3.91897596E-02
   236.860001        -3.86775099E-02
   236.975006        -3.81631590E-02
   237.089996        -3.76470983E-02
   237.205002        -3.71297300E-02
   237.320007        -3.66114415E-02
   237.434998        -3.60926241E-02
   237.550003        -3.55736762E-02
   237.664993        -3.50549966E-02
   237.779999        -3.45369428E-02
   237.895004        -3.40199098E-02
   238.009995        -3.35042588E-02
   238.125000        -3.29903401E-02
   238.240005        -3.24785039E-02
   238.354996        -3.19690816E-02
   238.470001        -3.14623900E-02
   238.585007        -3.09587531E-02
   238.699997        -3.04584708E-02
   238.815002        -2.99618132E-02
   238.929993        -2.94690859E-02
   239.044998        -2.89805532E-02
   239.160004        -2.84964796E-02
   239.274994        -2.80171223E-02
   239.389999        -2.75427233E-02
   239.505005        -2.70735305E-02
   239.619995        -2.66097523E-02
   239.735001        -2.61515975E-02
   239.850006        -2.56992616E-02
   239.964996        -2.52529122E-02
   240.080002        -2.48127244E-02
   240.195007        -2.43788324E-02
   240.309998        -2.39513721E-02
   240.425003        -2.35304534E-02
   240.539993        -2.31161825E-02
   240.654999        -2.27086525E-02
   240.770004        -2.23079361E-02
   240.884995        -2.19141077E-02
   241.000000        -2.15272270E-02
   241.115005        -2.11473629E-02
   241.229996        -2.07745731E-02
   241.345001        -2.04089247E-02
   241.460007        -2.00504605E-02
   241.574997        -1.96992308E-02
   241.690002        -1.93552785E-02
   241.804993        -1.90186482E-02
   241.919998        -1.86893865E-02
   242.035004        -1.83675010E-02
   242.149994        -1.80530250E-02
   242.264999        -1.77459717E-02
   242.380005        -1.74463578E-02
   242.494995        -1.71541851E-02
   242.610001        -1.68694668E-02
   242.725006        -1.65922064E-02
   242.839996        -1.63224079E-02
   242.955002        -1.60600785E-02
   243.070007        -1.58052482E-02
   243.184998        -1.55579317E-02
   243.300003        -1.53181618E-02
   243.414993        -1.50859691E-02
   243.529999        -1.48614105E-02
   243.645004        -1.46445204E-02
   243.759995        -1.44353490E-02
   243.875000        -1.42339459E-02
   243.990005        -1.40403565E-02
   244.104996        -1.38546210E-02
   244.220001        -1.36767700E-02
   244.335007        -1.35068297E-02
   244.449997        -1.33448439E-02
   244.565002        -1.31908134E-02
   244.679993        -1.30447624E-02
   244.794998        -1.29067115E-02
   244.910004        -1.27766542E-02
   245.024994        -1.26546007E-02
   245.139999        -1.25405565E-02
   245.255005        -1.24345217E-02
   245.369995        -1.23365102E-02
   245.485001        -1.22465147E-02
