  -18.8999996         0.00000000    
  -18.7849998         1.10390141E-21
  -18.6700001        -4.45086719E-12
  -18.5550003        -1.73592859E-11
  -18.4400005        -3.54554129E-11
  -18.3250008        -4.46182917E-11
  -18.2099991        -2.36714728E-11
  -18.0949993         4.41168352E-11
  -17.9799995         1.56247099E-10
  -17.8649998         2.80647477E-10
  -17.7500000         3.57401692E-10
  -17.6350002         3.16072668E-10
  -17.5200005         1.05349292E-10
  -17.4050007        -2.75014400E-10
  -17.2900009        -7.53585971E-10
  -17.1749992        -1.18985177E-09
  -17.0599995        -1.40474188E-09
  -16.9449997        -1.23340482E-09
  -16.8299999        -5.84792936E-10
  -16.7150002         5.12444698E-10
  -16.6000004         1.89600269E-09
  -16.4850006         3.29660210E-09
  -16.3700008         4.40015535E-09
  -16.2549992         4.92697927E-09
  -16.1399994         4.70209338E-09
  -16.0249996         3.69219477E-09
  -15.9099998         1.99563432E-09
  -15.7950001        -2.11766132E-10
  -15.6800003        -2.75581891E-09
  -15.5649996        -5.53866597E-09
  -15.4499998        -8.58016591E-09
  -15.3350000        -1.20085071E-08
  -15.2200003        -1.60012856E-08
  -15.1049995        -2.06975823E-08
  -14.9899998        -2.61142663E-08
  -14.8750000        -3.21004094E-08
  -14.7600002        -3.83516934E-08
  -14.6450005        -4.44854820E-08
  -14.5299997        -5.01545543E-08
  -14.4150000        -5.51614399E-08
  -14.3000002        -5.95326135E-08
  -14.1850004        -6.35237427E-08
  -14.0699997        -6.75505163E-08
  -13.9549999        -7.20657738E-08
  -13.8400002        -7.74239410E-08
  -13.7250004        -8.37794119E-08
  -13.6099997        -9.10550568E-08
  -13.4949999        -9.89928424E-08
  -13.3800001        -1.07268988E-07
  -13.2650003        -1.15632773E-07
  -13.1499996        -1.24018271E-07
  -13.0349998        -1.32587203E-07
  -12.9200001        -1.41685433E-07
  -12.8050003        -1.51727122E-07
  -12.6899996        -1.63047602E-07
  -12.5749998        -1.75779078E-07
  -12.4600000        -1.89796268E-07
  -12.3450003        -2.04755338E-07
  -12.2299995        -2.20215242E-07
  -12.1149998        -2.35800627E-07
  -12.0000000        -2.51348467E-07
  -11.8850002        -2.66984841E-07
  -11.7700005        -2.83102025E-07
  -11.6549997        -3.00241567E-07
  -11.5400000        -3.18922986E-07
  -11.4250002        -3.39478532E-07
  -11.3100004        -3.61953681E-07
  -11.1949997        -3.86111111E-07
  -11.0799999        -4.11538224E-07
  -10.9650002        -4.37822251E-07
  -10.8500004        -4.64730306E-07
  -10.7349997        -4.92330230E-07
  -10.6199999        -5.21006655E-07
  -10.5050001        -5.51364451E-07
  -10.3900003        -5.84052259E-07
  -10.2749996        -6.19567629E-07
  -10.1599998        -6.58113152E-07
  -10.0450001        -6.99555699E-07
  -9.93000031        -7.43504927E-07
  -9.81499958        -7.89483693E-07
  -9.69999981        -8.37130926E-07
  -9.58500004        -8.86363239E-07
  -9.47000027        -9.37438244E-07
  -9.35499954        -9.90894250E-07
  -9.23999977        -1.04738888E-06
  -9.12500000        -1.10749272E-06
  -9.01000023        -1.17151387E-06
  -8.89500046        -1.23941675E-06
  -8.77999973        -1.31086881E-06
  -8.66499996        -1.38539781E-06
  -8.55000019        -1.46260675E-06
  -8.43500042        -1.54237046E-06
  -8.31999969        -1.62494086E-06
  -8.20499992        -1.71092256E-06
  -8.09000015        -1.80112420E-06
  -7.97499990        -1.89633568E-06
  -7.86000013        -1.99711053E-06
  -7.74499989        -2.10362577E-06
  -7.63000011        -2.21567461E-06
  -7.51499987        -2.33278865E-06
  -7.40000010        -2.45445335E-06
  -7.28499985        -2.58033674E-06
  -7.17000008        -2.71045337E-06
  -7.05499983        -2.84520593E-06
  -6.94000006        -2.98529108E-06
  -6.82499981        -3.13150213E-06
  -6.71000004        -3.28450437E-06
  -6.59499979        -3.44465820E-06
  -6.48000002        -3.61195816E-06
  -6.36499977        -3.78610457E-06
  -6.25000000        -3.96668702E-06
  -6.13500023        -4.15340764E-06
  -6.01999998        -4.34626736E-06
  -5.90500021        -4.54564179E-06
  -5.78999996        -4.75222578E-06
  -5.67500019        -4.96685470E-06
  -5.55999994        -5.19027526E-06
  -5.44500017        -5.42293901E-06
  -5.32999992        -5.66489734E-06
  -5.21500015        -5.91583284E-06
  -5.09999990        -6.17522028E-06
  -4.98500013        -6.44256079E-06
  -4.86999989        -6.71760699E-06
  -4.75500011        -7.00050350E-06
  -4.63999987        -7.29179101E-06
  -4.52500010        -7.59228442E-06
  -4.40999985        -7.90285321E-06
  -4.29500008        -8.22419588E-06
  -4.17999983        -8.55667622E-06
  -4.06500006        -8.90028332E-06
  -3.95000005        -9.25471613E-06
  -3.83500004        -9.61957358E-06
  -3.72000003        -9.99455460E-06
  -3.60500002        -1.03796201E-05
  -3.49000001        -1.07750420E-05
  -3.37500000        -1.11813279E-05
  -3.25999999        -1.15990479E-05
  -3.14499998        -1.20286322E-05
  -3.02999997        -1.24702101E-05
  -2.91499996        -1.29235477E-05
  -2.79999995        -1.33881222E-05
  -2.68499994        -1.38632913E-05
  -2.56999993        -1.43485140E-05
  -2.45499992        -1.48435420E-05
  -2.33999991        -1.53485180E-05
  -2.22499990        -1.58639305E-05
  -2.10999990        -1.63904933E-05
  -1.99500000        -1.69289124E-05
  -1.88000000        -1.74797042E-05
  -1.76499999        -1.80430525E-05
  -1.64999998        -1.86188099E-05
  -1.53499997        -1.92065854E-05
  -1.41999996        -1.98059261E-05
  -1.30499995        -2.04164953E-05
  -1.19000006        -2.10381877E-05
  -1.07500005        -2.16711560E-05
 -0.959999979        -2.23157276E-05
 -0.845000029        -2.29722464E-05
 -0.730000019        -2.36409051E-05
 -0.615000010        -2.43216309E-05
 -0.500000000        -2.50140529E-05
 -0.384999990        -2.57175907E-05
 -0.270000011        -2.64316077E-05
 -0.155000001        -2.71555818E-05
  -3.99999991E-02    -2.78892567E-05
   7.50000030E-02    -2.86326795E-05
  0.189999998        -2.93861485E-05
  0.305000007        -3.01500677E-05
  0.419999987        -3.09247844E-05
  0.535000026        -3.17104204E-05
  0.649999976        -3.25068104E-05
  0.764999986        -3.33135249E-05
  0.879999995        -3.41299710E-05
  0.995000005        -3.49555594E-05
   1.11000001        -3.57898389E-05
   1.22500002        -3.66325949E-05
   1.34000003        -3.74838492E-05
   1.45500004        -3.83437618E-05
   1.57000005        -3.92125112E-05
   1.68499994        -4.00901445E-05
   1.79999995        -4.09765016E-05
   1.91499996        -4.18711898E-05
   2.02999997        -4.27736595E-05
   2.14499998        -4.36832961E-05
   2.25999999        -4.45995647E-05
   2.37500000        -4.55220870E-05
   2.49000001        -4.64506666E-05
   2.60500002        -4.73852378E-05
   2.72000003        -4.83257354E-05
   2.83500004        -4.92720283E-05
   2.95000005        -5.02237672E-05
   3.06500006        -5.11803737E-05
   3.18000007        -5.21411312E-05
   3.29500008        -5.31052356E-05
   3.41000009        -5.40719375E-05
   3.52500010        -5.50406839E-05
   3.64000010        -5.60111403E-05
   3.75500011        -5.69831827E-05
   3.86999989        -5.79568696E-05
   3.98499990        -5.89323390E-05
   4.09999990        -5.99097075E-05
   4.21500015        -6.08890114E-05
   4.32999992        -6.18702179E-05
   4.44500017        -6.28532362E-05
   4.55999994        -6.38380079E-05
   4.67500019        -6.48245623E-05
   4.78999996        -6.58131103E-05
   4.90500021        -6.68039647E-05
   5.01999998        -6.77976204E-05
   5.13500023        -6.87946012E-05
   5.25000000        -6.97954238E-05
   5.36499977        -7.08005682E-05
   5.48000002        -7.18104347E-05
   5.59499979        -7.28252926E-05
   5.71000004        -7.38454182E-05
   5.82499981        -7.48710518E-05
   5.94000006        -7.59024333E-05
   6.05499983        -7.69397666E-05
   6.17000008        -7.79832117E-05
   6.28499985        -7.90328995E-05
   6.40000010        -8.00887719E-05
   6.51499987        -8.11506179E-05
   6.63000011        -8.22180155E-05
   6.74499989        -8.32903097E-05
   6.86000013        -8.43666494E-05
   6.97499990        -8.54460159E-05
   7.09000015        -8.65272668E-05
   7.20499992        -8.76092236E-05
   7.32000017        -8.86906710E-05
   7.43499994        -8.97704886E-05
   7.55000019        -9.08476650E-05
   7.66499996        -9.19213198E-05
   7.78000021        -9.29907037E-05
   7.89499998        -9.40552709E-05
   8.01000023        -9.51145921E-05
   8.12500000        -9.61683909E-05
   8.23999977        -9.72164562E-05
   8.35499954        -9.82585843E-05
   8.47000027        -9.92946661E-05
   8.58500004        -1.00324600E-04
   8.69999981        -1.01348407E-04
   8.81499958        -1.02366117E-04
   8.93000031        -1.03377846E-04
   9.04500008        -1.04383762E-04
   9.15999985        -1.05384017E-04
   9.27499962        -1.06378837E-04
   9.39000034        -1.07368403E-04
   9.50500011        -1.08352782E-04
   9.61999989        -1.09332104E-04
   9.73499966        -1.10306464E-04
   9.85000038        -1.11276029E-04
   9.96500015        -1.12241112E-04
   10.0799999        -1.13202128E-04
   10.1949997        -1.14159695E-04
   10.3100004        -1.15114497E-04
   10.4250002        -1.16067233E-04
   10.5400000        -1.17018441E-04
   10.6549997        -1.17968339E-04
   10.7700005        -1.18916847E-04
   10.8850002        -1.19863544E-04
   11.0000000        -1.20807650E-04
   11.1149998        -1.21748162E-04
   11.2299995        -1.22683865E-04
   11.3450003        -1.23613558E-04
   11.4600000        -1.24535843E-04
   11.5749998        -1.25449500E-04
   11.6899996        -1.26353058E-04
   11.8050003        -1.27245003E-04
   11.9200001        -1.28123706E-04
   12.0349998        -1.28987391E-04
   12.1499996        -1.29834400E-04
   12.2650003        -1.30663189E-04
   12.3800001        -1.31472494E-04
   12.4949999        -1.32261383E-04
   12.6099997        -1.33029374E-04
   12.7250004        -1.33776310E-04
   12.8400002        -1.34502217E-04
   12.9549999        -1.35207098E-04
   13.0699997        -1.35890892E-04
   13.1850004        -1.36553499E-04
   13.3000002        -1.37194656E-04
   13.4150000        -1.37814146E-04
   13.5299997        -1.38411750E-04
   13.6450005        -1.38987598E-04
   13.7600002        -1.39542055E-04
   13.8750000        -1.40075703E-04
   13.9899998        -1.40589327E-04
   14.1049995        -1.41083801E-04
   14.2200003        -1.41559794E-04
   14.3350000        -1.42017874E-04
   14.4499998        -1.42458419E-04
   14.5649996        -1.42881632E-04
   14.6800003        -1.43287602E-04
   14.7950001        -1.43676647E-04
   14.9099998        -1.44048943E-04
   15.0249996        -1.44404927E-04
   15.1400003        -1.44744932E-04
   15.2550001        -1.45069178E-04
   15.3699999        -1.45377489E-04
   15.4849997        -1.45669313E-04
   15.6000004        -1.45943719E-04
   15.7150002        -1.46199338E-04
   15.8299999        -1.46434730E-04
   15.9449997        -1.46648512E-04
   16.0599995        -1.46839477E-04
   16.1749992        -1.47006867E-04
   16.2900009        -1.47150145E-04
   16.4050007        -1.47268889E-04
   16.5200005        -1.47362865E-04
   16.6350002        -1.47431478E-04
   16.7500000        -1.47474027E-04
   16.8649998        -1.47489758E-04
   16.9799995        -1.47477651E-04
   17.0949993        -1.47437037E-04
   17.2099991        -1.47367100E-04
   17.3250008        -1.47267579E-04
   17.4400005        -1.47138562E-04
   17.5550003        -1.46980005E-04
   17.6700001        -1.46792023E-04
   17.7849998        -1.46574486E-04
   17.8999996        -1.46327075E-04
   18.0149994        -1.46048988E-04
   18.1299992        -1.45739323E-04
   18.2450008        -1.45396916E-04
   18.3600006        -1.45021011E-04
   18.4750004        -1.44610953E-04
   18.5900002        -1.44166566E-04
   18.7049999        -1.43687837E-04
   18.8199997        -1.43174693E-04
   18.9349995        -1.42626901E-04
   19.0499992        -1.42043777E-04
   19.1650009        -1.41424331E-04
   19.2800007        -1.40767312E-04
   19.3950005        -1.40071206E-04
   19.5100002        -1.39334574E-04
   19.6250000        -1.38556177E-04
   19.7399998        -1.37735013E-04
   19.8549995        -1.36870542E-04
   19.9699993        -1.35962211E-04
   20.0849991        -1.35009439E-04
   20.2000008        -1.34011862E-04
   20.3150005        -1.32968577E-04
   20.4300003        -1.31878565E-04
   20.5450001        -1.30740431E-04
   20.6599998        -1.29553024E-04
   20.7749996        -1.28315354E-04
   20.8899994        -1.27026666E-04
   21.0049992        -1.25686347E-04
   21.1200008        -1.24293962E-04
   21.2350006        -1.22848898E-04
   21.3500004        -1.21350553E-04
   21.4650002        -1.19797718E-04
   21.5799999        -1.18189084E-04
   21.6949997        -1.16523064E-04
   21.8099995        -1.14798138E-04
   21.9249992        -1.13012917E-04
   22.0400009        -1.11166242E-04
   22.1550007        -1.09257620E-04
   22.2700005        -1.07287073E-04
   22.3850002        -1.05254876E-04
   22.5000000        -1.03161423E-04
   22.6149998        -1.01007274E-04
   22.7299995        -9.87932581E-05
   22.8449993        -9.65198124E-05
   22.9599991        -9.41873368E-05
   23.0750008        -9.17965153E-05
   23.1900005        -8.93483157E-05
   23.3050003        -8.68443458E-05
   23.4200001        -8.42861700E-05
   23.5349998        -8.16759057E-05
   23.6499996        -7.90155682E-05
   23.7649994        -7.63072312E-05
   23.8799992        -7.35530411E-05
   23.9950008        -7.07555591E-05
   24.1100006        -6.79171717E-05
   24.2250004        -6.50408547E-05
   24.3400002        -6.21304280E-05
   24.4549999        -5.91900534E-05
   24.5699997        -5.62251189E-05
   24.6849995        -5.32415797E-05
   24.7999992        -5.02460316E-05
   24.9150009        -4.72454412E-05
   25.0300007        -4.42471319E-05
   25.1450005        -4.12587215E-05
   25.2600002        -3.82876678E-05
   25.3750000        -3.53424075E-05
   25.4899998        -3.24314024E-05
   25.6049995        -2.95633963E-05
   25.7199993        -2.67476898E-05
   25.8349991        -2.39935744E-05
   25.9500008        -2.13111016E-05
   26.0650005        -1.87097048E-05
   26.1800003        -1.61997868E-05
   26.2950001        -1.37912384E-05
   26.4099998        -1.14945333E-05
   26.5249996        -9.32059902E-06
   26.6399994        -7.28043869E-06
   26.7549992        -5.38562426E-06
   26.8700008        -3.64799303E-06
   26.9850006        -2.08010101E-06
   27.1000004        -6.94459629E-07
   27.2150002         4.96146470E-07
   27.3299999         1.47888670E-06
   27.4449997         2.24066321E-06
   27.5599995         2.76863216E-06
   27.6749992         3.04970013E-06
   27.7900009         3.07085861E-06
   27.9050007         2.81846246E-06
   28.0200005         2.27898158E-06
   28.1350002         1.43881482E-06
   28.2500000         2.84379780E-07
   28.3649998        -1.19833715E-06
   28.4799995        -3.02337753E-06
   28.5949993        -5.20433287E-06
   28.7099991        -7.75605531E-06
   28.8250008        -1.06928119E-05
   28.9400005        -1.40294251E-05
   29.0550003        -1.77802685E-05
   29.1700001        -2.19598733E-05
   29.2849998        -2.65826839E-05
   29.3999996        -3.16623227E-05
   29.5149994        -3.72118557E-05
   29.6299992        -4.32444322E-05
   29.7450008        -4.97715810E-05
   29.8600006        -5.68046198E-05
   29.9750004        -6.43542298E-05
   30.0900002        -7.24293786E-05
   30.2049999        -8.10391357E-05
   30.3199997        -9.01911626E-05
   30.4349995        -9.98922260E-05
   30.5499992        -1.10147892E-04
   30.6650009        -1.20962766E-04
   30.7800007        -1.32340720E-04
   30.8950005        -1.44284932E-04
   31.0100002        -1.56797309E-04
   31.1250000        -1.69878665E-04
   31.2399998        -1.83529381E-04
   31.3549995        -1.97749032E-04
   31.4699993        -2.12535408E-04
   31.5849991        -2.27886194E-04
   31.7000008        -2.43798044E-04
   31.8150005        -2.60266766E-04
   31.9300003        -2.77286337E-04
   32.0449982        -2.94851314E-04
   32.1599998        -3.12954391E-04
   32.2750015        -3.31587769E-04
   32.3899994        -3.50743037E-04
   32.5050011        -3.70411231E-04
   32.6199989        -3.90582311E-04
   32.7350006        -4.11246321E-04
   32.8499985        -4.32391505E-04
   32.9650002        -4.54006105E-04
   33.0800018        -4.76077868E-04
   33.1949997        -4.98592621E-04
   33.3100014        -5.21536916E-04
   33.4249992        -5.44895360E-04
   33.5400009        -5.68652700E-04
   33.6549988        -5.92792057E-04
   33.7700005        -6.17296610E-04
   33.8849983        -6.42147905E-04
   34.0000000        -6.67327666E-04
   34.1150017        -6.92816044E-04
   34.2299995        -7.18593365E-04
   34.3450012        -7.44638557E-04
   34.4599991        -7.70931190E-04
   34.5750008        -7.97449902E-04
   34.6899986        -8.24173738E-04
   34.8050003        -8.51082092E-04
   34.9199982        -8.78153602E-04
   35.0349998        -9.05367604E-04
   35.1500015        -9.32702329E-04
   35.2649994        -9.60138044E-04
   35.3800011        -9.87654319E-04
   35.4949989        -1.01523008E-03
   35.6100006        -1.04284508E-03
   35.7249985        -1.07047858E-03
   35.8400002        -1.09811150E-03
   35.9550018        -1.12572499E-03
   36.0699997        -1.15330028E-03
   36.1850014        -1.18082040E-03
   36.2999992        -1.20826904E-03
   36.4150009        -1.23563036E-03
   36.5299988        -1.26289017E-03
   36.6450005        -1.29003590E-03
   36.7599983        -1.31705636E-03
   36.8750000        -1.34394143E-03
   36.9900017        -1.37068378E-03
   37.1049995        -1.39727711E-03
   37.2200012        -1.42371736E-03
   37.3349991        -1.45000301E-03
   37.4500008        -1.47613313E-03
   37.5649986        -1.50210841E-03
   37.6800003        -1.52793084E-03
   37.7949982        -1.55360438E-03
   37.9099998        -1.57913286E-03
   38.0250015        -1.60452258E-03
   38.1399994        -1.62977912E-03
   38.2550011        -1.65490992E-03
   38.3699989        -1.67992234E-03
   38.4850006        -1.70482509E-03
   38.5999985        -1.72962761E-03
   38.7150002        -1.75434083E-03
   38.8300018        -1.77897664E-03
   38.9449997        -1.80354761E-03
   39.0600014        -1.82806677E-03
   39.1749992        -1.85254810E-03
   39.2900009        -1.87700626E-03
   39.4049988        -1.90145534E-03
   39.5200005        -1.92591106E-03
   39.6349983        -1.95038936E-03
   39.7500000        -1.97490794E-03
   39.8650017        -1.99948438E-03
   39.9799995        -2.02413765E-03
   40.0950012        -2.04888429E-03
   40.2099991        -2.07374152E-03
   40.3250008        -2.09872588E-03
   40.4399986        -2.12385412E-03
   40.5550003        -2.14914070E-03
   40.6699982        -2.17460073E-03
   40.7849998        -2.20024865E-03
   40.9000015        -2.22609844E-03
   41.0149994        -2.25216383E-03
   41.1300011        -2.27845693E-03
   41.2449989        -2.30498682E-03
   41.3600006        -2.33176420E-03
   41.4749985        -2.35879514E-03
   41.5900002        -2.38608359E-03
   41.7050018        -2.41363281E-03
   41.8199997        -2.44144164E-03
   41.9350014        -2.46950681E-03
   42.0499992        -2.49782158E-03
   42.1650009        -2.52637640E-03
   42.2799988        -2.55515869E-03
   42.3950005        -2.58415169E-03
   42.5099983        -2.61333399E-03
   42.6250000        -2.64268019E-03
   42.7400017        -2.67216004E-03
   42.8549995        -2.70173978E-03
   42.9700012        -2.73137982E-03
   43.0849991        -2.76103732E-03
   43.2000008        -2.79066502E-03
   43.3149986        -2.82021007E-03
   43.4300003        -2.84961541E-03
   43.5449982        -2.87882006E-03
   43.6599998        -2.90775695E-03
   43.7750015        -2.93635484E-03
   43.8899994        -2.96453596E-03
   44.0050011        -2.99221929E-03
   44.1199989        -3.01931775E-03
   44.2350006        -3.04573914E-03
   44.3499985        -3.07138497E-03
   44.4650002        -3.09615280E-03
   44.5800018        -3.11993319E-03
   44.6949997        -3.14261531E-03
   44.8100014        -3.16408230E-03
   44.9249992        -3.18421447E-03
   45.0400009        -3.20288585E-03
   45.1549988        -3.21996864E-03
   45.2700005        -3.23532964E-03
   45.3849983        -3.24883265E-03
   45.5000000        -3.26033891E-03
   45.6150017        -3.26970546E-03
   45.7299995        -3.27679096E-03
   45.8450012        -3.28145013E-03
   45.9599991        -3.28353909E-03
   46.0750008        -3.28290812E-03
   46.1899986        -3.27941193E-03
   46.3050003        -3.27289966E-03
   46.4199982        -3.26322042E-03
   46.5349998        -3.25022521E-03
   46.6500015        -3.23376502E-03
   46.7649994        -3.21369222E-03
   46.8800011        -3.18986224E-03
   46.9949989        -3.16213188E-03
   47.1100006        -3.13036144E-03
   47.2249985        -3.09441565E-03
   47.3400002        -3.05416225E-03
   47.4550018        -3.00947297E-03
   47.5699997        -2.96022161E-03
   47.6850014        -2.90628755E-03
   47.7999992        -2.84755602E-03
   47.9150009        -2.78391852E-03
   48.0299988        -2.71527492E-03
   48.1450005        -2.64153141E-03
   48.2599983        -2.56260135E-03
   48.3750000        -2.47840560E-03
   48.4900017        -2.38887314E-03
   48.6049995        -2.29394203E-03
   48.7200012        -2.19355943E-03
   48.8349991        -2.08768202E-03
   48.9500008        -1.97627628E-03
   49.0649986        -1.85931858E-03
   49.1800003        -1.73679960E-03
   49.2949982        -1.60872168E-03
   49.4099998        -1.47509261E-03
   49.5250015        -1.33593928E-03
   49.6399994        -1.19129557E-03
   49.7550011        -1.04120804E-03
   49.8699989        -8.85735499E-04
   49.9850006        -7.24945450E-04
   50.0999985        -5.58915664E-04
   50.2150002        -3.87735345E-04
   50.3300018        -2.11503109E-04
   50.4449997        -3.03277175E-05
   50.5600014         1.55669899E-04
   50.6749992         3.46363318E-04
   50.7900009         5.41611575E-04
   50.9049988         7.41271768E-04
   51.0200005         9.45192529E-04
   51.1349983         1.15321716E-03
   51.2500000         1.36518036E-03
   51.3650017         1.58091076E-03
   51.4799995         1.80022698E-03
   51.5950012         2.02294416E-03
   51.7099991         2.24886951E-03
   51.8250008         2.47780792E-03
   51.9399986         2.70955707E-03
   52.0550003         2.94391834E-03
   52.1699982         3.18068545E-03
   52.2849998         3.41965584E-03
   52.4000015         3.66062718E-03
   52.5149994         3.90339317E-03
   52.6300011         4.14775172E-03
   52.7449989         4.39350121E-03
   52.8600006         4.64043627E-03
   52.9749985         4.88835899E-03
   53.0900002         5.13707753E-03
   53.2050018         5.38640423E-03
   53.3199997         5.63615933E-03
   53.4350014         5.88616682E-03
   53.5499992         6.13626372E-03
   53.6650009         6.38628937E-03
   53.7799988         6.63609756E-03
   53.8950005         6.88554160E-03
   54.0099983         7.13448878E-03
   54.1250000         7.38281151E-03
   54.2400017         7.63039570E-03
   54.3549995         7.87714124E-03
   54.4700012         8.12295731E-03
   54.5849991         8.36776756E-03
   54.7000008         8.61151237E-03
   54.8149986         8.85413960E-03
   54.9300003         9.09561571E-03
   55.0449982         9.33591183E-03
   55.1599998         9.57501307E-03
   55.2750015         9.81291849E-03
   55.3899994         1.00496393E-02
   55.5050011         1.02851996E-02
   55.6199989         1.05196405E-02
   55.7350006         1.07530151E-02
   55.8499985         1.09853931E-02
   55.9650002         1.12168565E-02
   56.0800018         1.14474967E-02
   56.1949997         1.16774188E-02
   56.3100014         1.19067384E-02
   56.4249992         1.21355793E-02
   56.5400009         1.23640765E-02
   56.6549988         1.25923771E-02
   56.7700005         1.28206378E-02
   56.8849983         1.30490297E-02
   57.0000000         1.32777290E-02
   57.1150017         1.35069285E-02
   57.2299995         1.37368143E-02
   57.3450012         1.39675904E-02
   57.4599991         1.41994525E-02
   57.5750008         1.44326063E-02
   57.6899986         1.46672623E-02
   57.8050003         1.49036264E-02
   57.9199982         1.51419165E-02
   58.0349998         1.53823448E-02
   58.1500015         1.56251322E-02
   58.2649994         1.58704910E-02
   58.3800011         1.61186289E-02
   58.4949989         1.63697563E-02
   58.6100006         1.66240744E-02
   58.7249985         1.68817807E-02
   58.8400002         1.71430670E-02
   58.9550018         1.74081177E-02
   59.0699997         1.76771171E-02
   59.1850014         1.79502387E-02
   59.2999992         1.82276480E-02
   59.4150009         1.85094979E-02
   59.5299988         1.87959336E-02
   59.6450005         1.90870836E-02
   59.7599983         1.93830729E-02
   59.8750000         1.96840093E-02
   59.9900017         1.99899916E-02
   60.1049995         2.03011110E-02
   60.2200012         2.06174329E-02
   60.3349991         2.09390167E-02
   60.4500008         2.12659091E-02
   60.5649986         2.15981379E-02
   60.6800003         2.19357219E-02
   60.7949982         2.22786572E-02
   60.9099998         2.26269308E-02
   61.0250015         2.29805112E-02
   61.1399994         2.33393535E-02
   61.2550011         2.37033926E-02
   61.3699989         2.40725521E-02
   61.4850006         2.44467389E-02
   61.5999985         2.48258431E-02
   61.7150002         2.52097454E-02
   61.8300018         2.55982969E-02
   61.9449997         2.59913430E-02
   62.0600014         2.63887160E-02
   62.1749992         2.67902240E-02
   62.2900009         2.71956697E-02
   62.4049988         2.76048407E-02
   62.5200005         2.80175079E-02
   62.6349983         2.84334328E-02
   62.7500000         2.88523640E-02
   62.8650017         2.92740408E-02
   62.9799995         2.96981912E-02
   63.0950012         3.01245395E-02
   63.2099991         3.05527877E-02
   63.3250008         3.09826378E-02
   63.4399986         3.14137749E-02
   63.5550003         3.18458863E-02
   63.6699982         3.22786532E-02
   63.7849998         3.27117331E-02
   63.9000015         3.31448093E-02
   64.0149994         3.35775316E-02
   64.1299973         3.40095609E-02
   64.2450027         3.44405398E-02
   64.3600006         3.48701142E-02
   64.4749985         3.52979153E-02
   64.5899963         3.57235856E-02
   64.7050018         3.61467637E-02
   64.8199997         3.65670957E-02
   64.9349976         3.69842239E-02
   65.0500031         3.73977870E-02
   65.1650009         3.78074422E-02
   65.2799988         3.82128246E-02
   65.3949966         3.86135913E-02
   65.5100021         3.90093960E-02
   65.6250000         3.93998958E-02
   65.7399979         3.97847630E-02
   65.8550034         4.01636697E-02
   65.9700012         4.05363068E-02
   66.0849991         4.09023650E-02
   66.1999969         4.12615500E-02
   66.3150024         4.16135676E-02
   66.4300003         4.19581383E-02
   66.5449982         4.22949865E-02
   66.6600037         4.26238403E-02
   66.7750015         4.29444499E-02
   66.8899994         4.32565697E-02
   67.0049973         4.35599722E-02
   67.1200027         4.38544340E-02
   67.2350006         4.41397652E-02
   67.3499985         4.44157757E-02
   67.4649963         4.46822792E-02
   67.5800018         4.49391045E-02
   67.6949997         4.51860875E-02
   67.8099976         4.54230718E-02
   67.9250031         4.56499271E-02
   68.0400009         4.58665155E-02
   68.1549988         4.60727327E-02
   68.2699966         4.62684892E-02
   68.3850021         4.64537032E-02
   68.5000000         4.66283038E-02
   68.6149979         4.67922315E-02
   68.7300034         4.69454229E-02
   68.8450012         4.70878258E-02
   68.9599991         4.72194068E-02
   69.0749969         4.73401323E-02
   69.1900024         4.74499911E-02
   69.3050003         4.75489907E-02
   69.4199982         4.76371348E-02
   69.5350037         4.77144495E-02
   69.6500015         4.77809608E-02
   69.7649994         4.78367135E-02
   69.8799973         4.78817374E-02
   69.9950027         4.79160771E-02
   70.1100006         4.79397699E-02
   70.2249985         4.79528755E-02
   70.3399963         4.79554646E-02
   70.4550018         4.79476117E-02
   70.5699997         4.79293987E-02
   70.6849976         4.79009226E-02
   70.8000031         4.78622690E-02
   70.9150009         4.78135347E-02
   71.0299988         4.77548204E-02
   71.1449966         4.76862192E-02
   71.2600021         4.76078317E-02
   71.3750000         4.75197658E-02
   71.4899979         4.74221371E-02
   71.6050034         4.73150685E-02
   71.7200012         4.71986867E-02
   71.8349991         4.70731184E-02
   71.9499969         4.69385087E-02
   72.0650024         4.67949770E-02
   72.1800003         4.66426648E-02
   72.2949982         4.64816988E-02
   72.4100037         4.63122167E-02
   72.5250015         4.61343564E-02
   72.6399994         4.59482521E-02
   72.7549973         4.57540676E-02
   72.8700027         4.55519482E-02
   72.9850006         4.53420542E-02
   73.0999985         4.51245457E-02
   73.2149963         4.48995754E-02
   73.3300018         4.46673110E-02
   73.4449997         4.44279090E-02
   73.5599976         4.41815257E-02
   73.6750031         4.39283326E-02
   73.7900009         4.36685011E-02
   73.9049988         4.34022024E-02
   74.0199966         4.31296267E-02
   74.1350021         4.28509600E-02
   74.2500000         4.25663888E-02
   74.3649979         4.22761068E-02
   74.4800034         4.19803113E-02
   74.5950012         4.16791812E-02
   74.7099991         4.13729250E-02
   74.8249969         4.10617329E-02
   74.9400024         4.07458171E-02
   75.0550003         4.04253826E-02
   75.1699982         4.01006602E-02
   75.2850037         3.97718623E-02
   75.4000015         3.94392312E-02
   75.5149994         3.91029865E-02
   75.6299973         3.87633629E-02
   75.7450027         3.84205841E-02
   75.8600006         3.80748846E-02
   75.9749985         3.77265103E-02
   76.0899963         3.73757072E-02
   76.2050018         3.70227098E-02
   76.3199997         3.66677642E-02
   76.4349976         3.63111272E-02
   76.5500031         3.59530523E-02
   76.6650009         3.55937891E-02
   76.7799988         3.52335759E-02
   76.8949966         3.48726623E-02
   77.0100021         3.45112868E-02
   77.1250000         3.41496915E-02
   77.2399979         3.37881148E-02
   77.3550034         3.34268026E-02
   77.4700012         3.30659859E-02
   77.5849991         3.27059105E-02
   77.6999969         3.23468074E-02
   77.8150024         3.19889151E-02
   77.9300003         3.16324495E-02
   78.0449982         3.12776305E-02
   78.1600037         3.09246760E-02
   78.2750015         3.05737983E-02
   78.3899994         3.02251950E-02
   78.5049973         2.98790615E-02
   78.6200027         2.95355879E-02
   78.7350006         2.91949734E-02
   78.8499985         2.88573839E-02
   78.9649963         2.85229906E-02
   79.0800018         2.81919613E-02
   79.1949997         2.78644394E-02
   79.3099976         2.75405534E-02
   79.4250031         2.72204354E-02
   79.5400009         2.69041955E-02
   79.6549988         2.65919436E-02
   79.7699966         2.62837838E-02
   79.8850021         2.59798169E-02
   80.0000000         2.56801266E-02
   80.1149979         2.53847744E-02
   80.2300034         2.50938162E-02
   80.3450012         2.48073060E-02
   80.4599991         2.45252661E-02
   80.5749969         2.42477190E-02
   80.6900024         2.39746757E-02
   80.8050003         2.37061512E-02
   80.9199982         2.34421361E-02
   81.0350037         2.31826268E-02
   81.1500015         2.29276121E-02
   81.2649994         2.26770490E-02
   81.3799973         2.24308837E-02
   81.4950027         2.21890584E-02
   81.6100006         2.19514929E-02
   81.7249985         2.17181109E-02
   81.8399963         2.14888193E-02
   81.9550018         2.12635268E-02
   82.0699997         2.10421309E-02
   82.1849976         2.08245199E-02
   82.3000031         2.06105784E-02
   82.4150009         2.04001758E-02
   82.5299988         2.01931633E-02
   82.6449966         1.99893843E-02
   82.7600021         1.97886880E-02
   82.8750000         1.95909012E-02
   82.9899979         1.93958618E-02
   83.1050034         1.92033816E-02
   83.2200012         1.90132838E-02
   83.3349991         1.88253857E-02
   83.4499969         1.86395030E-02
   83.5650024         1.84554476E-02
   83.6800003         1.82730220E-02
   83.7949982         1.80920158E-02
   83.9100037         1.79122239E-02
   84.0250015         1.77334417E-02
   84.1399994         1.75554678E-02
   84.2549973         1.73781030E-02
   84.3700027         1.72011629E-02
   84.4850006         1.70244519E-02
   84.5999985         1.68477856E-02
   84.7149963         1.66709684E-02
   84.8300018         1.64938103E-02
   84.9449997         1.63161103E-02
   85.0599976         1.61376875E-02
   85.1750031         1.59583613E-02
   85.2900009         1.57779679E-02
   85.4049988         1.55963534E-02
   85.5199966         1.54133784E-02
   85.6350021         1.52288964E-02
   85.7500000         1.50427660E-02
   85.8649979         1.48548689E-02
   85.9800034         1.46650774E-02
   86.0950012         1.44732827E-02
   86.2099991         1.42793832E-02
   86.3249969         1.40833035E-02
   86.4400024         1.38849858E-02
   86.5550003         1.36843910E-02
   86.6699982         1.34814857E-02
   86.7850037         1.32762482E-02
   86.9000015         1.30686713E-02
   87.0149994         1.28587624E-02
   87.1299973         1.26465308E-02
   87.2450027         1.24319978E-02
   87.3600006         1.22152185E-02
   87.4749985         1.19962478E-02
   87.5899963         1.17751816E-02
   87.7050018         1.15521224E-02
   87.8199997         1.13271959E-02
   87.9349976         1.11005260E-02
   88.0500031         1.08722625E-02
   88.1650009         1.06425546E-02
   88.2799988         1.04115661E-02
   88.3949966         1.01794843E-02
   88.5100021         9.94649343E-03
   88.6250000         9.71280783E-03
   88.7399979         9.47865658E-03
   88.8550034         9.24428366E-03
   88.9700012         9.00994521E-03
   89.0849991         8.77590850E-03
   89.1999969         8.54244269E-03
   89.3150024         8.30981694E-03
   89.4300003         8.07831250E-03
   89.5449982         7.84820970E-03
   89.6600037         7.61979772E-03
   89.7750015         7.39337737E-03
   89.8899994         7.16926530E-03
   90.0049973         6.94778329E-03
   90.1200027         6.72925403E-03
   90.2350006         6.51400024E-03
   90.3499985         6.30235346E-03
   90.4649963         6.09462196E-03
   90.5800018         5.89111168E-03
   90.6949997         5.69212809E-03
   90.8099976         5.49797248E-03
   90.9250031         5.30894008E-03
   91.0400009         5.12533216E-03
   91.1549988         4.94744396E-03
   91.2699966         4.77555813E-03
   91.3850021         4.60995315E-03
   91.5000000         4.45087813E-03
   91.6149979         4.29856870E-03
   91.7300034         4.15324699E-03
   91.8450012         4.01510485E-03
   91.9599991         3.88432876E-03
   92.0749969         3.76109080E-03
   92.1900024         3.64555418E-03
   92.3050003         3.53787071E-03
   92.4199982         3.43818916E-03
   92.5350037         3.34661920E-03
   92.6500015         3.26325675E-03
   92.7649994         3.18817934E-03
   92.8799973         3.12142842E-03
   92.9950027         3.06302309E-03
   93.1100006         3.01297056E-03
   93.2249985         2.97125336E-03
   93.3399963         2.93784658E-03
   93.4550018         2.91271647E-03
   93.5699997         2.89581157E-03
   93.6849976         2.88706133E-03
   93.8000031         2.88636540E-03
   93.9150009         2.89360364E-03
   94.0299988         2.90861889E-03
   94.1449966         2.93122907E-03
   94.2600021         2.96123698E-03
   94.3750000         2.99843005E-03
   94.4899979         3.04259639E-03
   94.6050034         3.09349527E-03
   94.7200012         3.15089663E-03
   94.8349991         3.21453484E-03
   94.9499969         3.28412745E-03
   95.0650024         3.35937343E-03
   95.1800003         3.43994983E-03
   95.2949982         3.52551416E-03
   95.4100037         3.61572113E-03
   95.5250015         3.71022103E-03
   95.6399994         3.80865508E-03
   95.7549973         3.91067518E-03
   95.8700027         4.01591137E-03
   95.9850006         4.12399694E-03
   96.0999985         4.23455657E-03
   96.2149963         4.34720330E-03
   96.3300018         4.46154689E-03
   96.4449997         4.57718410E-03
   96.5599976         4.69370140E-03
   96.6750031         4.81069600E-03
   96.7900009         4.92777349E-03
   96.9049988         5.04454086E-03
   97.0199966         5.16061252E-03
   97.1350021         5.27560990E-03
   97.2500000         5.38914697E-03
   97.3649979         5.50083909E-03
   97.4800034         5.61029278E-03
   97.5950012         5.71712339E-03
   97.7099991         5.82095003E-03
   97.8249969         5.92140621E-03
   97.9400024         6.01813756E-03
   98.0550003         6.11080322E-03
   98.1699982         6.19908283E-03
   98.2850037         6.28266530E-03
   98.4000015         6.36124564E-03
   98.5149994         6.43452816E-03
   98.6299973         6.50222832E-03
   98.7450027         6.56406861E-03
   98.8600006         6.61978452E-03
   98.9749985         6.66913716E-03
   99.0899963         6.71190303E-03
   99.2050018         6.74787909E-03
   99.3199997         6.77688839E-03
   99.4349976         6.79876143E-03
   99.5500031         6.81335339E-03
   99.6650009         6.82052551E-03
   99.7799988         6.82013202E-03
   99.8949966         6.81206072E-03
   100.010002         6.79621659E-03
   100.125000         6.77251862E-03
   100.239998         6.74092304E-03
   100.355003         6.70140190E-03
   100.470001         6.65396079E-03
   100.584999         6.59861742E-03
   100.699997         6.53539831E-03
   100.815002         6.46434585E-03
   100.930000         6.38550660E-03
   101.044998         6.29895832E-03
   101.160004         6.20479276E-03
   101.275002         6.10314310E-03
   101.389999         5.99415088E-03
   101.504997         5.87800099E-03
   101.620003         5.75487874E-03
   101.735001         5.62500535E-03
   101.849998         5.48860524E-03
   101.964996         5.34591358E-03
   102.080002         5.19717671E-03
   102.195000         5.04265586E-03
   102.309998         4.88263275E-03
   102.425003         4.71741054E-03
   102.540001         4.54732683E-03
   102.654999         4.37273737E-03
   102.769997         4.19401051E-03
   102.885002         4.01153089E-03
   103.000000         3.82568105E-03
   103.114998         3.63685330E-03
   103.230003         3.44543695E-03
   103.345001         3.25182686E-03
   103.459999         3.05643352E-03
   103.574997         2.85968347E-03
   103.690002         2.66201096E-03
   103.805000         2.46386812E-03
   103.919998         2.26571434E-03
   104.035004         2.06800783E-03
   104.150002         1.87120319E-03
   104.264999         1.67573523E-03
   104.379997         1.48203841E-03
   104.495003         1.29053753E-03
   104.610001         1.10165391E-03
   104.724998         9.15814599E-04
   104.839996         7.33456807E-04
   104.955002         5.55009057E-04
   105.070000         3.80915008E-04
   105.184998         2.11608567E-04
   105.300003         4.74877343E-05
   105.415001        -1.11065012E-04
   105.529999        -2.63688416E-04
   105.644997        -4.10047622E-04
   105.760002        -5.49809076E-04
   105.875000        -6.82649843E-04
   105.989998        -8.08243756E-04
   106.105003        -9.26279987E-04
   106.220001        -1.03646587E-03
   106.334999        -1.13851868E-03
   106.449997        -1.23219541E-03
   106.565002        -1.31728826E-03
   106.680000        -1.39361282E-03
   106.794998        -1.46101264E-03
   106.910004        -1.51934661E-03
   107.025002        -1.56849169E-03
   107.139999        -1.60832785E-03
   107.254997        -1.63874694E-03
   107.370003        -1.65966328E-03
   107.485001        -1.67100702E-03
   107.599998        -1.67273614E-03
   107.714996        -1.66484667E-03
   107.830002        -1.64736470E-03
   107.945000        -1.62032864E-03
   108.059998        -1.58380740E-03
   108.175003        -1.53786805E-03
   108.290001        -1.48259918E-03
   108.404999        -1.41808495E-03
   108.519997        -1.34443166E-03
   108.635002        -1.26175885E-03
   108.750000        -1.17020658E-03
   108.864998        -1.06994598E-03
   108.980003        -9.61160928E-04
   109.095001        -8.44076101E-04
   109.209999        -7.18919211E-04
   109.324997        -5.85921807E-04
   109.440002        -4.45308600E-04
   109.555000        -2.97327759E-04
   109.669998        -1.42212826E-04
   109.785004         1.97934569E-05
   109.900002         1.88424892E-04
   110.014999         3.63398314E-04
   110.129997         5.44427952E-04
   110.245003         7.31203356E-04
   110.360001         9.23422282E-04
   110.474998         1.12077536E-03
   110.589996         1.32296688E-03
   110.705002         1.52971747E-03
   110.820000         1.74073630E-03
   110.934998         1.95574481E-03
   111.050003         2.17446312E-03
   111.165001         2.39659008E-03
   111.279999         2.62183230E-03
   111.394997         2.84987735E-03
   111.510002         3.08041926E-03
   111.625000         3.31316935E-03
   111.739998         3.54783889E-03
   111.855003         3.78417526E-03
   111.970001         4.02192120E-03
   112.084999         4.26083338E-03
   112.199997         4.50065825E-03
   112.315002         4.74115321E-03
   112.430000         4.98205703E-03
   112.544998         5.22312103E-03
   112.660004         5.46409190E-03
   112.775002         5.70474751E-03
   112.889999         5.94487786E-03
   113.004997         6.18429389E-03
   113.120003         6.42281584E-03
   113.235001         6.66027935E-03
   113.349998         6.89652143E-03
   113.464996         7.13137398E-03
   113.580002         7.36466562E-03
   113.695000         7.59623246E-03
   113.809998         7.82592874E-03
   113.925003         8.05360638E-03
   114.040001         8.27914476E-03
   114.154999         8.50245077E-03
   114.269997         8.72343779E-03
   114.385002         8.94202106E-03
   114.500000         9.15812422E-03
   114.614998         9.37166344E-03
   114.730003         9.58255865E-03
   114.845001         9.79072507E-03
   114.959999         9.99608729E-03
   115.074997         1.01985857E-02
   115.190002         1.03981774E-02
   115.305000         1.05948430E-02
   115.419998         1.07885664E-02
   115.535004         1.09793525E-02
   115.650002         1.11671872E-02
   115.764999         1.13520734E-02
   115.879997         1.15339905E-02
   115.995003         1.17129283E-02
   116.110001         1.18888663E-02
   116.224998         1.20618073E-02
   116.339996         1.22317728E-02
   116.455002         1.23987831E-02
   116.570000         1.25628766E-02
   116.684998         1.27240885E-02
   116.800003         1.28824571E-02
   116.915001         1.30380141E-02
   117.029999         1.31907770E-02
   117.144997         1.33407684E-02
   117.260002         1.34880049E-02
   117.375000         1.36325099E-02
   117.489998         1.37743093E-02
   117.605003         1.39134582E-02
   117.720001         1.40500143E-02
   117.834999         1.41840400E-02
   117.949997         1.43155865E-02
   118.065002         1.44447014E-02
   118.180000         1.45714125E-02
   118.294998         1.46957310E-02
   118.410004         1.48176709E-02
   118.525002         1.49372537E-02
   118.639999         1.50544960E-02
   118.754997         1.51694315E-02
   118.870003         1.52821001E-02
   118.985001         1.53925372E-02
   119.099998         1.55007662E-02
   119.214996         1.56067992E-02
   119.330002         1.57106314E-02
   119.445000         1.58122387E-02
   119.559998         1.59116015E-02
   119.675003         1.60086919E-02
   119.790001         1.61034875E-02
   119.904999         1.61959771E-02
   120.019997         1.62861515E-02
   120.135002         1.63739957E-02
   120.250000         1.64594892E-02
   120.364998         1.65425893E-02
   120.480003         1.66232549E-02
   120.595001         1.67014059E-02
   120.709999         1.67769715E-02
   120.824997         1.68498661E-02
   120.940002         1.69200078E-02
   121.055000         1.69873293E-02
   121.169998         1.70517620E-02
   121.285004         1.71132181E-02
   121.400002         1.71716120E-02
   121.514999         1.72268339E-02
   121.629997         1.72787607E-02
   121.745003         1.73272677E-02
   121.860001         1.73722096E-02
   121.974998         1.74134411E-02
   122.089996         1.74508337E-02
   122.205002         1.74842514E-02
   122.320000         1.75135583E-02
   122.434998         1.75386090E-02
   122.550003         1.75592564E-02
   122.665001         1.75753403E-02
   122.779999         1.75866876E-02
   122.894997         1.75931286E-02
   123.010002         1.75944660E-02
   123.125000         1.75905302E-02
   123.239998         1.75811462E-02
   123.355003         1.75661370E-02
   123.470001         1.75453331E-02
   123.584999         1.75185613E-02
   123.699997         1.74856335E-02
   123.815002         1.74463503E-02
   123.930000         1.74005013E-02
   124.044998         1.73478667E-02
   124.160004         1.72882415E-02
   124.275002         1.72214117E-02
   124.389999         1.71471760E-02
   124.504997         1.70653425E-02
   124.620003         1.69757139E-02
   124.735001         1.68780908E-02
   124.849998         1.67722534E-02
   124.964996         1.66579969E-02
   125.080002         1.65350884E-02
   125.195000         1.64033007E-02
   125.309998         1.62624177E-02
   125.425003         1.61122251E-02
   125.540001         1.59525257E-02
   125.654999         1.57831274E-02
   125.769997         1.56038478E-02
   125.885002         1.54144904E-02
   126.000000         1.52148558E-02
   126.114998         1.50047336E-02
   126.230003         1.47839133E-02
   126.345001         1.45521788E-02
   126.459999         1.43093280E-02
   126.574997         1.40551515E-02
   126.690002         1.37894759E-02
   126.805000         1.35121215E-02
   126.919998         1.32229161E-02
   127.035004         1.29216937E-02
   127.150002         1.26083009E-02
   127.264999         1.22825438E-02
   127.379997         1.19442511E-02
   127.495003         1.15932310E-02
   127.610001         1.12292999E-02
   127.724998         1.08523183E-02
   127.839996         1.04621388E-02
   127.955002         1.00586507E-02
   128.070007         9.64174792E-03
   128.184998         9.21134464E-03
   128.300003         8.76731053E-03
   128.414993         8.30955431E-03
   128.529999         7.83795584E-03
   128.645004         7.35241594E-03
   128.759995         6.85285358E-03
   128.875000         6.33918867E-03
   128.990005         5.81137463E-03
   129.104996         5.26940404E-03
   129.220001         4.71325731E-03
   129.335007         4.14295727E-03
   129.449997         3.55851697E-03
   129.565002         2.95996061E-03
   129.679993         2.34731729E-03
   129.794998         1.72063720E-03
   129.910004         1.07998715E-03
   130.024994         4.25463368E-04
   130.139999        -2.42801063E-04
   130.255005        -9.24665132E-04
   130.369995        -1.61994761E-03
   130.485001        -2.32844427E-03
   130.600006        -3.04993475E-03
   130.714996        -3.78420926E-03
   130.830002        -4.53103613E-03
   130.945007        -5.29015251E-03
   131.059998        -6.06130948E-03
   131.175003        -6.84419973E-03
   131.289993        -7.63847493E-03
   131.404999        -8.44378304E-03
   131.520004        -9.25972778E-03
   131.634995        -1.00859068E-02
   131.750000        -1.09218992E-02
   131.865005        -1.17672645E-02
   131.979996        -1.26215825E-02
   132.095001        -1.34843886E-02
   132.210007        -1.43552059E-02
   132.324997        -1.52335167E-02
   132.440002        -1.61187947E-02
   132.554993        -1.70104802E-02
   132.669998        -1.79079939E-02
   132.785004        -1.88107677E-02
   132.899994        -1.97182242E-02
   133.014999        -2.06297748E-02
   133.130005        -2.15448514E-02
   133.244995        -2.24628635E-02
   133.360001        -2.33832076E-02
   133.475006        -2.43052710E-02
   133.589996        -2.52284221E-02
   133.705002        -2.61520427E-02
   133.820007        -2.70754974E-02
   133.934998        -2.79981624E-02
   134.050003        -2.89194360E-02
   134.164993        -2.98387166E-02
   134.279999        -3.07554305E-02
   134.395004        -3.16689871E-02
   134.509995        -3.25788036E-02
   134.625000        -3.34842801E-02
   134.740005        -3.43848318E-02
   134.854996        -3.52798775E-02
   134.970001        -3.61688547E-02
   135.085007        -3.70512344E-02
   135.199997        -3.79264876E-02
   135.315002        -3.87941375E-02
   135.429993        -3.96536924E-02
   135.544998        -4.05046903E-02
   135.660004        -4.13466729E-02
   135.774994        -4.21791822E-02
   135.889999        -4.30017672E-02
   136.005005        -4.38139886E-02
   136.119995        -4.46154587E-02
   136.235001        -4.54057902E-02
   136.350006        -4.61846516E-02
   136.464996        -4.69517186E-02
   136.580002        -4.77067158E-02
   136.695007        -4.84493598E-02
   136.809998        -4.91793938E-02
   136.925003        -4.98965420E-02
   137.039993        -5.06005734E-02
   137.154999        -5.12912422E-02
   137.270004        -5.19683659E-02
   137.384995        -5.26317731E-02
   137.500000        -5.32813370E-02
   137.615005        -5.39169610E-02
   137.729996        -5.45385703E-02
   137.845001        -5.51460981E-02
   137.960007        -5.57394959E-02
   138.074997        -5.63186817E-02
   138.190002        -5.68835996E-02
   138.304993        -5.74342236E-02
   138.419998        -5.79705685E-02
   138.535004        -5.84926605E-02
   138.649994        -5.90005554E-02
   138.764999        -5.94943613E-02
   138.880005        -5.99741973E-02
   138.994995        -6.04401901E-02
   139.110001        -6.08924516E-02
   139.225006        -6.13311343E-02
   139.339996        -6.17563650E-02
   139.455002        -6.21683151E-02
   139.570007        -6.25671819E-02
   139.684998        -6.29532039E-02
   139.800003        -6.33265972E-02
   139.914993        -6.36876747E-02
   140.029999        -6.40367270E-02
   140.145004        -6.43740520E-02
   140.259995        -6.46999553E-02
   140.375000        -6.50147423E-02
   140.490005        -6.53186962E-02
   140.604996        -6.56121373E-02
   140.720001        -6.58954009E-02
   140.835007        -6.61688522E-02
   140.949997        -6.64328858E-02
   141.065002        -6.66879043E-02
   141.179993        -6.69343323E-02
   141.294998        -6.71725944E-02
   141.410004        -6.74030855E-02
   141.524994        -6.76261857E-02
   141.639999        -6.78422898E-02
   141.755005        -6.80518150E-02
   141.869995        -6.82551339E-02
   141.985001        -6.84526712E-02
   142.100006        -6.86448663E-02
   142.214996        -6.88321665E-02
   142.330002        -6.90150335E-02
   142.445007        -6.91938624E-02
   142.559998        -6.93690479E-02
   142.675003        -6.95409775E-02
   142.789993        -6.97100013E-02
   142.904999        -6.98764771E-02
   143.020004        -7.00407848E-02
   143.134995        -7.02032670E-02
   143.250000        -7.03643188E-02
   143.365005        -7.05243051E-02
   143.479996        -7.06835538E-02
   143.595001        -7.08424076E-02
   143.710007        -7.10011497E-02
   143.824997        -7.11600631E-02
   143.940002        -7.13193640E-02
   144.054993        -7.14792758E-02
   144.169998        -7.16400146E-02
   144.285004        -7.18017891E-02
   144.399994        -7.19648227E-02
   144.514999        -7.21293017E-02
   144.630005        -7.22954050E-02
   144.744995        -7.24632591E-02
   144.860001        -7.26329610E-02
   144.975006        -7.28045776E-02
   145.089996        -7.29781389E-02
   145.205002        -7.31536448E-02
   145.320007        -7.33311176E-02
   145.434998        -7.35105500E-02
   145.550003        -7.36919641E-02
   145.664993        -7.38753527E-02
   145.779999        -7.40607083E-02
   145.895004        -7.42479712E-02
   146.009995        -7.44370520E-02
   146.125000        -7.46278092E-02
   146.240005        -7.48200938E-02
   146.354996        -7.50137269E-02
   146.470001        -7.52085522E-02
   146.585007        -7.54043981E-02
   146.699997        -7.56011307E-02
   146.815002        -7.57985637E-02
   146.929993        -7.59965405E-02
   147.044998        -7.61948451E-02
   147.160004        -7.63932317E-02
   147.274994        -7.65914619E-02
   147.389999        -7.67892301E-02
   147.505005        -7.69862384E-02
   147.619995        -7.71822035E-02
   147.735001        -7.73768499E-02
   147.850006        -7.75698945E-02
   147.964996        -7.77610987E-02
   148.080002        -7.79502243E-02
   148.195007        -7.81369954E-02
   148.309998        -7.83211216E-02
   148.425003        -7.85022825E-02
   148.539993        -7.86801353E-02
   148.654999        -7.88543597E-02
   148.770004        -7.90246129E-02
   148.884995        -7.91905895E-02
   149.000000        -7.93520287E-02
   149.115005        -7.95086846E-02
   149.229996        -7.96602890E-02
   149.345001        -7.98065737E-02
   149.460007        -7.99472779E-02
   149.574997        -8.00821260E-02
   149.690002        -8.02108198E-02
   149.804993        -8.03330764E-02
   149.919998        -8.04486349E-02
   150.035004        -8.05572495E-02
   150.149994        -8.06587040E-02
   150.264999        -8.07528049E-02
   150.380005        -8.08393657E-02
   150.494995        -8.09182227E-02
   150.610001        -8.09891969E-02
   150.725006        -8.10521245E-02
   150.839996        -8.11068118E-02
   150.955002        -8.11531320E-02
   151.070007        -8.11909065E-02
   151.184998        -8.12200010E-02
   151.300003        -8.12403336E-02
   151.414993        -8.12518150E-02
   151.529999        -8.12544003E-02
   151.645004        -8.12480524E-02
   151.759995        -8.12327340E-02
   151.875000        -8.12084079E-02
   151.990005        -8.11750442E-02
   152.104996        -8.11326206E-02
   152.220001        -8.10811445E-02
   152.335007        -8.10206011E-02
   152.449997        -8.09510425E-02
   152.565002        -8.08725357E-02
   152.679993        -8.07851702E-02
   152.794998        -8.06890205E-02
   152.910004        -8.05841833E-02
   153.024994        -8.04707706E-02
   153.139999        -8.03488642E-02
   153.255005        -8.02185684E-02
   153.369995        -8.00800025E-02
   153.485001        -7.99332932E-02
   153.600006        -7.97786340E-02
   153.714996        -7.96161592E-02
   153.830002        -7.94460550E-02
   153.945007        -7.92684853E-02
   154.059998        -7.90836215E-02
   154.175003        -7.88916126E-02
   154.289993        -7.86926374E-02
   154.404999        -7.84868598E-02
   154.520004        -7.82744661E-02
   154.634995        -7.80556574E-02
   154.750000        -7.78305978E-02
   154.865005        -7.75995106E-02
   154.979996        -7.73625597E-02
   155.095001        -7.71199241E-02
   155.210007        -7.68717602E-02
   155.324997        -7.66181946E-02
   155.440002        -7.63593987E-02
   155.554993        -7.60955364E-02
   155.669998        -7.58267641E-02
   155.785004        -7.55532533E-02
   155.899994        -7.52751753E-02
   156.014999        -7.49926791E-02
   156.130005        -7.47058839E-02
   156.244995        -7.44148865E-02
   156.360001        -7.41197914E-02
   156.475006        -7.38207027E-02
   156.589996        -7.35177025E-02
   156.705002        -7.32108727E-02
   156.820007        -7.29003251E-02
   156.934998        -7.25861415E-02
   157.050003        -7.22684115E-02
   157.164993        -7.19472095E-02
   157.279999        -7.16225654E-02
   157.395004        -7.12945163E-02
   157.509995        -7.09630474E-02
   157.625000        -7.06281662E-02
   157.740005        -7.02898949E-02
   157.854996        -6.99482337E-02
   157.970001        -6.96032047E-02
   158.085007        -6.92548454E-02
   158.199997        -6.89031556E-02
   158.315002        -6.85481429E-02
   158.429993        -6.81898072E-02
   158.544998        -6.78281039E-02
   158.660004        -6.74629956E-02
   158.774994        -6.70944303E-02
   158.889999        -6.67223856E-02
   159.005005        -6.63468242E-02
   159.119995        -6.59677461E-02
   159.235001        -6.55851588E-02
   159.350006        -6.51990771E-02
   159.464996        -6.48095161E-02
   159.580002        -6.44164532E-02
   159.695007        -6.40198439E-02
   159.809998        -6.36196807E-02
   159.925003        -6.32159263E-02
   160.039993        -6.28085732E-02
   160.154999        -6.23976178E-02
   160.270004        -6.19831309E-02
   160.384995        -6.15651608E-02
   160.500000        -6.11438006E-02
   160.615005        -6.07191250E-02
   160.729996        -6.02911897E-02
   160.845001        -5.98600544E-02
   160.960007        -5.94257452E-02
   161.074997        -5.89883290E-02
   161.190002        -5.85478842E-02
   161.304993        -5.81045225E-02
   161.419998        -5.76583743E-02
   161.535004        -5.72096109E-02
   161.649994        -5.67584001E-02
   161.764999        -5.63049279E-02
   161.880005        -5.58493435E-02
   161.994995        -5.53917997E-02
   162.110001        -5.49324378E-02
   162.225006        -5.44714108E-02
   162.339996        -5.40088825E-02
   162.455002        -5.35450615E-02
   162.570007        -5.30801527E-02
   162.684998        -5.26144281E-02
   162.800003        -5.21481447E-02
   162.914993        -5.16815558E-02
   163.029999        -5.12149110E-02
   163.145004        -5.07484339E-02
   163.259995        -5.02823219E-02
   163.375000        -4.98167910E-02
   163.490005        -4.93520610E-02
   163.604996        -4.88883853E-02
   163.720001        -4.84260246E-02
   163.835007        -4.79652807E-02
   163.949997        -4.75064553E-02
   164.065002        -4.70498092E-02
   164.179993        -4.65956144E-02
   164.294998        -4.61441018E-02
   164.410004        -4.56954986E-02
   164.524994        -4.52500135E-02
   164.639999        -4.48078811E-02
   164.755005        -4.43693474E-02
   164.869995        -4.39346917E-02
   164.985001        -4.35041897E-02
   165.100006        -4.30781431E-02
   165.214996        -4.26568016E-02
   165.330002        -4.22404334E-02
   165.445007        -4.18292433E-02
   165.559998        -4.14234288E-02
   165.675003        -4.10232134E-02
   165.789993        -4.06287946E-02
   165.904999        -4.02404144E-02
   166.020004        -3.98583189E-02
   166.134995        -3.94827574E-02
   166.250000        -3.91140021E-02
   166.365005        -3.87523063E-02
   166.479996        -3.83979008E-02
   166.595001        -3.80509794E-02
   166.710007        -3.77117321E-02
   166.824997        -3.73803265E-02
   166.940002        -3.70569564E-02
   167.054993        -3.67418155E-02
   167.169998        -3.64351235E-02
   167.285004        -3.61370929E-02
   167.399994        -3.58479470E-02
   167.514999        -3.55678760E-02
   167.630005        -3.52970511E-02
   167.744995        -3.50356326E-02
   167.860001        -3.47837545E-02
   167.975006        -3.45415212E-02
   168.089996        -3.43090333E-02
   168.205002        -3.40864211E-02
   168.320007        -3.38738337E-02
   168.434998        -3.36714014E-02
   168.550003        -3.34792510E-02
   168.664993        -3.32974978E-02
   168.779999        -3.31262127E-02
   168.895004        -3.29654664E-02
   169.009995        -3.28152962E-02
   169.125000        -3.26756984E-02
   169.240005        -3.25467028E-02
   169.354996        -3.24283503E-02
   169.470001        -3.23206522E-02
   169.585007        -3.22236605E-02
   169.699997        -3.21373940E-02
   169.815002        -3.20618227E-02
   169.929993        -3.19969319E-02
   170.044998        -3.19426619E-02
   170.160004        -3.18989195E-02
   170.274994        -3.18656042E-02
   170.389999        -3.18426266E-02
   170.505005        -3.18299271E-02
   170.619995        -3.18274274E-02
   170.735001        -3.18350531E-02
   170.850006        -3.18527147E-02
   170.964996        -3.18803191E-02
   171.080002        -3.19177173E-02
   171.195007        -3.19647305E-02
   171.309998        -3.20211872E-02
   171.425003        -3.20868976E-02
   171.539993        -3.21616828E-02
   171.654999        -3.22453864E-02
   171.770004        -3.23378928E-02
   171.884995        -3.24390791E-02
   172.000000        -3.25487852E-02
   172.115005        -3.26668583E-02
   172.229996        -3.27930786E-02
   172.345001        -3.29272225E-02
   172.460007        -3.30690704E-02
   172.574997        -3.32184024E-02
   172.690002        -3.33750285E-02
   172.804993        -3.35387811E-02
   172.919998        -3.37094963E-02
   173.035004        -3.38870324E-02
   173.149994        -3.40712331E-02
   173.264999        -3.42619121E-02
   173.380005        -3.44588570E-02
   173.494995        -3.46618481E-02
   173.610001        -3.48706469E-02
   173.725006        -3.50850187E-02
   173.839996        -3.53047736E-02
   173.955002        -3.55297104E-02
   174.070007        -3.57596837E-02
   174.184998        -3.59945372E-02
   174.300003        -3.62341180E-02
   174.414993        -3.64782326E-02
   174.529999        -3.67266871E-02
   174.645004        -3.69792432E-02
   174.759995        -3.72356772E-02
   174.875000        -3.74957658E-02
   174.990005        -3.77593078E-02
   175.104996        -3.80261317E-02
   175.220001        -3.82960923E-02
   175.335007        -3.85690369E-02
   175.449997        -3.88448387E-02
   175.565002        -3.91233414E-02
   175.679993        -3.94043252E-02
   175.794998        -3.96875925E-02
   175.910004        -3.99729311E-02
   176.024994        -4.02601212E-02
   176.139999        -4.05489877E-02
   176.255005        -4.08393443E-02
   176.369995        -4.11310755E-02
   176.485001        -4.14240472E-02
   176.600006        -4.17181365E-02
   176.714996        -4.20131870E-02
   176.830002        -4.23090160E-02
   176.945007        -4.26054448E-02
   177.059998        -4.29022759E-02
   177.175003        -4.31993157E-02
   177.289993        -4.34964076E-02
   177.404999        -4.37934138E-02
   177.520004        -4.40902337E-02
   177.634995        -4.43867743E-02
   177.750000        -4.46829498E-02
   177.865005        -4.49786410E-02
   177.979996        -4.52737361E-02
   178.095001        -4.55681048E-02
   178.210007        -4.58616130E-02
   178.324997        -4.61541153E-02
   178.440002        -4.64455299E-02
   178.554993        -4.67357859E-02
   178.669998        -4.70248759E-02
   178.785004        -4.73127775E-02
   178.899994        -4.75994945E-02
   179.014999        -4.78850119E-02
   179.130005        -4.81693037E-02
   179.244995        -4.84523326E-02
   179.360001        -4.87340838E-02
   179.475006        -4.90145050E-02
   179.589996        -4.92936149E-02
   179.705002        -4.95714433E-02
   179.820007        -4.98480797E-02
   179.934998        -5.01236208E-02
   180.050003        -5.03981858E-02
   180.164993        -5.06718904E-02
   180.279999        -5.09448238E-02
   180.395004        -5.12170680E-02
   180.509995        -5.14886975E-02
   180.625000        -5.17598055E-02
   180.740005        -5.20305037E-02
   180.854996        -5.23009486E-02
   180.970001        -5.25713190E-02
   181.085007        -5.28418086E-02
   181.199997        -5.31126484E-02
   181.315002        -5.33840097E-02
   181.429993        -5.36560751E-02
   181.544998        -5.39289974E-02
   181.660004        -5.42029142E-02
   181.774994        -5.44779673E-02
   181.889999        -5.47543243E-02
   182.005005        -5.50321601E-02
   182.119995        -5.53116873E-02
   182.235001        -5.55931218E-02
   182.350006        -5.58766797E-02
   182.464996        -5.61625510E-02
   182.580002        -5.64508997E-02
   182.695007        -5.67418747E-02
   182.809998        -5.70355877E-02
   182.925003        -5.73321544E-02
   183.039993        -5.76316901E-02
   183.154999        -5.79343215E-02
   183.270004        -5.82401901E-02
   183.384995        -5.85494377E-02
   183.500000        -5.88621907E-02
   183.615005        -5.91785386E-02
   183.729996        -5.94985597E-02
   183.845001        -5.98222800E-02
   183.960007        -6.01497069E-02
   184.074997        -6.04808256E-02
   184.190002        -6.08156025E-02
   184.304993        -6.11540191E-02
   184.419998        -6.14960454E-02
   184.535004        -6.18416853E-02
   184.649994        -6.21908940E-02
   184.764999        -6.25436157E-02
   184.880005        -6.28997684E-02
   184.994995        -6.32592216E-02
   185.110001        -6.36218041E-02
   185.225006        -6.39873520E-02
   185.339996        -6.43556863E-02
   185.455002        -6.47266358E-02
   185.570007        -6.51000217E-02
   185.684998        -6.54756650E-02
   185.800003        -6.58533797E-02
   185.914993        -6.62329569E-02
   186.029999        -6.66141585E-02
   186.145004        -6.69967160E-02
   186.259995        -6.73803315E-02
   186.375000        -6.77646995E-02
   186.490005        -6.81495219E-02
   186.604996        -6.85345009E-02
   186.720001        -6.89193308E-02
   186.835007        -6.93037286E-02
   186.949997        -6.96873814E-02
   187.065002        -7.00699762E-02
   187.179993        -7.04511926E-02
   187.294998        -7.08306655E-02
   187.410004        -7.12080225E-02
   187.524994        -7.15829059E-02
   187.639999        -7.19549656E-02
   187.755005        -7.23238364E-02
   187.869995        -7.26891905E-02
   187.985001        -7.30506927E-02
   188.100006        -7.34080374E-02
   188.214996        -7.37608895E-02
   188.330002        -7.41089061E-02
   188.445007        -7.44517446E-02
   188.559998        -7.47890472E-02
   188.675003        -7.51204789E-02
   188.789993        -7.54456967E-02
   188.904999        -7.57644102E-02
   189.020004        -7.60763362E-02
   189.134995        -7.63811991E-02
   189.250000        -7.66787678E-02
   189.365005        -7.69687593E-02
   189.479996        -7.72508979E-02
   189.595001        -7.75249302E-02
   189.710007        -7.77905956E-02
   189.824997        -7.80476332E-02
   189.940002        -7.82958046E-02
   190.054993        -7.85348788E-02
   190.169998        -7.87646770E-02
   190.285004        -7.89850280E-02
   190.399994        -7.91957527E-02
   190.514999        -7.93967023E-02
   190.630005        -7.95877129E-02
   190.744995        -7.97686279E-02
   190.860001        -7.99392760E-02
   190.975006        -8.00995231E-02
   191.089996        -8.02492276E-02
   191.205002        -8.03882852E-02
   191.320007        -8.05166066E-02
   191.434998        -8.06341246E-02
   191.550003        -8.07407796E-02
   191.664993        -8.08365196E-02
   191.779999        -8.09212774E-02
   191.895004        -8.09949785E-02
   192.009995        -8.10575634E-02
   192.125000        -8.11089799E-02
   192.240005        -8.11491683E-02
   192.354996        -8.11781213E-02
   192.470001        -8.11958387E-02
   192.585007        -8.12023208E-02
   192.699997        -8.11976120E-02
   192.815002        -8.11817199E-02
   192.929993        -8.11546817E-02
   193.044998        -8.11165273E-02
   193.160004        -8.10672641E-02
   193.274994        -8.10069665E-02
   193.389999        -8.09356868E-02
   193.505005        -8.08535144E-02
   193.619995        -8.07605907E-02
   193.735001        -8.06570277E-02
   193.850006        -8.05429742E-02
   193.964996        -8.04185644E-02
   194.080002        -8.02839473E-02
   194.195007        -8.01392496E-02
   194.309998        -7.99846500E-02
   194.425003        -7.98203200E-02
   194.539993        -7.96464980E-02
   194.654999        -7.94634074E-02
   194.770004        -7.92713165E-02
   194.884995        -7.90705234E-02
   195.000000        -7.88613111E-02
   195.115005        -7.86439702E-02
   195.229996        -7.84188434E-02
   195.345001        -7.81862289E-02
   195.460007        -7.79464990E-02
   195.574997        -7.77000338E-02
   195.690002        -7.74472505E-02
   195.804993        -7.71885961E-02
   195.919998        -7.69245401E-02
   196.035004        -7.66555592E-02
   196.149994        -7.63821229E-02
   196.264999        -7.61047229E-02
   196.380005        -7.58238584E-02
   196.494995        -7.55400285E-02
   196.610001        -7.52537623E-02
   196.725006        -7.49656335E-02
   196.839996        -7.46761933E-02
   196.955002        -7.43860379E-02
   197.070007        -7.40957558E-02
   197.184998        -7.38059506E-02
   197.300003        -7.35171959E-02
   197.414993        -7.32300878E-02
   197.529999        -7.29451925E-02
   197.645004        -7.26630837E-02
   197.759995        -7.23843649E-02
   197.875000        -7.21096173E-02
   197.990005        -7.18394592E-02
   198.104996        -7.15745017E-02
   198.220001        -7.13153407E-02
   198.335007        -7.10625723E-02
   198.449997        -7.08167478E-02
   198.565002        -7.05783889E-02
   198.679993        -7.03480169E-02
   198.794998        -7.01261312E-02
   198.910004        -6.99131936E-02
   199.024994        -6.97097108E-02
   199.139999        -6.95161447E-02
   199.255005        -6.93329647E-02
   199.369995        -6.91606402E-02
   199.485001        -6.89995736E-02
   199.600006        -6.88501298E-02
   199.714996        -6.87126368E-02
   199.830002        -6.85873777E-02
   199.945007        -6.84745982E-02
   200.059998        -6.83745518E-02
   200.175003        -6.82874769E-02
   200.289993        -6.82136193E-02
   200.404999        -6.81531727E-02
   200.520004        -6.81063235E-02
   200.634995        -6.80732056E-02
   200.750000        -6.80539086E-02
   200.865005        -6.80484548E-02
   200.979996        -6.80568516E-02
   201.095001        -6.80790693E-02
   201.210007        -6.81150854E-02
   201.324997        -6.81648552E-02
   201.440002        -6.82282969E-02
   201.554993        -6.83053583E-02
   201.669998        -6.83959275E-02
   201.785004        -6.84998706E-02
   201.899994        -6.86169565E-02
   202.014999        -6.87469319E-02
   202.130005        -6.88894987E-02
   202.244995        -6.90443590E-02
   202.360001        -6.92111924E-02
   202.475006        -6.93896711E-02
   202.589996        -6.95794597E-02
   202.705002        -6.97802305E-02
   202.820007        -6.99916035E-02
   202.934998        -7.02131763E-02
   203.050003        -7.04445168E-02
   203.164993        -7.06851184E-02
   203.279999        -7.09344745E-02
   203.395004        -7.11920485E-02
   203.509995        -7.14572966E-02
   203.625000        -7.17297047E-02
   203.740005        -7.20087513E-02
   203.854996        -7.22939074E-02
   203.970001        -7.25846440E-02
   204.085007        -7.28803948E-02
   204.199997        -7.31805414E-02
   204.315002        -7.34844357E-02
   204.429993        -7.37914219E-02
   204.544998        -7.41007924E-02
   204.660004        -7.44118989E-02
   204.774994        -7.47240856E-02
   204.889999        -7.50367120E-02
   205.005005        -7.53491595E-02
   205.119995        -7.56608173E-02
   205.235001        -7.59710371E-02
   205.350006        -7.62791634E-02
   205.464996        -7.65844956E-02
   205.580002        -7.68863261E-02
   205.695007        -7.71839544E-02
   205.809998        -7.74767175E-02
   205.925003        -7.77639598E-02
   206.039993        -7.80450702E-02
   206.154999        -7.83194751E-02
   206.270004        -7.85865933E-02
   206.384995        -7.88458437E-02
   206.500000        -7.90966600E-02
   206.615005        -7.93384388E-02
   206.729996        -7.95705765E-02
   206.845001        -7.97924846E-02
   206.960007        -8.00036266E-02
   207.074997        -8.02034885E-02
   207.190002        -8.03916082E-02
   207.304993        -8.05675760E-02
   207.419998        -8.07310045E-02
   207.535004        -8.08815211E-02
   207.649994        -8.10187683E-02
   207.764999        -8.11423734E-02
   207.880005        -8.12520012E-02
   207.994995        -8.13473091E-02
   208.110001        -8.14280212E-02
   208.225006        -8.14939141E-02
   208.339996        -8.15448090E-02
   208.455002        -8.15805718E-02
   208.570007        -8.16011131E-02
   208.684998        -8.16063881E-02
   208.800003        -8.15963224E-02
   208.914993        -8.15708637E-02
   209.029999        -8.15299898E-02
   209.145004        -8.14736858E-02
   209.259995        -8.14019963E-02
   209.375000        -8.13149959E-02
   209.490005        -8.12128335E-02
   209.604996        -8.10956731E-02
   209.720001        -8.09637308E-02
   209.835007        -8.08172226E-02
   209.949997        -8.06563720E-02
   210.065002        -8.04814398E-02
   210.179993        -8.02926645E-02
   210.294998        -8.00903067E-02
   210.410004        -7.98746496E-02
   210.524994        -7.96460137E-02
   210.639999        -7.94047490E-02
   210.755005        -7.91512355E-02
   210.869995        -7.88858905E-02
   210.985001        -7.86091089E-02
   211.100006        -7.83213004E-02
   211.214996        -7.80228600E-02
   211.330002        -7.77141824E-02
   211.445007        -7.73956701E-02
   211.559998        -7.70677403E-02
   211.675003        -7.67308399E-02
   211.789993        -7.63854012E-02
   211.904999        -7.60319009E-02
   212.020004        -7.56707937E-02
   212.134995        -7.53025338E-02
   212.250000        -7.49275684E-02
   212.365005        -7.45462775E-02
   212.479996        -7.41590783E-02
   212.595001        -7.37663656E-02
   212.710007        -7.33685344E-02
   212.824997        -7.29659796E-02
   212.940002        -7.25591332E-02
   213.054993        -7.21483901E-02
   213.169998        -7.17341527E-02
   213.285004        -7.13167638E-02
   213.399994        -7.08965659E-02
   213.514999        -7.04738945E-02
   213.630005        -7.00490400E-02
   213.744995        -6.96223304E-02
   213.860001        -6.91940635E-02
   213.975006        -6.87645823E-02
   214.089996        -6.83341771E-02
   214.205002        -6.79031685E-02
   214.320007        -6.74718320E-02
   214.434998        -6.70404434E-02
   214.550003        -6.66092113E-02
   214.664993        -6.61783516E-02
   214.779999        -6.57480732E-02
   214.895004        -6.53185397E-02
   215.009995        -6.48899749E-02
   215.125000        -6.44625723E-02
   215.240005        -6.40365630E-02
   215.354996        -6.36121482E-02
   215.470001        -6.31895289E-02
   215.585007        -6.27688617E-02
   215.699997        -6.23502843E-02
   215.815002        -6.19339235E-02
   215.929993        -6.15198985E-02
   216.044998        -6.11083470E-02
   216.160004        -6.06993884E-02
   216.274994        -6.02931939E-02
   216.389999        -5.98899350E-02
   216.505005        -5.94897792E-02
   216.619995        -5.90928718E-02
   216.735001        -5.86993508E-02
   216.850006        -5.83093241E-02
   216.964996        -5.79228699E-02
   217.080002        -5.75400628E-02
   217.195007        -5.71609810E-02
   217.309998        -5.67857213E-02
   217.425003        -5.64144142E-02
   217.539993        -5.60472049E-02
   217.654999        -5.56842424E-02
   217.770004        -5.53256609E-02
   217.884995        -5.49715906E-02
   218.000000        -5.46221100E-02
   218.115005        -5.42772785E-02
   218.229996        -5.39371371E-02
   218.345001        -5.36017418E-02
   218.460007        -5.32711819E-02
   218.574997        -5.29455468E-02
   218.690002        -5.26249446E-02
   218.804993        -5.23094982E-02
   218.919998        -5.19993156E-02
   219.035004        -5.16944602E-02
   219.149994        -5.13949655E-02
   219.264999        -5.11008240E-02
   219.380005        -5.08120246E-02
   219.494995        -5.05285487E-02
   219.610001        -5.02504185E-02
   219.725006        -4.99776416E-02
   219.839996        -4.97102886E-02
   219.955002        -4.94484045E-02
   220.070007        -4.91920337E-02
   220.184998        -4.89411876E-02
   220.300003        -4.86958176E-02
   220.414993        -4.84558679E-02
   220.529999        -4.82212417E-02
   220.645004        -4.79918607E-02
   220.759995        -4.77676578E-02
   220.875000        -4.75485884E-02
   220.990005        -4.73346375E-02
   221.104996        -4.71258014E-02
   221.220001        -4.69220430E-02
   221.335007        -4.67233174E-02
   221.449997        -4.65295501E-02
   221.565002        -4.63406332E-02
   221.679993        -4.61564548E-02
   221.794998        -4.59769070E-02
   221.910004        -4.58019078E-02
   222.024994        -4.56314161E-02
   222.139999        -4.54653911E-02
   222.255005        -4.53038365E-02
   222.369995        -4.51467521E-02
   222.485001        -4.49941121E-02
   222.600006        -4.48458530E-02
   222.714996        -4.47019003E-02
   222.830002        -4.45621908E-02
   222.945007        -4.44266312E-02
   223.059998        -4.42951769E-02
   223.175003        -4.41677943E-02
   223.289993        -4.40444760E-02
   223.404999        -4.39252444E-02
   223.520004        -4.38100994E-02
   223.634995        -4.36990485E-02
   223.750000        -4.35920693E-02
   223.865005        -4.34891433E-02
   223.979996        -4.33902368E-02
   224.095001        -4.32953238E-02
   224.210007        -4.32044007E-02
   224.324997        -4.31174859E-02
   224.440002        -4.30346243E-02
   224.554993        -4.29558568E-02
   224.669998        -4.28812318E-02
   224.785004        -4.28107977E-02
   224.899994        -4.27445658E-02
   225.014999        -4.26825546E-02
   225.130005        -4.26247530E-02
   225.244995        -4.25711721E-02
   225.360001        -4.25218046E-02
   225.475006        -4.24766764E-02
   225.589996        -4.24358286E-02
   225.705002        -4.23993059E-02
   225.820007        -4.23671566E-02
   225.934998        -4.23394330E-02
   226.050003        -4.23161797E-02
   226.164993        -4.22974192E-02
   226.279999        -4.22831625E-02
   226.395004        -4.22734469E-02
   226.509995        -4.22683060E-02
   226.625000        -4.22677547E-02
   226.740005        -4.22718599E-02
   226.854996        -4.22806777E-02
   226.970001        -4.22942750E-02
   227.085007        -4.23127189E-02
   227.199997        -4.23360728E-02
   227.315002        -4.23643775E-02
   227.429993        -4.23976779E-02
   227.544998        -4.24360111E-02
   227.660004        -4.24794182E-02
   227.774994        -4.25279699E-02
   227.889999        -4.25817147E-02
   228.005005        -4.26407233E-02
   228.119995        -4.27050591E-02
   228.235001        -4.27747928E-02
   228.350006        -4.28500064E-02
   228.464996        -4.29307520E-02
   228.580002        -4.30170968E-02
   228.695007        -4.31090966E-02
   228.809998        -4.32068184E-02
   228.925003        -4.33102921E-02
   229.039993        -4.34195586E-02
   229.154999        -4.35346588E-02
   229.270004        -4.36556116E-02
   229.384995        -4.37824316E-02
   229.500000        -4.39151339E-02
   229.615005        -4.40537408E-02
   229.729996        -4.41982374E-02
   229.845001        -4.43486311E-02
   229.960007        -4.45048958E-02
   230.074997        -4.46670018E-02
   230.190002        -4.48348969E-02
   230.304993        -4.50085253E-02
   230.419998        -4.51878123E-02
   230.535004        -4.53726761E-02
   230.649994        -4.55630422E-02
   230.764999        -4.57588099E-02
   230.880005        -4.59598862E-02
   230.994995        -4.61661406E-02
   231.110001        -4.63774651E-02
   231.225006        -4.65936959E-02
   231.339996        -4.68146652E-02
   231.455002        -4.70401794E-02
   231.570007        -4.72700261E-02
   231.684998        -4.75039892E-02
   231.800003        -4.77418378E-02
   231.914993        -4.79833595E-02
   232.029999        -4.82283421E-02
   232.145004        -4.84765545E-02
   232.259995        -4.87277694E-02
   232.375000        -4.89817224E-02
   232.490005        -4.92381603E-02
   232.604996        -4.94967774E-02
   232.720001        -4.97572869E-02
   232.835007        -5.00193983E-02
   232.949997        -5.02828024E-02
   233.065002        -5.05472012E-02
   233.179993        -5.08123077E-02
   233.294998        -5.10778241E-02
   233.410004        -5.13434634E-02
   233.524994        -5.16089201E-02
   233.639999        -5.18738702E-02
   233.755005        -5.21380231E-02
   233.869995        -5.24010397E-02
   233.985001        -5.26625887E-02
   234.100006        -5.29223531E-02
   234.214996        -5.31800538E-02
   234.330002        -5.34354039E-02
   234.445007        -5.36881573E-02
   234.559998        -5.39380610E-02
   234.675003        -5.41849025E-02
   234.789993        -5.44284210E-02
   234.904999        -5.46683855E-02
   235.020004        -5.49045317E-02
   235.134995        -5.51365986E-02
   235.250000        -5.53643033E-02
   235.365005        -5.55873998E-02
   235.479996        -5.58056720E-02
   235.595001        -5.60189188E-02
   235.710007        -5.62269576E-02
   235.824997        -5.64296134E-02
   235.940002        -5.66267185E-02
   236.054993        -5.68180569E-02
   236.169998        -5.70034087E-02
   236.285004        -5.71825467E-02
   236.399994        -5.73552474E-02
   236.514999        -5.75213097E-02
   236.630005        -5.76805621E-02
   236.744995        -5.78328669E-02
   236.860001        -5.79780862E-02
   236.975006        -5.81161231E-02
   237.089996        -5.82468435E-02
   237.205002        -5.83700873E-02
   237.320007        -5.84856980E-02
   237.434998        -5.85934706E-02
   237.550003        -5.86932041E-02
   237.664993        -5.87847009E-02
   237.779999        -5.88677898E-02
   237.895004        -5.89423291E-02
   238.009995        -5.90081848E-02
   238.125000        -5.90652451E-02
   238.240005        -5.91134019E-02
   238.354996        -5.91524877E-02
   238.470001        -5.91823310E-02
   238.585007        -5.92027269E-02
   238.699997        -5.92134632E-02
   238.815002        -5.92143424E-02
   238.929993        -5.92051782E-02
   239.044998        -5.91858178E-02
   239.160004        -5.91561198E-02
   239.274994        -5.91159761E-02
   239.389999        -5.90652451E-02
   239.505005        -5.90037853E-02
   239.619995        -5.89314029E-02
   239.735001        -5.88478968E-02
   239.850006        -5.87530620E-02
   239.964996        -5.86466826E-02
   240.080002        -5.85285947E-02
   240.195007        -5.83986416E-02
   240.309998        -5.82567081E-02
   240.425003        -5.81027009E-02
   240.539993        -5.79365417E-02
   240.654999        -5.77581227E-02
   240.770004        -5.75673282E-02
   240.884995        -5.73640242E-02
   241.000000        -5.71480803E-02
   241.115005        -5.69193773E-02
   241.229996        -5.66778220E-02
   241.345001        -5.64233325E-02
   241.460007        -5.61558791E-02
   241.574997        -5.58754504E-02
   241.690002        -5.55820316E-02
   241.804993        -5.52756302E-02
   241.919998        -5.49562089E-02
   242.035004        -5.46237566E-02
   242.149994        -5.42782508E-02
   242.264999        -5.39196804E-02
   242.380005        -5.35480864E-02
   242.494995        -5.31635247E-02
   242.610001        -5.27660996E-02
   242.725006        -5.23559451E-02
   242.839996        -5.19332141E-02
   242.955002        -5.14980592E-02
   243.070007        -5.10506406E-02
   243.184998        -5.05911037E-02
   243.300003        -5.01196049E-02
   243.414993        -4.96363081E-02
   243.529999        -4.91414182E-02
   243.645004        -4.86351438E-02
   243.759995        -4.81177494E-02
   243.875000        -4.75895219E-02
   243.990005        -4.70507182E-02
   244.104996        -4.65016365E-02
   244.220001        -4.59425412E-02
   244.335007        -4.53737043E-02
   244.449997        -4.47954126E-02
   244.565002        -4.42079566E-02
   244.679993        -4.36116718E-02
   244.794998        -4.30068932E-02
   244.910004        -4.23940010E-02
   245.024994        -4.17733900E-02
   245.139999        -4.11454290E-02
   245.255005        -4.05104868E-02
   245.369995        -3.98689471E-02
   245.485001        -3.92211638E-02
