  -18.8999996         0.00000000    
  -18.7849998         0.00000000    
  -18.6700001         0.00000000    
  -18.5550003         0.00000000    
  -18.4400005         0.00000000    
  -18.3250008         0.00000000    
  -18.2099991         0.00000000    
  -18.0949993         0.00000000    
  -17.9799995         0.00000000    
  -17.8649998         0.00000000    
  -17.7500000         0.00000000    
  -17.6350002         0.00000000    
  -17.5200005         0.00000000    
  -17.4050007         0.00000000    
  -17.2900009         0.00000000    
  -17.1749992         0.00000000    
  -17.0599995         0.00000000    
  -16.9449997         0.00000000    
  -16.8299999         0.00000000    
  -16.7150002         0.00000000    
  -16.6000004         0.00000000    
  -16.4850006         0.00000000    
  -16.3700008         0.00000000    
  -16.2549992         0.00000000    
  -16.1399994         0.00000000    
  -16.0249996        -3.78078978E-34
  -15.9099998        -2.16522423E-33
  -15.7950001         7.08560150E-33
  -15.6800003        -1.56449541E-31
  -15.5649996        -4.06661236E-31
  -15.4499998        -6.13538039E-31
  -15.3350000        -6.55642036E-31
  -15.2200003         6.73448766E-32
  -15.1049995         1.55759913E-30
  -14.9899998         3.89619013E-30
  -14.8750000         6.27204063E-30
  -14.7600002         7.70810353E-30
  -14.6450005         6.15700205E-30
  -14.5299997        -1.62558361E-30
  -14.4150000        -1.96703004E-29
  -14.3000002        -5.17105028E-29
  -14.1850004        -9.86439410E-29
  -14.0699997        -1.54096544E-28
  -13.9549999        -1.98475651E-28
  -13.8400002        -1.93857789E-28
  -13.7250004        -8.18021049E-29
  -13.6099997         2.09944347E-28
  -13.4949999         7.46948770E-28
  -13.3800001         1.55028559E-27
  -13.2650003         2.54017660E-27
  -13.1499996         3.46895035E-27
  -13.0349998         3.86322365E-27
  -12.9200001         3.00804084E-27
  -12.8050003         1.58779879E-29
  -12.6899996        -5.97333605E-27
  -12.5749998        -1.54305939E-26
  -12.4600000        -2.79201540E-26
  -12.3450003        -4.14951868E-26
  -12.2299995        -5.21584230E-26
  -12.1149998        -5.36289707E-26
  -12.0000000        -3.77226013E-26
  -11.8850002         4.33988514E-27
  -11.7700005         7.94735639E-26
  -11.6549997         1.89120823E-25
  -11.5400000         3.24859034E-25
  -11.4250002         4.64065719E-25
  -11.3100004         5.66987514E-25
  -11.1949997         5.76964139E-25
  -11.0799999         4.25681128E-25
  -10.9650002         4.49906849E-26
  -10.8500004        -6.14110909E-25
  -10.7349997        -1.55637780E-24
  -10.6199999        -2.71428973E-24
  -10.5050001        -3.92276626E-24
  -10.3900003        -4.90449340E-24
  -10.2749996        -5.27503911E-24
  -10.1599998        -4.57659429E-24
  -10.0450001        -2.34657109E-24
  -9.93000031         1.77798500E-24
  -9.81499958         7.92697215E-24
  -9.69999981         1.58511107E-23
  -9.58500004         2.47892645E-23
  -9.47000027         3.33833913E-23
  -9.35499954         3.96792239E-23
  -9.23999977         4.12481925E-23
  -9.12500000         3.54552366E-23
  -9.01000023         1.98775041E-23
  -8.89500046        -7.14852657E-24
  -8.77999973        -4.59064603E-23
  -8.66499996        -9.46933232E-23
  -8.55000019        -1.49340874E-22
  -8.43500042        -2.02992982E-22
  -8.31999969        -2.46262281E-22
  -8.20499992        -2.67861822E-22
  -8.09000015        -2.55755875E-22
  -7.97499990        -1.98801379E-22
  -7.86000013        -8.87650019E-23
  -7.74499989         7.74881154E-23
  -7.63000011         2.95916644E-22
  -7.51499987         5.53671000E-22
  -7.40000010         8.28256392E-22
  -7.28499985         1.08780551E-21
  -7.17000008         1.29269074E-21
  -7.05499983         1.39857289E-21
  -6.94000006         1.36081490E-21
  -6.82499981         1.14000069E-21
  -6.71000004         7.08115476E-22
  -6.59499979         5.47891162E-23
  -6.48000002        -8.07109820E-22
  -6.36499977        -1.83727861E-21
  -6.25000000        -2.96590597E-21
  -6.13500023        -4.09433279E-21
  -6.01999998        -5.09888266E-21
  -5.90500021        -5.83807517E-21
  -5.78999996        -6.16314745E-21
  -5.67500019        -5.93154738E-21
  -5.55999994        -5.02274206E-21
  -5.44500017        -3.35542120E-21
  -5.32999992        -9.04910448E-22
  -5.21500015         2.28063732E-21
  -5.09999990         6.06690895E-21
  -4.98500013         1.02247497E-20
  -4.86999989         1.44280429E-20
  -4.75500011         1.82600411E-20
  -4.63999987         2.12299362E-20
  -4.52500010         2.28010446E-20
  -4.40999985         2.24314580E-20
  -4.29500008         1.96269861E-20
  -4.17999983         1.40049917E-20
  -4.06500006         5.36599253E-21
  -3.95000005        -6.23193067E-21
  -3.83500004        -2.04030722E-20
  -3.72000003        -3.63774291E-20
  -3.60500002        -5.29681745E-20
  -3.49000001        -6.85747010E-20
  -3.37500000        -8.12325224E-20
  -3.25999999        -8.87192824E-20
  -3.14499998        -8.87224490E-20
  -3.02999997        -7.90684370E-20
  -2.91499996        -5.80055170E-20
  -2.79999995        -2.45234333E-20
  -2.68499994         2.13168257E-20
  -2.56999993         7.80794392E-20
  -2.45499992         1.42720360E-19
  -2.33999991         2.10472565E-19
  -2.22499990         2.74898536E-19
  -2.10999990         3.28151545E-19
  -1.99500000         3.61474412E-19
  -1.88000000         3.65943230E-19
  -1.76499999         3.33435755E-19
  -1.64999998         2.57772330E-19
  -1.53499997         1.35941537E-19
  -1.41999996        -3.07102273E-20
  -1.30499995        -2.35473324E-19
  -1.19000006        -4.65618829E-19
  -1.07500005        -7.02257263E-19
 -0.959999979        -9.20859954E-19
 -0.845000029        -1.09255122E-18
 -0.730000019        -1.18621536E-18
 -0.615000010        -1.17138246E-18
 -0.500000000        -1.02175820E-18
 -0.384999990        -7.19159251E-19
 -0.270000011        -2.57516317E-19
 -0.155000001         3.53480280E-19
  -3.99999991E-02     1.08557043E-18
   7.50000030E-02     1.89044229E-18
  0.189999998         2.70003415E-18
  0.305000007         3.42897755E-18
  0.419999987         3.97938436E-18
  0.535000026         4.24796825E-18
  0.649999976         4.13524049E-18
  0.764999986         3.55624012E-18
  0.879999995         2.45199763E-18
  0.995000005         8.00683433E-19
   1.11000001        -1.37276682E-18
   1.22500002        -3.98983786E-18
   1.34000003        -6.91565551E-18
   1.45500004        -9.96128530E-18
   1.57000005        -1.28918009E-17
   1.68499994        -1.54403452E-17
   1.79999995        -1.73278341E-17
   1.91499996        -1.82873057E-17
   2.02999997        -1.80912573E-17
   2.14499998        -1.65797667E-17
   2.25999999        -1.36867223E-17
   2.37500000        -9.46123808E-18
   2.49000001        -4.08139972E-18
   2.60500002         2.14224559E-18
   2.72000003         8.77536142E-18
   2.83500004         1.52816523E-17
   2.95000005         2.10576990E-17
   3.06500006         2.54792953E-17
   3.18000007         2.79564515E-17
   3.29500008         2.79930095E-17
   3.41000009         2.52457260E-17
   3.52500010         1.95771582E-17
   3.64000010         1.10963864E-17
   3.75500011         1.82205969E-19
   3.86999989        -1.25157663E-17
   3.98499990        -2.61009100E-17
   4.09999990        -3.94792561E-17
   4.21500015        -5.14334585E-17
   4.32999992        -6.07171348E-17
   4.44500017        -6.61632457E-17
   4.55999994        -6.67980439E-17
   4.67500019        -6.19508516E-17
   4.78999996        -5.13489835E-17
   4.90500021        -3.51875618E-17
   5.01999998        -1.41650428E-17
   5.13500023         1.05225447E-17
   5.25000000         3.72326534E-17
   5.36499977         6.39729442E-17
   5.48000002         8.85400628E-17
   5.59499979         1.08692697E-16
   5.71000004         1.22347689E-16
   5.82499981         1.27784568E-16
   5.94000006         1.23842080E-16
   6.05499983         1.10089229E-16
   6.17000008         8.69540929E-17
   6.28499985         5.57954234E-17
   6.40000010         1.89053717E-17
   6.51499987        -2.05635314E-17
   6.63000011        -5.87491266E-17
   6.74499989        -9.13040306E-17
   6.86000013        -1.13683362E-16
   6.97499990        -1.21480473E-16
   7.09000015        -1.10790301E-16
   7.20499992        -7.85762223E-17
   7.32000017        -2.30148596E-17
   7.43499994         5.62078160E-17
   7.55000019         1.57673357E-16
   7.66499996         2.78102384E-16
   7.78000021         4.12336750E-16
   7.89499998         5.53442646E-16
   8.01000023         6.92937272E-16
   8.12500000         8.21133486E-16
   8.23999977         9.27589592E-16
   8.35499954         1.00164378E-15
   8.47000027         1.03300581E-15
   8.58500004         1.01237494E-15
   8.69999981         9.32048056E-16
   8.81499958         7.86483644E-16
   8.93000031         5.72786231E-16
   9.04500008         2.91081681E-16
   9.15999985        -5.52430289E-17
   9.27499962        -4.59450576E-16
   9.39000034        -9.11525824E-16
   9.50500011        -1.39840724E-15
   9.61999989        -1.90436808E-15
   9.73499966        -2.41152821E-15
   9.85000038        -2.90047205E-15
   9.96500015        -3.35093603E-15
   10.0799999        -3.74253800E-15
   10.1949997        -4.05550905E-15
   10.3100004        -4.27139572E-15
   10.4250002        -4.37370545E-15
   10.5400000        -4.34847191E-15
   10.6549997        -4.18472731E-15
   10.7700005        -3.87487631E-15
   10.8850002        -3.41496812E-15
   11.0000000        -2.80488227E-15
   11.1149998        -2.04843399E-15
   11.2299995        -1.15341758E-15
   11.3450003        -1.31597011E-16
   11.4600000         1.00134244E-15
   11.5749998         2.22588252E-15
   11.6899996         3.51880187E-15
   11.8050003         4.85336496E-15
   11.9200001         6.19958745E-15
   12.0349998         7.52460872E-15
   12.1499996         8.79320827E-15
   12.2650003         9.96849189E-15
   12.3800001         1.10127751E-14
   12.4949999         1.18886978E-14
   12.6099997         1.25605474E-14
   12.7250004         1.29958097E-14
   12.8400002         1.31668858E-14
   12.9549999         1.30529234E-14
   13.0699997         1.26416923E-14
   13.1850004         1.19313891E-14
   13.3000002         1.09322646E-14
   13.4150000         9.66794004E-15
   13.5299997         8.17626843E-15
   13.6450005         6.50964683E-15
   13.7600002         4.73465159E-15
   13.8750000         2.93092034E-15
   13.9899998         1.18922716E-15
   14.1049995        -3.91227472E-16
   14.2200003        -1.70630351E-15
   14.3350000        -2.65107781E-15
   14.4499998        -3.12451841E-15
   14.5649996        -3.03450231E-15
   14.6800003        -2.30294176E-15
   14.7950001        -8.70752570E-16
   14.9099998         1.29760238E-15
   15.0249996         4.21029415E-15
   15.1400003         7.84529708E-15
   15.2550001         1.21487683E-14
   15.3699999         1.70349066E-14
   15.4849997         2.23873281E-14
   15.6000004         2.80621558E-14
   15.7150002         3.38926681E-14
   15.8299999         3.96955418E-14
   15.9449997         4.52783834E-14
   16.0599995         5.04483167E-14
   16.1749992         5.50213324E-14
   16.2900009         5.88318185E-14
   16.4050007         6.17419256E-14
   16.5200005         6.36502163E-14
   16.6350002         6.44990314E-14
   16.7500000         6.42803207E-14
   16.8649998         6.30391599E-14
   16.9799995         6.08749501E-14
   17.0949993         5.79398793E-14
   17.2099991         5.44345588E-14
   17.3250008         5.06009419E-14
   17.4400005         4.67125694E-14
   17.5550003         4.30626807E-14
   17.6700001         3.99504479E-14
   17.7849998         3.76660678E-14
   17.8999996         3.64753597E-14
   18.0149994         3.66046406E-14
   18.1299992         3.82267155E-14
   18.2450008         4.14486696E-14
   18.3600006         4.63022903E-14
   18.4750004         5.27377113E-14
   18.5900002         6.06208334E-14
   18.7049999         6.97347250E-14
   18.8199997         7.97854079E-14
   18.9349995         9.04115514E-14
   19.0499992         1.01198231E-13
   19.1650009         1.11693898E-13
   19.2800007         1.21430088E-13
   19.3950005         1.29942837E-13
   19.5100002         1.36795008E-13
   19.6250000         1.41598145E-13
   19.7399998         1.44033101E-13
   19.8549995         1.43868085E-13
   19.9699993         1.40973360E-13
   20.0849991         1.35331443E-13
   20.2000008         1.27042379E-13
   20.3150005         1.16323658E-13
   20.4300003         1.03504289E-13
   20.5450001         8.90135811E-14
   20.6599998         7.33644441E-14
   20.7749996         5.71323587E-14
   20.8899994         4.09305124E-14
   21.0049992         2.53824959E-14
   21.1200008         1.10934152E-14
   21.2350006        -1.37877630E-15
   21.3500004        -1.15507376E-14
   21.4650002        -1.90384478E-14
   21.5799999        -2.35779431E-14
   21.6949997        -2.50410434E-14
   21.8099995        -2.34451317E-14
   21.9249992        -1.89564296E-14
   22.0400009        -1.18864904E-14
   22.1550007        -2.68186217E-15
   22.2700005         8.09270779E-15
   22.3850002         1.97767387E-14
   22.5000000         3.16413765E-14
   22.6149998         4.29203758E-14
   22.7299995         5.28431330E-14
   22.8449993         6.06685112E-14
   22.9599991         6.57177153E-14
   23.0750008         6.74046051E-14
   23.1900005         6.52620861E-14
   23.3050003         5.89630138E-14
   23.4200001         4.83350441E-14
   23.5349998         3.33680091E-14
   23.6499996         1.42137329E-14
   23.7649994        -8.82183290E-15
   23.8799992        -3.52937589E-14
   23.9950008        -6.46406485E-14
   24.1100006        -9.62124125E-14
   24.2250004        -1.29302968E-13
   24.3400002        -1.63186644E-13
   24.4549999        -1.97154982E-13
   24.5699997        -2.30554643E-13
   24.6849995        -2.62823238E-13
   24.7999992        -2.93521013E-13
   24.9150009        -3.22358188E-13
   25.0300007        -3.49216017E-13
   25.1450005        -3.74160338E-13
   25.2600002        -3.97447239E-13
   25.3750000        -4.19520755E-13
   25.4899998        -4.41002297E-13
   25.6049995        -4.62671947E-13
   25.7199993        -4.85442253E-13
   25.8349991        -5.10326590E-13
   25.9500008        -5.38401572E-13
   26.0650005        -5.70767446E-13
   26.1800003        -6.08504675E-13
   26.2950001        -6.52631161E-13
   26.4099998        -7.04061700E-13
   26.5249996        -7.63569167E-13
   26.6399994        -8.31751118E-13
   26.7549992        -9.09001498E-13
   26.8700008        -9.95490799E-13
   26.9850006        -1.09115364E-12
   27.1000004        -1.19568288E-12
   27.2150002        -1.30853661E-12
   27.3299999        -1.42894952E-12
   27.4449997        -1.55595491E-12
   27.5599995        -1.68841330E-12
   27.6749992        -1.82504923E-12
   27.7900009        -1.96449042E-12
   27.9050007        -2.10531310E-12
   28.0200005        -2.24608873E-12
   28.1350002        -2.38543278E-12
   28.2500000        -2.52204963E-12
   28.3649998        -2.65477787E-12
   28.4799995        -2.78262894E-12
   28.5949993        -2.90482265E-12
   28.7099991        -3.02081082E-12
   28.8250008        -3.13029962E-12
   28.9400005        -3.23325524E-12
   29.0550003        -3.32990883E-12
   29.1700001        -3.42074459E-12
   29.2849998        -3.50648243E-12
   29.3999996        -3.58805108E-12
   29.5149994        -3.66655100E-12
   29.6299992        -3.74321667E-12
   29.7450008        -3.81936496E-12
   29.8600006        -3.89634852E-12
   29.9750004        -3.97549571E-12
   30.0900002        -4.05806205E-12
   30.2049999        -4.14517249E-12
   30.3199997        -4.23777680E-12
   30.4349995        -4.33659922E-12
   30.5499992        -4.44210684E-12
   30.6650009        -4.55447529E-12
   30.7800007        -4.67357056E-12
   30.8950005        -4.79893425E-12
   31.0100002        -4.92978965E-12
   31.1250000        -5.06504257E-12
   31.2399998        -5.20330610E-12
   31.3549995        -5.34292922E-12
   31.4699993        -5.48203019E-12
   31.5849991        -5.61854382E-12
   31.7000008        -5.75027005E-12
   31.8150005        -5.87492988E-12
   31.9300003        -5.99021570E-12
   32.0449982        -6.09385285E-12
   32.1599998        -6.18365428E-12
   32.2750015        -6.25757128E-12
   32.3899994        -6.31374076E-12
   32.5050011        -6.35052991E-12
   32.6199989        -6.36656569E-12
   32.7350006        -6.36076521E-12
   32.8499985        -6.33235044E-12
   32.9650002        -6.28085561E-12
   33.0800018        -6.20612806E-12
   33.1949997        -6.10831351E-12
   33.3100014        -5.98783870E-12
   33.4249992        -5.84537887E-12
   33.5400009        -5.68182307E-12
   33.6549988        -5.49822948E-12
   33.7700005        -5.29577120E-12
   33.8849983        -5.07568466E-12
   34.0000000        -4.83921020E-12
   34.1150017        -4.58753174E-12
   34.2299995        -4.32171486E-12
   34.3450012        -4.04265293E-12
   34.4599991        -3.75101556E-12
   34.5750008        -3.44719218E-12
   34.6899986        -3.13126044E-12
   34.8050003        -2.80295080E-12
   34.9199982        -2.46162487E-12
   35.0349998        -2.10626742E-12
   35.1500015        -1.73548600E-12
   35.2649994        -1.34753016E-12
   35.3800011        -9.40318461E-13
   35.4949989        -5.11480506E-13
   35.6100006        -5.84176533E-14
   35.7249985         4.21632130E-13
   35.8400002         9.31513872E-13
   35.9550018         1.47406870E-12
   36.0699997         2.05203714E-12
   36.1850014         2.66795895E-12
   36.2999992         3.32407452E-12
   36.4150009         4.02222439E-12
   36.5299988         4.76375319E-12
   36.6450005         5.54942984E-12
   36.7599983         6.37937272E-12
   36.8750000         7.25300072E-12
   36.9900017         8.16899499E-12
   37.1049995         9.12528473E-12
   37.2200012         1.01190584E-11
   37.3349991         1.11468022E-11
   37.4500008         1.22043582E-11
   37.5649986         1.32870147E-11
   37.6800003         1.43896110E-11
   37.7949982         1.55066723E-11
   37.9099998         1.66325564E-11
   38.0250015         1.77616151E-11
   38.1399994         1.88883614E-11
   38.2550011         2.00076327E-11
   38.3699989         2.11147540E-11
   38.4850006         2.22056765E-11
   38.5999985         2.32771163E-11
   38.7150002         2.43266345E-11
   38.8300018         2.53527165E-11
   38.9449997         2.63548159E-11
   39.0600014         2.73333283E-11
   39.1749992         2.82895703E-11
   39.2900009         2.92256740E-11
   39.4049988         3.01444841E-11
   39.5200005         3.10493541E-11
   39.6349983         3.19440203E-11
   39.7500000         3.28323375E-11
   39.8650017         3.37180700E-11
   39.9799995         3.46046525E-11
   40.0950012         3.54949750E-11
   40.2099991         3.63911401E-11
   40.3250008         3.72942927E-11
   40.4399986         3.82044223E-11
   40.5550003         3.91202487E-11
   40.6699982         4.00391491E-11
   40.7849998         4.09571196E-11
   40.9000015         4.18687723E-11
   41.0149994         4.27674320E-11
   41.1300011         4.36452575E-11
   41.2449989         4.44933743E-11
   41.3600006         4.53021370E-11
   41.4749985         4.60613249E-11
   41.5900002         4.67604323E-11
   41.7050018         4.73889469E-11
   41.8199997         4.79366130E-11
   41.9350014         4.83937439E-11
   42.0499992         4.87514300E-11
   42.1650009         4.90018130E-11
   42.2799988         4.91382490E-11
   42.3950005         4.91554505E-11
   42.5099983         4.90495942E-11
   42.6250000         4.88183764E-11
   42.7400017         4.84609575E-11
   42.8549995         4.79779896E-11
   42.9700012         4.73714262E-11
   43.0849991         4.66443932E-11
   43.2000008         4.58010505E-11
   43.3149986         4.48463489E-11
   43.4300003         4.37857979E-11
   43.5449982         4.26252610E-11
   43.6599998         4.13707020E-11
   43.7750015         4.00279775E-11
   43.8899994         3.86026211E-11
   44.0050011         3.70996879E-11
   44.1199989         3.55236084E-11
   44.2350006         3.38780774E-11
   44.3499985         3.21659852E-11
   44.4650002         3.03893820E-11
   44.5800018         2.85495030E-11
   44.6949997         2.66467525E-11
   44.8100014         2.46808372E-11
   44.9249992         2.26508083E-11
   45.0400009         2.05551808E-11
   45.1549988         1.83920396E-11
   45.2700005         1.61591730E-11
   45.3849983         1.38541739E-11
   45.5000000         1.14745522E-11
   45.6150017         9.01783336E-12
   45.7299995         6.48164508E-12
   45.8450012         3.86378386E-12
   45.9599991         1.16227416E-12
   46.0750008        -1.62462752E-12
   46.1899986        -4.49839688E-12
   46.3050003        -7.46023729E-12
   46.4199982        -1.05110972E-11
   46.5349998        -1.36516735E-11
   46.6500015        -1.68824416E-11
   46.7649994        -2.02036443E-11
   46.8800011        -2.36153146E-11
   46.9949989        -2.71172442E-11
   47.1100006        -3.07089978E-11
   47.2249985        -3.43898451E-11
   47.3400002        -3.81587435E-11
   47.4550018        -4.20142497E-11
   47.5699997        -4.59544659E-11
   47.6850014        -4.99769531E-11
   47.7999992        -5.40786339E-11
   47.9150009        -5.82557266E-11
   48.0299988        -6.25036412E-11
   48.1450005        -6.68169339E-11
   48.2599983        -7.11892212E-11
   48.3750000        -7.56131477E-11
   48.4900017        -8.00803937E-11
   48.6049995        -8.45816542E-11
   48.7200012        -8.91067151E-11
   48.8349991        -9.36445019E-11
   48.9500008        -9.81831769E-11
   49.0649986        -1.02710292E-10
   49.1800003        -1.07212905E-10
   49.2949982        -1.11677792E-10
   49.4099998        -1.16091588E-10
   49.5250015        -1.20441018E-10
   49.6399994        -1.24713032E-10
   49.7550011        -1.28895089E-10
   49.8699989        -1.32975200E-10
   49.9850006        -1.36942249E-10
   50.0999985        -1.40785980E-10
   50.2150002        -1.44497178E-10
   50.3300018        -1.48067697E-10
   50.4449997        -1.51490556E-10
   50.5600014        -1.54759885E-10
   50.6749992        -1.57870925E-10
   50.7900009        -1.60819927E-10
   50.9049988        -1.63604075E-10
   51.0200005        -1.66221342E-10
   51.1349983        -1.68670314E-10
   51.2500000        -1.70950046E-10
   51.3650017        -1.73059858E-10
   51.4799995        -1.74999112E-10
   51.5950012        -1.76767101E-10
   51.7099991        -1.78362783E-10
   51.8250008        -1.79784659E-10
   51.9399986        -1.81030579E-10
   52.0550003        -1.82097670E-10
   52.1699982        -1.82982227E-10
   52.2849998        -1.83679669E-10
   52.4000015        -1.84184487E-10
   52.5149994        -1.84490298E-10
   52.6300011        -1.84589899E-10
   52.7449989        -1.84475352E-10
   52.8600006        -1.84138135E-10
   52.9749985        -1.83569299E-10
   53.0900002        -1.82759627E-10
   53.2050018        -1.81699961E-10
   53.3199997        -1.80381279E-10
   53.4350014        -1.78794979E-10
   53.5499992        -1.76933149E-10
   53.6650009        -1.74788711E-10
   53.7799988        -1.72355616E-10
   53.8950005        -1.69628978E-10
   54.0099983        -1.66605257E-10
   54.1250000        -1.63282290E-10
   54.2400017        -1.59659258E-10
   54.3549995        -1.55736715E-10
   54.4700012        -1.51516466E-10
   54.5849991        -1.47001467E-10
   54.7000008        -1.42195561E-10
   54.8149986        -1.37103273E-10
   54.9300003        -1.31729599E-10
   55.0449982        -1.26079563E-10
   55.1599998        -1.20158009E-10
   55.2750015        -1.13969188E-10
   55.3899994        -1.07516475E-10
   55.5050011        -1.00802110E-10
   55.6199989        -9.38268699E-11
   55.7350006        -8.65899089E-11
   55.8499985        -7.90886245E-11
   55.9650002        -7.13184997E-11
   56.0800018        -6.32731506E-11
   56.1949997        -5.49443893E-11
   56.3100014        -4.63223557E-11
   56.4249992        -3.73957323E-11
   56.5400009        -2.81520623E-11
   56.6549988        -1.85780644E-11
   56.7700005        -8.66007526E-12
   56.8849983         1.61546959E-12
   57.0000000         1.22615902E-11
   57.1150017         2.32902222E-11
   57.2299995         3.47117647E-11
   57.3450012         4.65345956E-11
   57.4599991         5.87645904E-11
   57.5750008         7.14047779E-11
   57.6899986         8.44549708E-11
   57.8050003         9.79115747E-11
   57.9199982         1.11767332E-10
   58.0349998         1.26011299E-10
   58.1500015         1.40628842E-10
   58.2649994         1.55601698E-10
   58.3800011         1.70908232E-10
   58.4949989         1.86523630E-10
   58.6100006         2.02420344E-10
   58.7249985         2.18568455E-10
   58.8400002         2.34936237E-10
   58.9550018         2.51490551E-10
   59.0699997         2.68197492E-10
   59.1850014         2.85022894E-10
   59.2999992         3.01932923E-10
   59.4150009         3.18894577E-10
   59.5299988         3.35876077E-10
   59.6450005         3.52847390E-10
   59.7599983         3.69780595E-10
   59.8750000         3.86650018E-10
   59.9900017         4.03432621E-10
   60.1049995         4.20107976E-10
   60.2200012         4.36658404E-10
   60.3349991         4.53068805E-10
   60.4500008         4.69326522E-10
   60.5649986         4.85421203E-10
   60.6800003         5.01344299E-10
   60.7949982         5.17088983E-10
   60.9099998         5.32649369E-10
   61.0250015         5.48020407E-10
   61.1399994         5.63197267E-10
   61.2550011         5.78174841E-10
   61.3699989         5.92947358E-10
   61.4850006         6.07507877E-10
   61.5999985         6.21847962E-10
   61.7150002         6.35957231E-10
   61.8300018         6.49823140E-10
   61.9449997         6.63430588E-10
   62.0600014         6.76761924E-10
   62.1749992         6.89796664E-10
   62.2900009         7.02511715E-10
   62.4049988         7.14881043E-10
   62.5200005         7.26876059E-10
   62.6349983         7.38465789E-10
   62.7500000         7.49616980E-10
   62.8650017         7.60294550E-10
   62.9799995         7.70461750E-10
   63.0950012         7.80080556E-10
   63.2099991         7.89112053E-10
   63.3250008         7.97516775E-10
   63.4399986         8.05254974E-10
   63.5550003         8.12287071E-10
   63.6699982         8.18573986E-10
   63.7849998         8.24077473E-10
   63.9000015         8.28760172E-10
   64.0149994         8.32585945E-10
   64.1299973         8.35520042E-10
   64.2450027         8.37529157E-10
   64.3600006         8.38581315E-10
   64.4749985         8.38645764E-10
   64.5899963         8.37693415E-10
   64.7050018         8.35696456E-10
   64.8199997         8.32628466E-10
   64.9349976         8.28463909E-10
   65.0500031         8.23178359E-10
   65.1650009         8.16748003E-10
   65.2799988         8.09150025E-10
   65.3949966         8.00361832E-10
   65.5100021         7.90361443E-10
   65.6250000         7.79127096E-10
   65.7399979         7.66637365E-10
   65.8550034         7.52871043E-10
   65.9700012         7.37807315E-10
   66.0849991         7.21425308E-10
   66.1999969         7.03704595E-10
   66.3150024         6.84624912E-10
   66.4300003         6.64166222E-10
   66.5449982         6.42309095E-10
   66.6600037         6.19034712E-10
   66.7750015         5.94324701E-10
   66.8899994         5.68161074E-10
   67.0049973         5.40526901E-10
   67.1200027         5.11405640E-10
   67.2350006         4.80781914E-10
   67.3499985         4.48641291E-10
   67.4649963         4.14970558E-10
   67.5800018         3.79757864E-10
   67.6949997         3.42993134E-10
   67.8099976         3.04668346E-10
   67.9250031         2.64777561E-10
   68.0400009         2.23317795E-10
   68.1549988         1.80288937E-10
   68.2699966         1.35694234E-10
   68.3850021         8.95413119E-11
   68.5000000         4.18420298E-11
   68.6149979        -7.38670757E-12
   68.7300034        -5.81225484E-11
   68.8450012        -1.10337538E-10
   68.9599991        -1.63997621E-10
   69.0749969        -2.19062449E-10
   69.1900024        -2.75485551E-10
   69.3050003        -3.33214345E-10
   69.4199982        -3.92190447E-10
   69.5350037        -4.52349852E-10
   69.6500015        -5.13623977E-10
   69.7649994        -5.75939851E-10
   69.8799973        -6.39221620E-10
   69.9950027        -7.03391123E-10
   70.1100006        -7.68369091E-10
   70.2249985        -8.34076364E-10
   70.3399963        -9.00434782E-10
   70.4550018        -9.67368963E-10
   70.5699997        -1.03480680E-09
   70.6849976        -1.10268061E-09
   70.8000031        -1.17092802E-09
   70.9150009        -1.23949218E-09
   71.0299988        -1.30832256E-09
   71.1449966        -1.37737488E-09
   71.2600021        -1.44661072E-09
   71.3750000        -1.51599744E-09
   71.4899979        -1.58550728E-09
   71.6050034        -1.65511616E-09
   71.7200012        -1.72480319E-09
   71.8349991        -1.79454829E-09
   71.9499969        -1.86433180E-09
   72.0650024        -1.93413197E-09
   72.1800003        -2.00392458E-09
   72.2949982        -2.07367967E-09
   72.4100037        -2.14336215E-09
   72.5250015        -2.21292851E-09
   72.6399994        -2.28232699E-09
   72.7549973        -2.35149566E-09
   72.8700027        -2.42036302E-09
   72.9850006        -2.48884580E-09
   73.0999985        -2.55684984E-09
   73.2149963        -2.62427036E-09
   73.3300018        -2.69099187E-09
   73.4449997        -2.75688916E-09
   73.5599976        -2.82182855E-09
   73.6750031        -2.88566748E-09
   73.7900009        -2.94825653E-09
   73.9049988        -3.00944025E-09
   74.0199966        -3.06905856E-09
   74.1350021        -3.12694781E-09
   74.2500000        -3.18294235E-09
   74.3649979        -3.23687566E-09
   74.4800034        -3.28858141E-09
   74.5950012        -3.33789485E-09
   74.7099991        -3.38465234E-09
   74.8249969        -3.42869400E-09
   74.9400024        -3.46986329E-09
   75.0550003        -3.50800766E-09
   75.1699982        -3.54297858E-09
   75.2850037        -3.57463303E-09
   75.4000015        -3.60283248E-09
   75.5149994        -3.62744434E-09
   75.6299973        -3.64834185E-09
   75.7450027        -3.66540398E-09
   75.8600006        -3.67851705E-09
   75.9749985        -3.68757247E-09
   76.0899963        -3.69246833E-09
   76.2050018        -3.69310893E-09
   76.3199997        -3.68940567E-09
   76.4349976        -3.68127551E-09
   76.5500031        -3.66864228E-09
   76.6650009        -3.65143582E-09
   76.7799988        -3.62959152E-09
   76.8949966        -3.60305052E-09
   77.0100021        -3.57175711E-09
   77.1250000        -3.53566199E-09
   77.2399979        -3.49471718E-09
   77.3550034        -3.44888051E-09
   77.4700012        -3.39811024E-09
   77.5849991        -3.34236705E-09
   77.6999969        -3.28161209E-09
   77.8150024        -3.21580851E-09
   77.9300003        -3.14491766E-09
   78.0449982        -3.06890247E-09
   78.1600037        -2.98772429E-09
   78.2750015        -2.90134428E-09
   78.3899994        -2.80972379E-09
   78.5049973        -2.71282530E-09
   78.6200027        -2.61061217E-09
   78.7350006        -2.50305021E-09
   78.8499985        -2.39010789E-09
   78.9649963        -2.27175723E-09
   79.0800018        -2.14797580E-09
   79.1949997        -2.01874650E-09
   79.3099976        -1.88406069E-09
   79.4250031        -1.74391690E-09
   79.5400009        -1.59832347E-09
   79.6549988        -1.44729817E-09
   79.7699966        -1.29086930E-09
   79.8850021        -1.12907617E-09
   80.0000000        -9.61969615E-10
   80.1149979        -7.89611654E-10
   80.2300034        -6.12075390E-10
   80.3450012        -4.29444869E-10
   80.4599991        -2.41815179E-10
   80.5749969        -4.92912586E-11
   80.6900024         1.48013102E-10
   80.8050003         3.49974466E-10
   80.9199982         5.56461321E-10
   81.0350037         7.67334418E-10
   81.1500015         9.82446680E-10
   81.2649994         1.20164356E-09
   81.3799973         1.42476519E-09
   81.4950027         1.65164293E-09
   81.6100006         1.88210314E-09
   81.7249985         2.11596518E-09
   81.8399963         2.35303954E-09
   81.9550018         2.59313326E-09
   82.0699997         2.83604340E-09
   82.1849976         3.08156101E-09
   82.3000031         3.32947092E-09
   82.4150009         3.57954666E-09
   82.5299988         3.83155507E-09
   82.6449966         4.08525347E-09
   82.7600021         4.34038983E-09
   82.8750000         4.59670257E-09
   82.9899979         4.85391993E-09
   83.1050034         5.11176079E-09
   83.2200012         5.36993428E-09
   83.3349991         5.62813929E-09
   83.4499969         5.88606408E-09
   83.5650024         6.14338491E-09
   83.6800003         6.39976783E-09
   83.7949982         6.65486688E-09
   83.9100037         6.90832236E-09
   84.0250015         7.15976567E-09
   84.1399994         7.40881623E-09
   84.2549973         7.65507746E-09
   84.3700027         7.89814614E-09
   84.4850006         8.13760170E-09
   84.5999985         8.37301695E-09
   84.7149963         8.60394955E-09
   84.8300018         8.82994922E-09
   84.9449997         9.05055675E-09
   85.0599976         9.26530141E-09
   85.1750031         9.47371070E-09
   85.2900009         9.67530589E-09
   85.4049988         9.86960735E-09
   85.5199966         1.00561355E-08
   85.6350021         1.02344115E-08
   85.7500000         1.04039657E-08
   85.8649979         1.05643370E-08
   85.9800034         1.07150724E-08
   86.0950012         1.08557341E-08
   86.2099991         1.09858975E-08
   86.3249969         1.11051612E-08
   86.4400024         1.12131406E-08
   86.5550003         1.13094760E-08
   86.6699982         1.13938299E-08
   86.7850037         1.14658922E-08
   86.9000015         1.15253780E-08
   87.0149994         1.15720251E-08
   87.1299973         1.16055974E-08
   87.2450027         1.16258834E-08
   87.3600006         1.16326904E-08
   87.4749985         1.16258487E-08
   87.5899963         1.16052048E-08
   87.7050018         1.15706218E-08
   87.8199997         1.15219780E-08
   87.9349976         1.14591625E-08
   88.0500031         1.13820713E-08
   88.1650009         1.12906084E-08
   88.2799988         1.11846852E-08
   88.3949966         1.10642153E-08
   88.5100021         1.09291136E-08
   88.6250000         1.07792948E-08
   88.7399979         1.06146736E-08
   88.8550034         1.04351621E-08
   88.9700012         1.02406750E-08
   89.0849991         1.00311288E-08
   89.1999969         9.80644543E-09
   89.3150024         9.56654489E-09
   89.4300003         9.31135880E-09
   89.5449982         9.04082409E-09
   89.6600037         8.75489903E-09
   89.7750015         8.45354986E-09
   89.8899994         8.13676326E-09
   90.0049973         7.80454545E-09
   90.1200027         7.45692574E-09
   90.2350006         7.09396719E-09
   90.3499985         6.71575773E-09
   90.4649963         6.32242125E-09
   90.5800018         5.91412075E-09
   90.6949997         5.49105827E-09
   90.8099976         5.05347630E-09
   90.9250031         4.60166749E-09
   91.0400009         4.13596357E-09
   91.1549988         3.65674779E-09
   91.2699966         3.16444715E-09
   91.3850021         2.65953504E-09
   91.5000000         2.14253193E-09
   91.6149979         1.61400882E-09
   91.7300034         1.07458076E-09
   91.8450012         5.24907395E-10
   91.9599991        -3.43110401E-11
   92.0749969        -6.02330630E-10
   92.1900024        -1.17837196E-09
   92.3050003        -1.76162185E-09
   92.4199982        -2.35123698E-09
   92.5350037        -2.94634694E-09
   92.6500015        -3.54605945E-09
   92.7649994        -4.14946300E-09
   92.8799973        -4.75563056E-09
   92.9950027        -5.36362821E-09
   93.1100006        -5.97251404E-09
   93.2249985        -6.58134525E-09
   93.3399963        -7.18918258E-09
   93.4550018        -7.79508813E-09
   93.5699997        -8.39813374E-09
   93.6849976        -8.99740282E-09
   93.8000031        -9.59198765E-09
   93.9150009        -1.01810018E-08
   94.0299988        -1.07635758E-08
   94.1449966        -1.13388490E-08
   94.2600021        -1.19059829E-08
   94.3750000        -1.24641568E-08
   94.4899979        -1.30125644E-08
   94.6050034        -1.35504150E-08
   94.7200012        -1.40769334E-08
   94.8349991        -1.45913521E-08
   94.9499969        -1.50929207E-08
   95.0650024        -1.55808912E-08
   95.1800003        -1.60545301E-08
   95.2949982        -1.65131180E-08
   95.4100037        -1.69559318E-08
   95.5250015        -1.73822645E-08
   95.6399994        -1.77914092E-08
   95.7549973        -1.81826714E-08
   95.8700027        -1.85553599E-08
   95.9850006        -1.89087928E-08
   96.0999985        -1.92423055E-08
   96.2149963        -1.95552410E-08
   96.3300018        -1.98469650E-08
   96.4449997        -2.01168557E-08
   96.5599976        -2.03643147E-08
   96.6750031        -2.05887591E-08
   96.7900009        -2.07896456E-08
   96.9049988        -2.09664481E-08
   97.0199966        -2.11186748E-08
   97.1350021        -2.12458744E-08
   97.2500000        -2.13476294E-08
   97.3649979        -2.14235598E-08
   97.4800034        -2.14733298E-08
   97.5950012        -2.14966516E-08
   97.7099991        -2.14932623E-08
   97.8249969        -2.14629594E-08
   97.9400024        -2.14055760E-08
   98.0550003        -2.13209788E-08
   98.1699982        -2.12090878E-08
   98.2850037        -2.10698534E-08
   98.4000015        -2.09032756E-08
   98.5149994        -2.07093915E-08
   98.6299973        -2.04882706E-08
   98.7450027        -2.02400354E-08
   98.8600006        -1.99648369E-08
   98.9749985        -1.96628651E-08
   99.0899963        -1.93343404E-08
   99.2050018        -1.89795148E-08
   99.3199997        -1.85986764E-08
   99.4349976        -1.81921518E-08
   99.5500031        -1.77602946E-08
   99.6650009        -1.73035026E-08
   99.7799988        -1.68221970E-08
   99.8949966        -1.63168430E-08
   100.010002        -1.57879487E-08
   100.125000        -1.52360542E-08
   100.239998        -1.46617323E-08
   100.355003        -1.40655985E-08
   100.470001        -1.34483082E-08
   100.584999        -1.28105624E-08
   100.699997        -1.21530972E-08
   100.815002        -1.14766951E-08
   100.930000        -1.07821858E-08
   101.044998        -1.00704325E-08
   101.160004        -9.34234734E-09
   101.275002        -8.59889138E-09
   101.389999        -7.84106291E-09
   101.504997        -7.06990422E-09
   101.620003        -6.28649621E-09
   101.735001        -5.49195267E-09
   101.849998        -4.68743000E-09
   101.964996        -3.87410815E-09
   102.080002        -3.05319880E-09
   102.195000        -2.22594343E-09
   102.309998        -1.39360701E-09
   102.425003        -5.57468516E-10
   102.540001         2.81174584E-10
   102.654999         1.12100718E-09
   102.769997         1.96070449E-09
   102.885002         2.79894308E-09
   103.000000         3.63439900E-09
   103.114998         4.46575443E-09
   103.230003         5.29169286E-09
   103.345001         6.11091444E-09
   103.459999         6.92213131E-09
   103.574997         7.72407382E-09
   103.690002         8.51548876E-09
   103.805000         9.29515220E-09
   103.919998         1.00618545E-08
   104.035004         1.08144205E-08
   104.150002         1.15516965E-08
   104.264999         1.22725616E-08
   104.379997         1.29759270E-08
   104.495003         1.36607348E-08
   104.610001         1.43259564E-08
   104.724998         1.49706079E-08
   104.839996         1.55937379E-08
   104.955002         1.61944165E-08
   105.070000         1.67717715E-08
   105.184998         1.73249539E-08
   105.300003         1.78531572E-08
   105.415001         1.83555908E-08
   105.529999         1.88315301E-08
   105.644997         1.92802503E-08
   105.760002         1.97010941E-08
   105.875000         2.00934167E-08
   105.989998         2.04566142E-08
   106.105003         2.07901252E-08
   106.220001         2.10934115E-08
   106.334999         2.13659668E-08
   106.449997         2.16073168E-08
   106.565002         2.18170211E-08
   106.680000         2.19946692E-08
   106.794998         2.21398686E-08
   106.910004         2.22522729E-08
   107.025002         2.23315606E-08
   107.139999         2.23774528E-08
   107.254997         2.23896937E-08
   107.370003         2.23680843E-08
   107.485001         2.23124577E-08
   107.599998         2.22227037E-08
   107.714996         2.20987495E-08
   107.830002         2.19405720E-08
   107.945000         2.17482139E-08
   108.059998         2.15217586E-08
   108.175003         2.12613696E-08
   108.290001         2.09672830E-08
   108.404999         2.06398010E-08
   108.519997         2.02793053E-08
   108.635002         1.98862722E-08
   108.750000         1.94612380E-08
   108.864998         1.90048457E-08
   108.980003         1.85177917E-08
   109.095001         1.80008666E-08
   109.209999         1.74549335E-08
   109.324997         1.68809553E-08
   109.440002         1.62799516E-08
   109.555000         1.56530451E-08
   109.669998         1.50014117E-08
   109.785004         1.43263161E-08
   109.900002         1.36290685E-08
   110.014999         1.29110544E-08
   110.129997         1.21737020E-08
   110.245003         1.14184786E-08
   110.360001         1.06468949E-08
   110.474998         9.86048843E-09
   110.589996         9.06082942E-09
   110.705002         8.24950241E-09
   110.820000         7.42812123E-09
   110.934998         6.59830102E-09
   111.050003         5.76166759E-09
   111.165001         4.91985297E-09
   111.279999         4.07448475E-09
   111.394997         3.22716920E-09
   111.510002         2.37950881E-09
   111.625000         1.53308033E-09
   111.739998         6.89436785E-10
   111.855003        -1.49897622E-10
   111.970001        -9.83420900E-10
   112.084999        -1.80966420E-09
   112.199997        -2.62720290E-09
   112.315002        -3.43463036E-09
   112.430000        -4.23060031E-09
   112.544998        -5.01378583E-09
   112.660004        -5.78290793E-09
   112.775002        -6.53673382E-09
   112.889999        -7.27408755E-09
   113.004997        -7.99384292E-09
   113.120003        -8.69493011E-09
   113.235001        -9.37633349E-09
   113.349998        -1.00370965E-08
   113.464996        -1.06763078E-08
   113.580002        -1.12931060E-08
   113.695000        -1.18866783E-08
   113.809998        -1.24562458E-08
   113.925003        -1.30010873E-08
   114.040001        -1.35205394E-08
   114.154999        -1.40139846E-08
   114.269997        -1.44808610E-08
   114.385002        -1.49206567E-08
   114.500000        -1.53328994E-08
   114.614998        -1.57171485E-08
   114.730003        -1.60730060E-08
   114.845001        -1.64001079E-08
   114.959999        -1.66981202E-08
   115.074997        -1.69667356E-08
   115.190002        -1.72056964E-08
   115.305000        -1.74147754E-08
   115.419998        -1.75937824E-08
   115.535004        -1.77425648E-08
   115.650002        -1.78610247E-08
   115.764999        -1.79491053E-08
   115.879997        -1.80067854E-08
   115.995003        -1.80340862E-08
   116.110001        -1.80310735E-08
   116.224998        -1.79978503E-08
   116.339996        -1.79345534E-08
   116.455002        -1.78413870E-08
   116.570000        -1.77185928E-08
   116.684998        -1.75664674E-08
   116.800003        -1.73853678E-08
   116.915001        -1.71757062E-08
   117.029999        -1.69379408E-08
   117.144997        -1.66725833E-08
   117.260002        -1.63801968E-08
   117.375000        -1.60613780E-08
   117.489998        -1.57167683E-08
   117.605003        -1.53470374E-08
   117.720001        -1.49528976E-08
   117.834999        -1.45351029E-08
   117.949997        -1.40944465E-08
   118.065002        -1.36317544E-08
   118.180000        -1.31478970E-08
   118.294998        -1.26437865E-08
   118.410004        -1.21203563E-08
   118.525002        -1.15785772E-08
   118.639999        -1.10194494E-08
   118.754997        -1.04440074E-08
   118.870003        -9.85330129E-09
   118.985001        -9.24843491E-09
   119.099998        -8.63053362E-09
   119.214996        -8.00077160E-09
   119.330002        -7.36035366E-09
   119.445000        -6.71053035E-09
   119.559998        -6.05258021E-09
   119.675003        -5.38782485E-09
   119.790001        -4.71760142E-09
   119.904999        -4.04327283E-09
   120.019997        -3.36621442E-09
   120.135002        -2.68781220E-09
   120.250000        -2.00945127E-09
   120.364998        -1.33251066E-09
   120.480003        -6.58359867E-10
   120.595001         1.16503317E-11
   120.709999         6.76201595E-10
   120.824997         1.33404066E-09
   120.940002         1.98394878E-09
   121.055000         2.62477284E-09
   121.169998         3.25543903E-09
   121.285004         3.87498922E-09
   121.400002         4.48253790E-09
   121.514999         5.07731945E-09
   121.629997         5.65867309E-09
   121.745003         6.22603924E-09
   121.860001         6.77898582E-09
   121.974998         7.31715888E-09
   122.089996         7.84032750E-09
   122.205002         8.34834246E-09
   122.320000         8.84114293E-09
   122.434998         9.31876087E-09
   122.550003         9.78127090E-09
   122.665001         1.02287974E-08
   122.779999         1.06615126E-08
   122.894997         1.10795755E-08
   123.010002         1.14831229E-08
   123.125000         1.18723005E-08
   123.239998         1.22471908E-08
   123.355003         1.26078152E-08
   123.470001         1.29541338E-08
   123.584999         1.32860007E-08
   123.699997         1.36032074E-08
   123.815002         1.39054341E-08
   123.930000         1.41922829E-08
   124.044998         1.44632262E-08
   124.160004         1.47176893E-08
   124.275002         1.49550203E-08
   124.389999         1.51745034E-08
   124.504997         1.53753863E-08
   124.620003         1.55569015E-08
   124.735001         1.57183191E-08
   124.849998         1.58589248E-08
   124.964996         1.59780988E-08
   125.080002         1.60753224E-08
   125.195000         1.61501710E-08
   125.309998         1.62024154E-08
   125.425003         1.62320184E-08
   125.540001         1.62391292E-08
   125.654999         1.62241172E-08
   125.769997         1.61876024E-08
   125.885002         1.61304250E-08
   126.000000         1.60536953E-08
   126.114998         1.59587401E-08
   126.230003         1.58471085E-08
   126.345001         1.57206035E-08
   126.459999         1.55812074E-08
   126.574997         1.54310573E-08
   126.690002         1.52724162E-08
   126.805000         1.51076502E-08
   126.919998         1.49391717E-08
   127.035004         1.47693884E-08
   127.150002         1.46006807E-08
   127.264999         1.44353356E-08
   127.379997         1.42755283E-08
   127.495003         1.41232750E-08
   127.610001         1.39803866E-08
   127.724998         1.38484468E-08
   127.839996         1.37287612E-08
   127.955002         1.36223530E-08
   128.070007         1.35299487E-08
   128.184998         1.34519285E-08
   128.300003         1.33883535E-08
   128.414993         1.33389770E-08
   128.529999         1.33032643E-08
   128.645004         1.32803484E-08
   128.759995         1.32691325E-08
   128.875000         1.32682860E-08
   128.990005         1.32762707E-08
   129.104996         1.32913929E-08
   129.220001         1.33118556E-08
   129.335007         1.33357680E-08
   129.449997         1.33612241E-08
   129.565002         1.33863614E-08
   129.679993         1.34093474E-08
   129.794998         1.34285081E-08
   129.910004         1.34423033E-08
   130.024994         1.34494025E-08
   130.139999         1.34487177E-08
   130.255005         1.34394043E-08
   130.369995         1.34208982E-08
   130.485001         1.33929356E-08
   130.600006         1.33555584E-08
   130.714996         1.33091183E-08
   130.830002         1.32542768E-08
   130.945007         1.31919959E-08
   131.059998         1.31235058E-08
   131.175003         1.30503102E-08
   131.289993         1.29741657E-08
   131.404999         1.28970292E-08
   131.520004         1.28210429E-08
   131.634995         1.27484769E-08
   131.750000         1.26817268E-08
   131.865005         1.26232216E-08
   131.979996         1.25754243E-08
   132.095001         1.25407684E-08
   132.210007         1.25216504E-08
   132.324997         1.25203670E-08
   132.440002         1.25391058E-08
   132.554993         1.25798918E-08
   132.669998         1.26445698E-08
   132.785004         1.27347519E-08
   132.899994         1.28518050E-08
   133.014999         1.29967983E-08
   133.130005         1.31705242E-08
   133.244995         1.33734321E-08
   133.360001         1.36056517E-08
   133.475006         1.38669298E-08
   133.589996         1.41566519E-08
   133.705002         1.44738523E-08
   133.820007         1.48171608E-08
   133.934998         1.51848631E-08
   134.050003         1.55748445E-08
   134.164993         1.59845968E-08
   134.279999         1.64112262E-08
   134.395004         1.68515175E-08
   134.509995         1.73018755E-08
   134.625000         1.77583690E-08
   134.740005         1.82167614E-08
   134.854996         1.86725799E-08
   134.970001         1.91210621E-08
   135.085007         1.95572873E-08
   135.199997         1.99761701E-08
   135.315002         2.03725072E-08
   135.429993         2.07410160E-08
   135.544998         2.10764277E-08
   135.660004         2.13734648E-08
   135.774994         2.16269669E-08
   135.889999         2.18319194E-08
   136.005005         2.19835350E-08
   136.119995         2.20772929E-08
   136.235001         2.21089387E-08
   136.350006         2.20746657E-08
   136.464996         2.19710312E-08
   136.580002         2.17950902E-08
   136.695007         2.15443592E-08
   136.809998         2.12168967E-08
   136.925003         2.08113402E-08
   137.039993         2.03269046E-08
   137.154999         1.97633643E-08
   137.270004         1.91211633E-08
   137.384995         1.84013356E-08
   137.500000         1.76054957E-08
   137.615005         1.67358412E-08
   137.729996         1.57951590E-08
   137.845001         1.47868127E-08
   137.960007         1.37146063E-08
   138.074997         1.25828192E-08
   138.190002         1.13961933E-08
   138.304993         1.01597877E-08
   138.419998         8.87899532E-09
   138.535004         7.55942153E-09
   138.649994         6.20688656E-09
   138.764999         4.82737672E-09
   138.880005         3.42686612E-09
   138.994995         2.01133932E-09
   139.110001         5.86640292E-10
   139.225006        -8.41522074E-10
   139.339996        -2.26772578E-09
   139.455002        -3.68681663E-09
   139.570007        -5.09409004E-09
   139.684998        -6.48528786E-09
   139.800003        -7.85670196E-09
   139.914993        -9.20519749E-09
   140.029999        -1.05283293E-08
   140.145004        -1.18243184E-08
   140.259995        -1.30921860E-08
   140.375000        -1.43316443E-08
   140.490005        -1.55432716E-08
   140.604996        -1.67283840E-08
   140.720001        -1.78891977E-08
   140.835007        -1.90287004E-08
   140.949997        -2.01506385E-08
   141.065002        -2.12595026E-08
   141.179993        -2.23605117E-08
   141.294998        -2.34594726E-08
   141.410004        -2.45627270E-08
   141.524994        -2.56770605E-08
   141.639999        -2.68095750E-08
   141.755005        -2.79676229E-08
   141.869995        -2.91586222E-08
   141.985001        -3.03899448E-08
   142.100006        -3.16687689E-08
   142.214996        -3.30019354E-08
   142.330002        -3.43957467E-08
   142.445007        -3.58559369E-08
   142.559998        -3.73873483E-08
   142.675003        -3.89939174E-08
   142.789993        -4.06785539E-08
   142.904999        -4.24429096E-08
   143.020004        -4.42873400E-08
   143.134995        -4.62107899E-08
   143.250000        -4.82107581E-08
   143.365005        -5.02832052E-08
   143.479996        -5.24225570E-08
   143.595001        -5.46216441E-08
   143.710007        -5.68718121E-08
   143.824997        -5.91629146E-08
   143.940002        -6.14833908E-08
   144.054993        -6.38203730E-08
   144.169998        -6.61598136E-08
   144.285004        -6.84866137E-08
   144.399994        -7.07848002E-08
   144.514999        -7.30377252E-08
   144.630005        -7.52282787E-08
   144.744995        -7.73390738E-08
   144.860001        -7.93527306E-08
   144.975006        -8.12521321E-08
   145.089996        -8.30205877E-08
   145.205002        -8.46421528E-08
   145.320007        -8.61018208E-08
   145.434998        -8.73857360E-08
   145.550003        -8.84814355E-08
   145.664993        -8.93780481E-08
   145.779999        -9.00664148E-08
   145.895004        -9.05393733E-08
   146.009995        -9.07917723E-08
   146.125000        -9.08206417E-08
   146.240005        -9.06252069E-08
   146.354996        -9.02070170E-08
   146.470001        -8.95698378E-08
   146.585007        -8.87197302E-08
   146.699997        -8.76649011E-08
   146.815002        -8.64156533E-08
   146.929993        -8.49842294E-08
   147.044998        -8.33846983E-08
   147.160004        -8.16327841E-08
   147.274994        -7.97456181E-08
   147.389999        -7.77415607E-08
   147.505005        -7.56399743E-08
   147.619995        -7.34609529E-08
   147.735001        -7.12250312E-08
   147.850006        -6.89529074E-08
   147.964996        -6.66652724E-08
   148.080002        -6.43823981E-08
   148.195007        -6.21240375E-08
   148.309998        -5.99090342E-08
   148.425003        -5.77551162E-08
   148.539993        -5.56787327E-08
   148.654999        -5.36947873E-08
   148.770004        -5.18165351E-08
   148.884995        -5.00553270E-08
   149.000000        -4.84205778E-08
   149.115005        -4.69195989E-08
   149.229996        -4.55575737E-08
   149.345001        -4.43373303E-08
   149.460007        -4.32594227E-08
   149.574997        -4.23221778E-08
   149.690002        -4.15216697E-08
   149.804993        -4.08516918E-08
   149.919998        -4.03040303E-08
   150.035004        -3.98682900E-08
   150.149994        -3.95322957E-08
   150.264999        -3.92819857E-08
   150.380005        -3.91016926E-08
   150.494995        -3.89742567E-08
   150.610001        -3.88812857E-08
   150.725006        -3.88033214E-08
   150.839996        -3.87199819E-08
   150.955002        -3.86102528E-08
   151.070007        -3.84527503E-08
   151.184998        -3.82258243E-08
   151.300003        -3.79080696E-08
   151.414993        -3.74782338E-08
   151.529999        -3.69158641E-08
   151.645004        -3.62011967E-08
   151.759995        -3.53155940E-08
   151.875000        -3.42418787E-08
   151.990005        -3.29643512E-08
   152.104996        -3.14692308E-08
   152.220001        -2.97447063E-08
   152.335007        -2.77812795E-08
   152.449997        -2.55718824E-08
   152.565002        -2.31121131E-08
   152.679993        -2.04003658E-08
   152.794998        -1.74380048E-08
   152.910004        -1.42294816E-08
   153.024994        -1.07824176E-08
   153.139999        -7.10776016E-09
   153.255005        -3.21968940E-09
   153.369995         8.64393890E-10
   153.485001         5.12385911E-09
   153.600006         9.53504742E-09
   153.714996         1.40713121E-08
   153.830002         1.87031688E-08
   153.945007         2.33984583E-08
   154.059998         2.81226420E-08
   154.175003         3.28390755E-08
   154.289993         3.75094409E-08
   154.404999         4.20938910E-08
   154.520004         4.65516763E-08
   154.634995         5.08414963E-08
   154.750000         5.49220154E-08
   154.865005         5.87524092E-08
   154.979996         6.22925782E-08
   155.095001         6.55040608E-08
   155.210007         6.83503174E-08
   155.324997         7.07972845E-08
   155.440002         7.28138687E-08
   155.554993         7.43725792E-08
   155.669998         7.54498259E-08
   155.785004         7.60264172E-08
   155.899994         7.60879502E-08
   156.014999         7.56252376E-08
   156.130005         7.46345279E-08
   156.244995         7.31177892E-08
   156.360001         7.10826953E-08
   156.475006         6.85429669E-08
   156.589996         6.55181438E-08
   156.705002         6.20334362E-08
   156.820007         5.81197348E-08
   156.934998         5.38131992E-08
   157.050003         4.91549308E-08
   157.164993         4.41906707E-08
   157.279999         3.89701462E-08
   157.395004         3.35465380E-08
   157.509995         2.79758012E-08
   157.625000         2.23159820E-08
   157.740005         1.66264478E-08
   157.854996         1.09670326E-08
   157.970001         5.39720402E-09
   158.085007        -2.48922827E-11
   158.199997        -5.24310995E-09
   158.315002        -1.02042907E-08
   158.429993        -1.48590331E-08
   158.544998        -1.91624405E-08
   158.660004        -2.30748789E-08
   158.774994        -2.65626188E-08
   158.889999        -2.95984233E-08
   159.005005        -3.21621165E-08
   159.119995        -3.42409727E-08
   159.235001        -3.58299843E-08
   159.350006        -3.69320752E-08
   159.464996        -3.75581628E-08
   159.580002        -3.77271014E-08
   159.695007        -3.74654689E-08
   159.809998        -3.68072826E-08
   159.925003        -3.57934837E-08
   160.039993        -3.44716256E-08
   160.154999        -3.28948744E-08
   160.270004        -3.11216013E-08
   160.384995        -2.92143039E-08
   160.500000        -2.72389027E-08
   160.615005        -2.52635566E-08
   160.729996        -2.33577655E-08
   160.845001        -2.15912905E-08
   160.960007        -2.00331218E-08
   161.074997        -1.87502796E-08
   161.190002        -1.78067676E-08
   161.304993        -1.72625239E-08
   161.419998        -1.71724075E-08
   161.535004        -1.75851866E-08
   161.649994        -1.85429254E-08
   161.764999        -2.00799821E-08
   161.880005        -2.22224035E-08
   161.994995        -2.49876280E-08
   162.110001        -2.83836812E-08
   162.225006        -3.24091793E-08
   162.339996        -3.70529314E-08
   162.455002        -4.22939337E-08
   162.570007        -4.81014233E-08
   162.684998        -5.44353078E-08
   162.800003        -6.12462756E-08
   162.914993        -6.84763322E-08
   163.029999        -7.60596564E-08
   163.145004        -8.39231689E-08
   163.259995        -9.19874381E-08
   163.375000        -1.00167497E-07
   163.490005        -1.08373918E-07
   163.604996        -1.16513853E-07
   163.720001        -1.24492189E-07
   163.835007        -1.32212719E-07
   163.949997        -1.39579214E-07
   164.065002        -1.46496632E-07
   164.179993        -1.52872346E-07
   164.294998        -1.58617297E-07
   164.410004        -1.63647030E-07
   164.524994        -1.67882874E-07
   164.639999        -1.71252836E-07
   164.755005        -1.73692513E-07
   164.869995        -1.75145971E-07
   164.985001        -1.75566299E-07
   165.100006        -1.74916465E-07
   165.214996        -1.73169482E-07
   165.330002        -1.70309107E-07
   165.445007        -1.66329841E-07
   165.559998        -1.61237068E-07
   165.675003        -1.55047019E-07
   165.789993        -1.47786722E-07
   165.904999        -1.39493508E-07
   166.020004        -1.30214900E-07
   166.134995        -1.20007769E-07
   166.250000        -1.08938018E-07
   166.365005        -9.70795213E-08
   166.479996        -8.45135517E-08
   166.595001        -7.13276265E-08
   166.710007        -5.76143044E-08
   166.824997        -4.34704504E-08
   166.940002        -2.89957693E-08
   167.054993        -1.42918104E-08
   167.169998         5.39526868E-10
   167.285004         1.53970205E-08
   167.399994         3.01812477E-08
   167.514999         4.47962520E-08
   167.630005         5.91504659E-08
   167.744995         7.31580059E-08
   167.860001         8.67397674E-08
   167.975006         9.98245113E-08
   168.089996         1.12350001E-07
   168.205002         1.24263323E-07
   168.320007         1.35522541E-07
   168.434998         1.46096738E-07
   168.550003         1.55966575E-07
   168.664993         1.65125115E-07
   168.779999         1.73577575E-07
   168.895004         1.81341505E-07
   169.009995         1.88447032E-07
   169.125000         1.94936263E-07
   169.240005         2.00862942E-07
   169.354996         2.06292015E-07
   169.470001         2.11299096E-07
   169.585007         2.15969266E-07
   169.699997         2.20396231E-07
   169.815002         2.24681116E-07
   169.929993         2.28931114E-07
   170.044998         2.33258106E-07
   170.160004         2.37777215E-07
   170.274994         2.42605012E-07
   170.389999         2.47857969E-07
   170.505005         2.53650995E-07
   170.619995         2.60095220E-07
   170.735001         2.67296826E-07
   170.850006         2.75354893E-07
   170.964996         2.84359970E-07
   171.080002         2.94392464E-07
   171.195007         3.05521098E-07
   171.309998         3.17801437E-07
   171.425003         3.31274833E-07
   171.539993         3.45967038E-07
   171.654999         3.61887686E-07
   171.770004         3.79029444E-07
   171.884995         3.97367558E-07
   172.000000         4.16859677E-07
   172.115005         4.37445692E-07
   172.229996         4.59047982E-07
   172.345001         4.81571988E-07
   172.460007         5.04906666E-07
   172.574997         5.28925909E-07
   172.690002         5.53489144E-07
   172.804993         5.78443348E-07
   172.919998         6.03624301E-07
   173.035004         6.28858515E-07
   173.149994         6.53965174E-07
   173.264999         6.78758340E-07
   173.380005         7.03049068E-07
   173.494995         7.26647954E-07
   173.610001         7.49367132E-07
   173.725006         7.71022826E-07
   173.839996         7.91437799E-07
   173.955002         8.10443510E-07
   174.070007         8.27882502E-07
   174.184998         8.43610508E-07
   174.300003         8.57498264E-07
   174.414993         8.69433507E-07
   174.529999         8.79322386E-07
   174.645004         8.87091062E-07
   174.759995         8.92686330E-07
   174.875000         8.96076699E-07
   174.990005         8.97252676E-07
   175.104996         8.96226936E-07
   175.220001         8.93034041E-07
   175.335007         8.87730494E-07
   175.449997         8.80393316E-07
   175.565002         8.71119710E-07
   175.679993         8.60024727E-07
   175.794998         8.47240415E-07
   175.910004         8.32913315E-07
   176.024994         8.17202704E-07
   176.139999         8.00277746E-07
   176.255005         7.82315510E-07
   176.369995         7.63497837E-07
   176.485001         7.44008616E-07
   176.600006         7.24031338E-07
   176.714996         7.03746196E-07
   176.830002         6.83327130E-07
   176.945007         6.62939556E-07
   177.059998         6.42737120E-07
   177.175003         6.22860057E-07
   177.289993         6.03432170E-07
   177.404999         5.84559530E-07
   177.520004         5.66328367E-07
   177.634995         5.48803541E-07
   177.750000         5.32027514E-07
   177.865005         5.16020179E-07
   177.979996         5.00777674E-07
   178.095001         4.86272711E-07
   178.210007         4.72454445E-07
   178.324997         4.59249691E-07
   178.440002         4.46563462E-07
   178.554993         4.34280508E-07
   178.669998         4.22266680E-07
   178.785004         4.10371030E-07
   178.899994         3.98428057E-07
   179.014999         3.86260012E-07
   179.130005         3.73679910E-07
   179.244995         3.60493345E-07
   179.360001         3.46502617E-07
   179.475006         3.31509057E-07
   179.589996         3.15316612E-07
   179.705002         2.97734346E-07
   179.820007         2.78579648E-07
   179.934998         2.57681478E-07
   180.050003         2.34881981E-07
   180.164993         2.10040369E-07
   180.279999         1.83034331E-07
   180.395004         1.53763040E-07
   180.509995         1.22148435E-07
   180.625000         8.81371065E-08
   180.740005         5.17022798E-08
   180.854996         1.28433104E-08
   180.970001        -2.84126802E-08
   181.085007        -7.20112041E-08
   181.199997        -1.17870314E-07
   181.315002        -1.65881374E-07
   181.429993        -2.15910049E-07
   181.544998        -2.67797333E-07
   181.660004        -3.21361000E-07
   181.774994        -3.76397111E-07
   181.889999        -4.32682867E-07
   182.005005        -4.89978561E-07
   182.119995        -5.48030926E-07
   182.235001        -6.06574702E-07
   182.350006        -6.65337154E-07
   182.464996        -7.24040149E-07
   182.580002        -7.82404129E-07
   182.695007        -8.40150392E-07
   182.809998        -8.97005407E-07
   182.925003        -9.52702919E-07
   183.039993        -1.00698776E-06
   183.154999        -1.05961874E-06
   183.270004        -1.11037093E-06
   183.384995        -1.15903845E-06
   183.500000        -1.20543700E-06
   183.615005        -1.24940561E-06
   183.729996        -1.29080854E-06
   183.845001        -1.32953653E-06
   183.960007        -1.36550830E-06
   184.074997        -1.39867109E-06
   184.190002        -1.42900069E-06
   184.304993        -1.45650199E-06
   184.419998        -1.48120739E-06
   184.535004        -1.50317749E-06
   184.649994        -1.52249868E-06
   184.764999        -1.53928215E-06
   184.880005        -1.55366229E-06
   184.994995        -1.56579370E-06
   185.110001        -1.57584975E-06
   185.225006        -1.58401940E-06
   185.339996        -1.59050467E-06
   185.455002        -1.59551701E-06
   185.570007        -1.59927470E-06
   185.684998        -1.60199818E-06
   185.800003        -1.60390812E-06
   185.914993        -1.60522143E-06
   186.029999        -1.60614741E-06
   186.145004        -1.60688535E-06
   186.259995        -1.60762136E-06
   186.375000        -1.60852494E-06
   186.490005        -1.60974650E-06
   186.604996        -1.61141475E-06
   186.720001        -1.61363482E-06
   186.835007        -1.61648609E-06
   186.949997        -1.62002073E-06
   187.065002        -1.62426215E-06
   187.179993        -1.62920549E-06
   187.294998        -1.63481582E-06
   187.410004        -1.64102858E-06
   187.524994        -1.64775099E-06
   187.639999        -1.65486244E-06
   187.755005        -1.66221537E-06
   187.869995        -1.66963775E-06
   187.985001        -1.67693497E-06
   188.100006        -1.68389261E-06
   188.214996        -1.69027840E-06
   188.330002        -1.69584655E-06
   188.445007        -1.70033957E-06
   188.559998        -1.70349279E-06
   188.675003        -1.70503790E-06
   188.789993        -1.70470651E-06
   188.904999        -1.70223382E-06
   189.020004        -1.69736370E-06
   189.134995        -1.68985127E-06
   189.250000        -1.67946700E-06
   189.365005        -1.66600114E-06
   189.479996        -1.64926507E-06
   189.595001        -1.62909635E-06
   189.710007        -1.60535990E-06
   189.824997        -1.57795137E-06
   189.940002        -1.54679867E-06
   190.054993        -1.51186475E-06
   190.169998        -1.47314734E-06
   190.285004        -1.43068098E-06
   190.399994        -1.38453663E-06
   190.514999        -1.33482206E-06
   190.630005        -1.28168017E-06
   190.744995        -1.22528900E-06
   190.860001        -1.16585898E-06
   190.975006        -1.10363146E-06
   191.089996        -1.03887601E-06
   191.205002        -9.71887289E-07
   191.320007        -9.02981924E-07
   191.434998        -8.32495516E-07
   191.550003        -7.60777993E-07
   191.664993        -6.88189630E-07
   191.779999        -6.15098315E-07
   191.895004        -5.41872453E-07
   192.009995        -4.68878937E-07
   192.125000        -3.96477532E-07
   192.240005        -3.25016430E-07
   192.354996        -2.54828819E-07
   192.470001        -1.86228434E-07
   192.585007        -1.19505458E-07
   192.699997        -5.49232304E-08
   192.815002         7.28394856E-09
   192.929993         6.69144100E-08
   193.044998         1.23801598E-07
   193.160004         1.77814513E-07
   193.274994         2.28860628E-07
   193.389999         2.76885487E-07
   193.505005         3.21874097E-07
   193.619995         3.63849921E-07
   193.735001         4.02874633E-07
   193.850006         4.39046943E-07
   193.964996         4.72499437E-07
   194.080002         5.03398155E-07
   194.195007         5.31938497E-07
   194.309998         5.58341696E-07
   194.425003         5.82852124E-07
   194.539993         6.05733248E-07
   194.654999         6.27263489E-07
   194.770004         6.47732293E-07
   194.884995         6.67434279E-07
   195.000000         6.86666738E-07
   195.115005         7.05723323E-07
   195.229996         7.24889958E-07
   195.345001         7.44440626E-07
   195.460007         7.64631466E-07
   195.574997         7.85698035E-07
   195.690002         8.07852018E-07
   195.804993         8.31275941E-07
   195.919998         8.56121289E-07
   196.035004         8.82506015E-07
   196.149994         9.10512313E-07
   196.264999         9.40183838E-07
   196.380005         9.71526219E-07
   196.494995         1.00450495E-06
   196.610001         1.03904563E-06
   196.725006         1.07503547E-06
   196.839996         1.11232248E-06
   196.955002         1.15071930E-06
   197.070007         1.19000413E-06
   197.184998         1.22992287E-06
   197.300003         1.27019416E-06
   197.414993         1.31051127E-06
   197.529999         1.35054654E-06
   197.645004         1.38995665E-06
   197.759995         1.42838530E-06
   197.875000         1.46546927E-06
   197.990005         1.50084270E-06
   198.104996         1.53414317E-06
   198.220001         1.56501471E-06
   198.335007         1.59311503E-06
   198.449997         1.61811840E-06
   198.565002         1.63972186E-06
   198.679993         1.65764914E-06
   198.794998         1.67165456E-06
   198.910004         1.68152735E-06
   199.024994         1.68709505E-06
   199.139999         1.68822555E-06
   199.255005         1.68483007E-06
   199.369995         1.67686483E-06
   199.485001         1.66433142E-06
   199.600006         1.64727908E-06
   199.714996         1.62580352E-06
   199.830002         1.60004709E-06
   199.945007         1.57019770E-06
   200.059998         1.53648693E-06
   200.175003         1.49918765E-06
   200.289993         1.45861077E-06
   200.404999         1.41510236E-06
   200.520004         1.36903896E-06
   200.634995         1.32082437E-06
   200.750000         1.27088356E-06
   200.865005         1.21965854E-06
   200.979996         1.16760361E-06
   201.095001         1.11517886E-06
   201.210007         1.06284517E-06
   201.324997         1.01105866E-06
   201.440002         9.60264970E-07
   201.554993         9.10894471E-07
   201.669998         8.63356718E-07
   201.785004         8.18035232E-07
   201.899994         7.75283297E-07
   202.014999         7.35419121E-07
   202.130005         6.98722431E-07
   202.244995         6.65431344E-07
   202.360001         6.35738843E-07
   202.475006         6.09791471E-07
   202.589996         5.87687282E-07
   202.705002         5.69475503E-07
   202.820007         5.55156021E-07
   202.934998         5.44679949E-07
   203.050003         5.37950257E-07
   203.164993         5.34823585E-07
   203.279999         5.35112179E-07
   203.395004         5.38586846E-07
   203.509995         5.44980196E-07
   203.625000         5.53990446E-07
   203.740005         5.65286541E-07
   203.854996         5.78512015E-07
   203.970001         5.93290963E-07
   204.085007         6.09233268E-07
   204.199997         6.25938924E-07
   204.315002         6.43005080E-07
   204.429993         6.60030878E-07
   204.544998         6.76623188E-07
   204.660004         6.92402011E-07
   204.774994         7.07006109E-07
   204.889999         7.20098683E-07
   205.005005         7.31371472E-07
   205.119995         7.40549410E-07
   205.235001         7.47394324E-07
   205.350006         7.51709763E-07
   205.464996         7.53342078E-07
   205.580002         7.52184803E-07
   205.695007         7.48178763E-07
   205.809998         7.41313897E-07
   205.925003         7.31630223E-07
   206.039993         7.19216303E-07
   206.154999         7.04208787E-07
   206.270004         6.86792134E-07
   206.384995         6.67194172E-07
   206.500000         6.45684111E-07
   206.615005         6.22570212E-07
   206.729996         5.98193196E-07
   206.845001         5.72925558E-07
   206.960007         5.47162699E-07
   207.074997         5.21321056E-07
   207.190002         4.95829397E-07
   207.304993         4.71125759E-07
   207.419998         4.47648034E-07
   207.535004         4.25829597E-07
   207.649994         4.06092596E-07
   207.764999         3.88842551E-07
   207.880005         3.74463355E-07
   207.994995         3.63308885E-07
   208.110001         3.55701161E-07
   208.225006         3.51923489E-07
   208.339996         3.52216205E-07
   208.455002         3.56773199E-07
   208.570007         3.65736668E-07
   208.684998         3.79196820E-07
   208.800003         3.97188984E-07
   208.914993         4.19692213E-07
   209.029999         4.46629315E-07
   209.145004         4.77866422E-07
   209.259995         5.13214445E-07
   209.375000         5.52430720E-07
   209.490005         5.95222446E-07
   209.604996         6.41248505E-07
   209.720001         6.90124295E-07
   209.835007         7.41425424E-07
   209.949997         7.94693449E-07
   210.065002         8.49440880E-07
   210.179993         9.05156639E-07
   210.294998         9.61312708E-07
   210.410004         1.01737123E-06
   210.524994         1.07278993E-06
   210.639999         1.12702935E-06
   210.755005         1.17955972E-06
   210.869995         1.22986899E-06
   210.985001         1.27746694E-06
   211.100006         1.32189325E-06
   211.214996         1.36272160E-06
   211.330002         1.39956546E-06
   211.445007         1.43208115E-06
   211.559998         1.45997524E-06
   211.675003         1.48300546E-06
   211.789993         1.50098356E-06
   211.904999         1.51377935E-06
   212.020004         1.52132009E-06
   212.134995         1.52359200E-06
   212.250000         1.52063944E-06
   212.365005         1.51256347E-06
   212.479996         1.49951927E-06
   212.595001         1.48171421E-06
   212.710007         1.45940226E-06
   212.824997         1.43288162E-06
   212.940002         1.40249188E-06
   213.054993         1.36860456E-06
   213.169998         1.33161973E-06
   213.285004         1.29195973E-06
   213.399994         1.25006272E-06
   213.514999         1.20637367E-06
   213.630005         1.16133992E-06
   213.744995         1.11540419E-06
   213.860001         1.06899506E-06
   213.975006         1.02252386E-06
   214.089996         9.76375759E-07
   214.205002         9.30904378E-07
   214.320007         8.86426733E-07
   214.434998         8.43219482E-07
   214.550003         8.01511533E-07
   214.664993         7.61484216E-07
   214.779999         7.23265714E-07
   214.895004         6.86930946E-07
   215.009995         6.52498443E-07
   215.125000         6.19931484E-07
   215.240005         5.89137699E-07
   215.354996         5.59970545E-07
   215.470001         5.32231240E-07
   215.585007         5.05672688E-07
   215.699997         4.80002086E-07
   215.815002         4.54887299E-07
   215.929993         4.29959840E-07
   216.044998         4.04822316E-07
   216.160004         3.79052608E-07
   216.274994         3.52212567E-07
   216.389999         3.23853357E-07
   216.505005         2.93521140E-07
   216.619995         2.60766484E-07
   216.735001         2.25150202E-07
   216.850006         1.86249821E-07
   216.964996         1.43668572E-07
   217.080002         9.70400507E-08
   217.195007         4.60337510E-08
   217.309998        -9.63790558E-09
   217.425003        -7.02157479E-08
   217.539993        -1.35890204E-07
   217.654999        -2.06797267E-07
   217.770004        -2.83016334E-07
   217.884995        -3.64567427E-07
   218.000000        -4.51410699E-07
   218.115005        -5.43446106E-07
   218.229996        -6.40514202E-07
   218.345001        -7.42398186E-07
   218.460007        -8.48824129E-07
   218.574997        -9.59466433E-07
   218.690002        -1.07395044E-06
   218.804993        -1.19185677E-06
   218.919998        -1.31272714E-06
   219.035004        -1.43606940E-06
   219.149994        -1.56136400E-06
   219.264999        -1.68807026E-06
   219.380005        -1.81563337E-06
   219.494995        -1.94349013E-06
   219.610001        -2.07107769E-06
   219.725006        -2.19783851E-06
   219.839996        -2.32322782E-06
   219.955002        -2.44671992E-06
   220.070007        -2.56781505E-06
   220.184998        -2.68604435E-06
   220.300003        -2.80097515E-06
   220.414993        -2.91221750E-06
   220.529999        -3.01942646E-06
   220.645004        -3.12230577E-06
   220.759995        -3.22061169E-06
   220.875000        -3.31415367E-06
   220.990005        -3.40279666E-06
   221.104996        -3.48646086E-06
   221.220001        -3.56512214E-06
   221.335007        -3.63880895E-06
   221.449997        -3.70760358E-06
   221.565002        -3.77163701E-06
   221.679993        -3.83108909E-06
   221.794998        -3.88617900E-06
   221.910004        -3.93716755E-06
   222.024994        -3.98434804E-06
   222.139999        -4.02803971E-06
   222.255005        -4.06858862E-06
   222.369995        -4.10635312E-06
   222.485001        -4.14170381E-06
   222.600006        -4.17501406E-06
   222.714996        -4.20665492E-06
   222.830002        -4.23698839E-06
   222.945007        -4.26636143E-06
   223.059998        -4.29509964E-06
   223.175003        -4.32350089E-06
   223.289993        -4.35183392E-06
   223.404999        -4.38032839E-06
   223.520004        -4.40917529E-06
   223.634995        -4.43852150E-06
   223.750000        -4.46846479E-06
   223.865005        -4.49905383E-06
   223.979996        -4.53028679E-06
   224.095001        -4.56210682E-06
   224.210007        -4.59440616E-06
   224.324997        -4.62702656E-06
   224.440002        -4.65975882E-06
   224.554993        -4.69234510E-06
   224.669998        -4.72448255E-06
   224.785004        -4.75582692E-06
   224.899994        -4.78599668E-06
   225.014999        -4.81457755E-06
   225.130005        -4.84112661E-06
   225.244995        -4.86517956E-06
   225.360001        -4.88625574E-06
   225.475006        -4.90386401E-06
   225.589996        -4.91751189E-06
   225.705002        -4.92670870E-06
   225.820007        -4.93097468E-06
   225.934998        -4.92984282E-06
   226.050003        -4.92287018E-06
   226.164993        -4.90964203E-06
   226.279999        -4.88977867E-06
   226.395004        -4.86293811E-06
   226.509995        -4.82882160E-06
   226.625000        -4.78718084E-06
   226.740005        -4.73781574E-06
   226.854996        -4.68058261E-06
   226.970001        -4.61538912E-06
   227.085007        -4.54220526E-06
   227.199997        -4.46105560E-06
   227.315002        -4.37202380E-06
   227.429993        -4.27524992E-06
   227.544998        -4.17092951E-06
   227.660004        -4.05931178E-06
   227.774994        -3.94069366E-06
   227.889999        -3.81541804E-06
   228.005005        -3.68387077E-06
   228.119995        -3.54647159E-06
   228.235001        -3.40367296E-06
   228.350006        -3.25595238E-06
   228.464996        -3.10380665E-06
   228.580002        -2.94774532E-06
   228.695007        -2.78828588E-06
   228.809998        -2.62594608E-06
   228.925003        -2.46123636E-06
   229.039993        -2.29465718E-06
   229.154999        -2.12668965E-06
   229.270004        -1.95779080E-06
   229.384995        -1.78838911E-06
   229.500000        -1.61887885E-06
   229.615005        -1.44961700E-06
   229.729996        -1.28091938E-06
   229.845001        -1.11305542E-06
   229.960007        -9.46249372E-07
   230.074997        -7.80676260E-07
   230.190002        -6.16461080E-07
   230.304993        -4.53680343E-07
   230.419998        -2.92362017E-07
   230.535004        -1.32487060E-07
   230.649994         2.60080597E-08
   230.764999         1.83229275E-07
   230.880005         3.39320223E-07
   230.994995         4.94459528E-07
   231.110001         6.48854723E-07
   231.225006         8.02737873E-07
   231.339996         9.56360168E-07
   231.455002         1.10998792E-06
   231.570007         1.26389284E-06
   231.684998         1.41834903E-06
   231.800003         1.57362547E-06
   231.914993         1.72998091E-06
   232.029999         1.88765762E-06
   232.145004         2.04687763E-06
   232.259995         2.20783454E-06
   232.375000         2.37069185E-06
   232.490005         2.53557732E-06
   232.604996         2.70258010E-06
   232.720001         2.87174612E-06
   232.835007         3.04307673E-06
   232.949997         3.21652851E-06
   233.065002         3.39200915E-06
   233.179993         3.56937880E-06
   233.294998         3.74844967E-06
   233.410004         3.92898801E-06
   233.524994         4.11071414E-06
   233.639999         4.29330612E-06
   233.755005         4.47640195E-06
   233.869995         4.65960238E-06
   233.985001         4.84247721E-06
   234.100006         5.02456442E-06
   234.214996         5.20537924E-06
   234.330002         5.38441645E-06
   234.445007         5.56115583E-06
   234.559998         5.73506759E-06
   234.675003         5.90561785E-06
   234.789993         6.07227366E-06
   234.904999         6.23450842E-06
   235.020004         6.39180507E-06
   235.134995         6.54366340E-06
   235.250000         6.68960365E-06
   235.365005         6.82917153E-06
   235.479996         6.96194002E-06
   235.595001         7.08751440E-06
   235.710007         7.20553771E-06
   235.824997         7.31568980E-06
   235.940002         7.41769327E-06
   236.054993         7.51131347E-06
   236.169998         7.59636077E-06
   236.285004         7.67269194E-06
   236.399994         7.74020828E-06
   236.514999         7.79885977E-06
   236.630005         7.84864005E-06
   236.744995         7.88958914E-06
   236.860001         7.92179435E-06
   236.975006         7.94538300E-06
   237.089996         7.96052245E-06
   237.205002         7.96742006E-06
   237.320007         7.96632048E-06
   237.434998         7.95749747E-06
   237.550003         7.94125663E-06
   237.664993         7.91792809E-06
   237.779999         7.88786565E-06
   237.895004         7.85144221E-06
   238.009995         7.80904338E-06
   238.125000         7.76106572E-06
   238.240005         7.70791212E-06
   238.354996         7.64998822E-06
   238.470001         7.58769602E-06
   238.585007         7.52143160E-06
   238.699997         7.45158013E-06
   238.815002         7.37851360E-06
   238.929993         7.30258580E-06
   239.044998         7.22412915E-06
   239.160004         7.14345333E-06
   239.274994         7.06084120E-06
   239.389999         6.97654696E-06
   239.505005         6.89079434E-06
   239.619995         6.80377480E-06
   239.735001         6.71564521E-06
   239.850006         6.62653201E-06
   239.964996         6.53652705E-06
   240.080002         6.44569036E-06
   240.195007         6.35405058E-06
   240.309998         6.26160818E-06
   240.425003         6.16833540E-06
   240.539993         6.07418087E-06
   240.654999         5.97907183E-06
   240.770004         5.88291823E-06
   240.884995         5.78561503E-06
   241.000000         5.68704991E-06
   241.115005         5.58710281E-06
   241.229996         5.48565413E-06
   241.345001         5.38258701E-06
   241.460007         5.27779048E-06
   241.574997         5.17116678E-06
   241.690002         5.06263223E-06
   241.804993         4.95212453E-06
   241.919998         4.83960275E-06
   242.035004         4.72505280E-06
   242.149994         4.60848833E-06
   242.264999         4.48995343E-06
   242.380005         4.36952269E-06
   242.494995         4.24730206E-06
   242.610001         4.12343115E-06
   242.725006         3.99807823E-06
   242.839996         3.87144473E-06
   242.955002         3.74375963E-06
   243.070007         3.61528055E-06
   243.184998         3.48628873E-06
   243.300003         3.35708864E-06
   243.414993         3.22800247E-06
   243.529999         3.09936490E-06
   243.645004         2.97152133E-06
   243.759995         2.84482144E-06
   243.875000         2.71961744E-06
   243.990005         2.59625608E-06
   244.104996         2.47508046E-06
   244.220001         2.35642028E-06
   244.335007         2.24059067E-06
   244.449997         2.12788814E-06
   244.565002         2.01858779E-06
   244.679993         1.91293634E-06
   244.794998         1.81115001E-06
   244.910004         1.71341776E-06
   245.024994         1.61989169E-06
   245.139999         1.53069118E-06
   245.255005         1.44589956E-06
   245.369995         1.36556389E-06
   245.485001         1.28969475E-06
