  -18.8999996         0.00000000    
  -18.7849998         0.00000000    
  -18.6700001         0.00000000    
  -18.5550003         0.00000000    
  -18.4400005         0.00000000    
  -18.3250008         0.00000000    
  -18.2099991         0.00000000    
  -18.0949993         0.00000000    
  -17.9799995         0.00000000    
  -17.8649998         0.00000000    
  -17.7500000         0.00000000    
  -17.6350002         0.00000000    
  -17.5200005         0.00000000    
  -17.4050007         0.00000000    
  -17.2900009         0.00000000    
  -17.1749992         0.00000000    
  -17.0599995         0.00000000    
  -16.9449997         0.00000000    
  -16.8299999         0.00000000    
  -16.7150002         0.00000000    
  -16.6000004         0.00000000    
  -16.4850006         0.00000000    
  -16.3700008         0.00000000    
  -16.2549992         0.00000000    
  -16.1399994         0.00000000    
  -16.0249996         0.00000000    
  -15.9099998         0.00000000    
  -15.7950001         0.00000000    
  -15.6800003         0.00000000    
  -15.5649996         0.00000000    
  -15.4499998         0.00000000    
  -15.3350000         0.00000000    
  -15.2200003         0.00000000    
  -15.1049995         0.00000000    
  -14.9899998         0.00000000    
  -14.8750000         0.00000000    
  -14.7600002         0.00000000    
  -14.6450005         0.00000000    
  -14.5299997         0.00000000    
  -14.4150000         0.00000000    
  -14.3000002         0.00000000    
  -14.1850004         0.00000000    
  -14.0699997         0.00000000    
  -13.9549999         0.00000000    
  -13.8400002         0.00000000    
  -13.7250004         0.00000000    
  -13.6099997         0.00000000    
  -13.4949999         0.00000000    
  -13.3800001         0.00000000    
  -13.2650003         0.00000000    
  -13.1499996         0.00000000    
  -13.0349998         0.00000000    
  -12.9200001         0.00000000    
  -12.8050003         0.00000000    
  -12.6899996         0.00000000    
  -12.5749998         0.00000000    
  -12.4600000         0.00000000    
  -12.3450003         0.00000000    
  -12.2299995         0.00000000    
  -12.1149998         0.00000000    
  -12.0000000         0.00000000    
  -11.8850002         0.00000000    
  -11.7700005         0.00000000    
  -11.6549997         0.00000000    
  -11.5400000         0.00000000    
  -11.4250002         0.00000000    
  -11.3100004         0.00000000    
  -11.1949997         0.00000000    
  -11.0799999         0.00000000    
  -10.9650002         0.00000000    
  -10.8500004         0.00000000    
  -10.7349997         0.00000000    
  -10.6199999         0.00000000    
  -10.5050001         0.00000000    
  -10.3900003         0.00000000    
  -10.2749996         0.00000000    
  -10.1599998         0.00000000    
  -10.0450001         0.00000000    
  -9.93000031         0.00000000    
  -9.81499958         0.00000000    
  -9.69999981         0.00000000    
  -9.58500004         0.00000000    
  -9.47000027         0.00000000    
  -9.35499954         0.00000000    
  -9.23999977         0.00000000    
  -9.12500000         0.00000000    
  -9.01000023         0.00000000    
  -8.89500046         0.00000000    
  -8.77999973         0.00000000    
  -8.66499996         0.00000000    
  -8.55000019         0.00000000    
  -8.43500042         0.00000000    
  -8.31999969         0.00000000    
  -8.20499992         0.00000000    
  -8.09000015         0.00000000    
  -7.97499990         0.00000000    
  -7.86000013         0.00000000    
  -7.74499989         0.00000000    
  -7.63000011         0.00000000    
  -7.51499987         0.00000000    
  -7.40000010         0.00000000    
  -7.28499985         0.00000000    
  -7.17000008         0.00000000    
  -7.05499983         0.00000000    
  -6.94000006         0.00000000    
  -6.82499981         0.00000000    
  -6.71000004         0.00000000    
  -6.59499979         0.00000000    
  -6.48000002         0.00000000    
  -6.36499977         0.00000000    
  -6.25000000         0.00000000    
  -6.13500023         0.00000000    
  -6.01999998         0.00000000    
  -5.90500021         0.00000000    
  -5.78999996         0.00000000    
  -5.67500019         0.00000000    
  -5.55999994         0.00000000    
  -5.44500017         0.00000000    
  -5.32999992         0.00000000    
  -5.21500015         0.00000000    
  -5.09999990         0.00000000    
  -4.98500013         0.00000000    
  -4.86999989         0.00000000    
  -4.75500011         0.00000000    
  -4.63999987         0.00000000    
  -4.52500010         0.00000000    
  -4.40999985         0.00000000    
  -4.29500008         0.00000000    
  -4.17999983         0.00000000    
  -4.06500006         0.00000000    
  -3.95000005         0.00000000    
  -3.83500004         0.00000000    
  -3.72000003         0.00000000    
  -3.60500002         0.00000000    
  -3.49000001         0.00000000    
  -3.37500000        -7.07574682E-34
  -3.25999999        -1.41514936E-33
  -3.14499998        -1.41514936E-33
  -3.02999997         3.72380925E-33
  -2.91499996         1.41502175E-32
  -2.79999995         2.83064271E-32
  -2.68499994         2.27463990E-32
  -2.56999993        -4.87019891E-34
  -2.45499992        -4.10870247E-32
  -2.33999991        -1.04560846E-31
  -2.22499990        -1.99823484E-31
  -2.10999990        -2.99413128E-31
  -1.99500000        -3.89132006E-31
  -1.88000000        -4.47423525E-31
  -1.76499999        -4.48124637E-31
  -1.64999998        -3.72374558E-31
  -1.53499997        -2.08185833E-31
  -1.41999996        -1.92912870E-31
  -1.30499995        -7.34076850E-31
  -1.19000006        -2.14882681E-30
  -1.07500005        -4.09786283E-30
 -0.959999979        -6.33217704E-30
 -0.845000029        -8.56824415E-30
 -0.730000019        -1.01569889E-29
 -0.615000010        -1.05816881E-29
 -0.500000000        -9.20970070E-30
 -0.384999990        -5.63842849E-30
 -0.270000011         2.24038432E-31
 -0.155000001         8.16418480E-30
  -3.99999991E-02     1.82605934E-29
   7.50000030E-02     3.01088452E-29
  0.189999998         4.30033073E-29
  0.305000007         5.64562109E-29
  0.419999987         6.98130947E-29
  0.535000026         8.23841932E-29
  0.649999976         9.29744727E-29
  0.764999986         9.97203132E-29
  0.879999995         1.00668786E-28
  0.995000005         9.39237094E-29
   1.11000001         7.74475051E-29
   1.22500002         4.99105497E-29
   1.34000003         1.08067834E-29
   1.45500004        -3.93422890E-29
   1.57000005        -9.90908230E-29
   1.68499994        -1.65808557E-28
   1.79999995        -2.35842183E-28
   1.91499996        -3.05212591E-28
   2.02999997        -3.68858918E-28
   2.14499998        -4.20804522E-28
   2.25999999        -4.54691164E-28
   2.37500000        -4.64006309E-28
   2.49000001        -4.42403682E-28
   2.60500002        -3.84166281E-28
   2.72000003        -2.84896967E-28
   2.83500004        -1.42434893E-28
   2.95000005         4.23995343E-29
   3.06500006         2.65078883E-28
   3.18000007         5.16986427E-28
   3.29500008         7.85241216E-28
   3.41000009         1.05333009E-27
   3.52500010         1.30139747E-27
   3.64000010         1.50707369E-27
   3.75500011         1.64709804E-27
   3.86999989         1.69847897E-27
   3.98499990         1.64020244E-27
   4.09999990         1.45511056E-27
   4.21500015         1.13165612E-27
   4.32999992         6.65936645E-28
   4.44500017         6.35252284E-29
   4.55999994        -6.59160694E-28
   4.67500019        -1.47391582E-27
   4.78999996        -2.34008828E-27
   4.90500021        -3.20577106E-27
   5.01999998        -4.00971257E-27
   5.13500023        -4.68420290E-27
   5.25000000        -5.15888647E-27
   5.36499977        -5.36545671E-27
   5.48000002        -5.24253307E-27
   5.59499979        -4.74051362E-27
   5.71000004        -3.82709551E-27
   5.82499981        -2.49249250E-27
   5.94000006        -7.52217295E-28
   6.05499983         1.35083186E-27
   6.17000008         3.74499581E-27
   6.28499985         6.33075167E-27
   6.40000010         8.98440695E-27
   6.51499987         1.15617557E-26
   6.63000011         1.39054962E-26
   6.74499989         1.58539086E-26
   6.86000013         1.72495592E-26
   6.97499990         1.79508581E-26
   7.09000015         1.78391557E-26
   7.20499992         1.68280039E-26
   7.32000017         1.48676938E-26
   7.43499994         1.19482714E-26
   7.55000019         8.09993980E-27
   7.66499996         3.38943332E-27
   7.78000021        -2.08639400E-27
   7.89499998        -8.20873944E-27
   8.01000023        -1.48480802E-26
   8.12500000        -2.18749681E-26
   8.23999977        -2.91715247E-26
   8.35499954        -3.66383458E-26
   8.47000027        -4.42007393E-26
   8.58500004        -5.18075525E-26
   8.69999981        -5.94241832E-26
   8.81499958        -6.70197366E-26
   8.93000031        -7.45473062E-26
   9.04500008        -8.19184965E-26
   9.15999985        -8.89744074E-26
   9.27499962        -9.54532481E-26
   9.39000034        -1.00961180E-25
   9.50500011        -1.04947269E-25
   9.61999989        -1.06688988E-25
   9.73499966        -1.05288094E-25
   9.85000038        -9.96847103E-26
   9.96500015        -8.86900292E-26
   10.0799999        -7.10392541E-26
   10.1949997        -4.54654652E-26
   10.3100004        -1.07927034E-26
   10.4250002         3.39550231E-26
   10.5400000         8.94357369E-26
   10.6549997         1.55866552E-25
   10.7700005         2.32906055E-25
   10.8850002         3.19549655E-25
   11.0000000         4.14047353E-25
   11.1149998         5.13853344E-25
   11.2299995         6.15614034E-25
   11.3450003         7.15201117E-25
   11.4600000         8.07792778E-25
   11.5749998         8.88002380E-25
   11.6899996         9.50052996E-25
   11.8050003         9.87990993E-25
   11.9200001         9.95928807E-25
   12.0349998         9.68306547E-25
   12.1499996         9.00159121E-25
   12.2650003         7.87374050E-25
   12.3800001         6.26928370E-25
   12.4949999         4.17090877E-25
   12.6099997         1.57583310E-25
   12.7250004        -1.50307831E-25
   12.8400002        -5.03668755E-25
   12.9549999        -8.97942816E-25
   13.0699997        -1.32695575E-24
   13.1850004        -1.78297237E-24
   13.3000002        -2.25677170E-24
   13.4150000        -2.73773053E-24
   13.5299997        -3.21390295E-24
   13.6450005        -3.67208717E-24
   13.7600002        -4.09787878E-24
   13.8750000        -4.47570963E-24
   13.9899998        -4.78888623E-24
   14.1049995        -5.01964027E-24
   14.2200003        -5.14921935E-24
   14.3350000        -5.15804237E-24
   14.4499998        -5.02596023E-24
   14.5649996        -4.73264044E-24
   14.6800003        -4.25812247E-24
   14.7950001        -3.58354739E-24
   14.9099998        -2.69208980E-24
   15.0249996        -1.57007390E-24
   15.1400003        -2.08263223E-25
   15.2550001         1.39672566E-24
   15.3699999         3.24093820E-24
   15.4849997         5.31161110E-24
   15.6000004         7.58580874E-24
   15.7150002         1.00292699E-23
   15.8299999         1.25955811E-23
   15.9449997         1.52257901E-23
   16.0599995         1.78485475E-23
   16.1749992         2.03808652E-23
   16.2900009         2.27295644E-23
   16.4050007         2.47933886E-23
   16.5200005         2.64658337E-23
   16.6350002         2.76385622E-23
   16.7500000         2.82053619E-23
   16.8649998         2.80664688E-23
   16.9799995         2.71330980E-23
   17.0949993         2.53319645E-23
   17.2099991         2.26095897E-23
   17.3250008         1.89361311E-23
   17.4400005         1.43085642E-23
   17.5550003         8.75298209E-24
   17.6700001         2.32585895E-24
   17.7849998        -4.88581830E-24
   17.8999996        -1.27656485E-23
   18.0149994        -2.11701095E-23
   18.1299992        -2.99320112E-23
   18.2450008        -3.88649901E-23
   18.3600006        -4.77688347E-23
   18.4750004        -5.64354941E-23
   18.5900002        -6.46554752E-23
   18.7049999        -7.22243306E-23
   18.8199997        -7.89490795E-23
   18.9349995        -8.46541973E-23
   19.0499992        -8.91870362E-23
   19.1650009        -9.24224262E-23
   19.2800007        -9.42664106E-23
   19.3950005        -9.46588721E-23
   19.5100002        -9.35752422E-23
   19.6250000        -9.10271016E-23
   19.7399998        -8.70618197E-23
   19.8549995        -8.17613244E-23
   19.9699993        -7.52400448E-23
   20.0849991        -6.76422352E-23
   20.2000008        -5.91385797E-23
   20.3150005        -4.99224124E-23
   20.4300003        -4.02053815E-23
   20.5450001        -3.02127794E-23
   20.6599998        -2.01784372E-23
   20.7749996        -1.03392701E-23
   20.8899994        -9.29472798E-25
   21.0049992         7.82560746E-24
   21.1200008         1.57158447E-23
   21.2350006         2.25528280E-23
   21.3500004         2.81763350E-23
   21.4650002         3.24605660E-23
   21.5799999         3.53198050E-23
   21.6949997         3.67132331E-23
   21.8099995         3.66484803E-23
   21.9249992         3.51835656E-23
   22.0400009         3.24268533E-23
   22.1550007         2.85347587E-23
   22.2700005         2.37069473E-23
   22.3850002         1.81789761E-23
   22.5000000         1.22124519E-23
   22.6149998         6.08295653E-24
   22.7299995         6.61703738E-26
   22.8449993        -5.57717679E-24
   22.9599991        -1.06167283E-23
   23.0750008        -1.48673838E-23
   23.1900005        -1.82026120E-23
   23.3050003        -2.05652330E-23
   23.4200001        -2.19746040E-23
   23.5349998        -2.25293358E-23
   23.6499996        -2.24049655E-23
   23.7649994        -2.18460134E-23
   23.8799992        -2.11524027E-23
   23.9950008        -2.06604328E-23
   24.1100006        -2.07188605E-23
   24.2250004        -2.16611123E-23
   24.3400002        -2.37748146E-23
   24.4549999        -2.72702273E-23
   24.5699997        -3.22492807E-23
   24.6849995        -3.86771150E-23
   24.7999992        -4.63579475E-23
   24.9150009        -5.49170315E-23
   25.0300007        -6.37901832E-23
   25.1450005        -7.22222480E-23
   25.2600002        -7.92751693E-23
   25.3750000        -8.38461576E-23
   25.4899998        -8.46957671E-23
   25.6049995        -8.04852504E-23
   25.7199993        -6.98219399E-23
   25.8349991        -5.13112809E-23
   25.9500008        -2.36130666E-23
   26.0650005         1.44999829E-23
   26.1800003         6.40842579E-23
   26.2950001         1.25970295E-22
   26.4099998         2.00713604E-22
   26.5249996         2.88553732E-22
   26.6399994         3.89383485E-22
   26.7549992         5.02730781E-22
   26.8700008         6.27753799E-22
   26.9850006         7.63250769E-22
   27.1000004         9.07684411E-22
   27.2150002         1.05922043E-21
   27.3299999         1.21577981E-21
   27.4449997         1.37510194E-21
   27.5599995         1.53481838E-21
   27.6749992         1.69253189E-21
   27.7900009         1.84590039E-21
   27.9050007         1.99271990E-21
   28.0200005         2.13100467E-21
   28.1350002         2.25906014E-21
   28.2500000         2.37554539E-21
   28.3649998         2.47952033E-21
   28.4799995         2.57047789E-21
   28.5949993         2.64835707E-21
   28.7099991         2.71353429E-21
   28.8250008         2.76679717E-21
   28.9400005         2.80929358E-21
   29.0550003         2.84246622E-21
   29.1700001         2.86796887E-21
   29.2849998         2.88756918E-21
   29.3999996         2.90304731E-21
   29.5149994         2.91608490E-21
   29.6299992         2.92816363E-21
   29.7450008         2.94046734E-21
   29.8600006         2.95379815E-21
   29.9750004         2.96851554E-21
   30.0900002         2.98449491E-21
   30.2049999         3.00111729E-21
   30.3199997         3.01728588E-21
   30.4349995         3.03147659E-21
   30.5499992         3.04181433E-21
   30.6650009         3.04618045E-21
   30.7800007         3.04233960E-21
   30.8950005         3.02808507E-21
   31.0100002         3.00139315E-21
   31.1250000         2.96057917E-21
   31.2399998         2.90444318E-21
   31.3549995         2.83240253E-21
   31.4699993         2.74459537E-21
   31.5849991         2.64195126E-21
   31.7000008         2.52622211E-21
   31.8150005         2.39996721E-21
   31.9300003         2.26648982E-21
   32.0449982         2.12972653E-21
   32.1599998         1.99408951E-21
   32.2750015         1.86426800E-21
   32.3899994         1.74499627E-21
   32.5050011         1.64079514E-21
   32.6199989         1.55570388E-21
   32.7350006         1.49300719E-21
   32.8499985         1.45497808E-21
   32.9650002         1.44264661E-21
   33.0800018         1.45560645E-21
   33.1949997         1.49187214E-21
   33.3100014         1.54779770E-21
   33.4249992         1.61806120E-21
   33.5400009         1.69572086E-21
   33.6549988         1.77234392E-21
   33.7700005         1.83820716E-21
   33.8849983         1.88256170E-21
   34.0000000         1.89395522E-21
   34.1150017         1.86059880E-21
   34.2299995         1.77076690E-21
   34.3450012         1.61321101E-21
   34.4599991         1.37757490E-21
   34.5750008         1.05478917E-21
   34.6899986         6.37430812E-22
   34.8050003         1.20029541E-22
   34.9199982        -5.00692011E-22
   35.0349998        -1.22565851E-21
   35.1500015        -2.05337449E-21
   35.2649994        -2.97994966E-21
   35.3800011        -3.99922883E-21
   35.4949989        -5.10301775E-21
   35.6100006        -6.28140560E-21
   35.7249985        -7.52317213E-21
   35.8400002        -8.81627595E-21
   35.9550018        -1.01483897E-20
   36.0699997        -1.15074871E-20
   36.1850014        -1.28824357E-20
   36.2999992        -1.42635923E-20
   36.4150009        -1.56433619E-20
   36.5299988        -1.70166949E-20
   36.6450005        -1.83815058E-20
   36.7599983        -1.97389706E-20
   36.8750000        -2.10937131E-20
   36.9900017        -2.24538145E-20
   37.1049995        -2.38306906E-20
   37.2200012        -2.52387636E-20
   37.3349991        -2.66949860E-20
   37.4500008        -2.82181809E-20
   37.5649986        -2.98282363E-20
   37.6800003        -3.15451660E-20
   37.7949982        -3.33880662E-20
   37.9099998        -3.53740170E-20
   38.0250015        -3.75169479E-20
   38.1399994        -3.98265590E-20
   38.2550011        -4.23073189E-20
   38.3699989        -4.49575894E-20
   38.4850006        -4.77689663E-20
   38.5999985        -5.07258623E-20
   38.7150002        -5.38053717E-20
   38.8300018        -5.69774478E-20
   38.9449997        -6.02054555E-20
   39.0600014        -6.34470600E-20
   39.1749992        -6.66554287E-20
   39.2900009        -6.97807949E-20
   39.4049988        -7.27722678E-20
   39.5200005        -7.55798480E-20
   39.6349983        -7.81565932E-20
   39.7500000        -8.04607823E-20
   39.8650017        -8.24580357E-20
   39.9799995        -8.41233183E-20
   40.0950012        -8.54425615E-20
   40.2099991        -8.64139689E-20
   40.3250008        -8.70488041E-20
   40.4399986        -8.73716695E-20
   40.5550003        -8.74200596E-20
   40.6699982        -8.72433596E-20
   40.7849998        -8.69011201E-20
   40.9000015        -8.64606981E-20
   41.0149994        -8.59943233E-20
   41.1300011        -8.55756472E-20
   41.2449989        -8.52759751E-20
   41.3600006        -8.51602280E-20
   41.4749985        -8.52828963E-20
   41.5900002        -8.56841241E-20
   41.7050018        -8.63861678E-20
   41.8199997        -8.73903845E-20
   41.9350014        -8.86750024E-20
   42.0499992        -9.01937836E-20
   42.1650009        -9.18758037E-20
   42.2799988        -9.36263311E-20
   42.3950005        -9.53289919E-20
   42.5099983        -9.68491237E-20
   42.6250000        -9.80383186E-20
   42.7400017        -9.87399810E-20
   42.8549995        -9.87957963E-20
   42.9700012        -9.80527555E-20
   43.0849991        -9.63705739E-20
   43.2000008        -9.36290259E-20
   43.3149986        -8.97349827E-20
   43.4300003        -8.46285964E-20
   43.5449982        -7.82884509E-20
   43.6599998        -7.07351158E-20
   43.7750015        -6.20330271E-20
   43.8899994        -5.22901772E-20
   44.0050011        -4.16556654E-20
   44.1199989        -3.03149287E-20
   44.2350006        -1.84826997E-20
   44.3499985        -6.39380281E-21
   44.4650002         5.70787823E-21
   44.5800018         1.75819469E-20
   44.6949997         2.90050559E-20
   44.8100014         3.97849253E-20
   44.9249992         4.97741393E-20
   45.0400009         5.88830845E-20
   45.1549988         6.70912882E-20
   45.2700005         7.44565044E-20
   45.3849983         8.11208918E-20
   45.5000000         8.73137798E-20
   45.6150017         9.33505439E-20
   45.7299995         9.96274166E-20
   45.8450012         1.06612026E-19
   45.9599991         1.14829833E-19
   46.0750008         1.24846796E-19
   46.1899986         1.37248715E-19
   46.3050003         1.52617925E-19
   46.4199982         1.71508262E-19
   46.5349998         1.94419277E-19
   46.6500015         2.21770819E-19
   46.7649994         2.53879152E-19
   46.8800011         2.90935810E-19
   46.9949989         3.32990215E-19
   47.1100006         3.79937083E-19
   47.2249985         4.31509701E-19
   47.3400002         4.87279381E-19
   47.4550018         5.46661953E-19
   47.5699997         6.08930869E-19
   47.6850014         6.73237079E-19
   47.7999992         7.38635529E-19
   47.9150009         8.04116232E-19
   48.0299988         8.68640663E-19
   48.1450005         9.31180377E-19
   48.2599983         9.90757440E-19
   48.3750000         1.04648449E-18
   48.4900017         1.09760260E-18
   48.6049995         1.14351578E-18
   48.7200012         1.18381891E-18
   48.8349991         1.21831979E-18
   48.9500008         1.24705170E-18
   49.0649986         1.27027686E-18
   49.1800003         1.28847959E-18
   49.2949982         1.30234893E-18
   49.4099998         1.31275052E-18
   49.5250015         1.32068980E-18
   49.6399994         1.32726537E-18
   49.7550011         1.33361646E-18
   49.8699989         1.34086381E-18
   49.9850006         1.35004872E-18
   50.0999985         1.36207137E-18
   50.2150002         1.37763095E-18
   50.3300018         1.39717133E-18
   50.4449997         1.42083377E-18
   50.5600014         1.44842003E-18
   50.6749992         1.47936817E-18
   50.7900009         1.51274108E-18
   50.9049988         1.54723255E-18
   51.0200005         1.58118759E-18
   51.1349983         1.61264030E-18
   51.2500000         1.63936651E-18
   51.3650017         1.65895146E-18
   51.4799995         1.66887018E-18
   51.5950012         1.66657620E-18
   51.7099991         1.64959904E-18
   51.8250008         1.61564307E-18
   51.9399986         1.56268594E-18
   52.0550003         1.48907296E-18
   52.1699982         1.39360009E-18
   52.2849998         1.27558581E-18
   52.4000015         1.13492530E-18
   52.5149994         9.72123335E-19
   52.6300011         7.88306743E-19
   52.7449989         5.85210896E-19
   52.8600006         3.65141562E-19
   52.9749985         1.30912163E-19
   53.0900002        -1.14242767E-19
   53.2050018        -3.66775477E-19
   53.3199997        -6.22950340E-19
   53.4350014        -8.78983212E-19
   53.5499992        -1.13118903E-18
   53.6650009        -1.37613137E-18
   53.7799988        -1.61077056E-18
   53.8950005        -1.83259859E-18
   54.0099983        -2.03976184E-18
   54.1250000        -2.23115778E-18
   54.2400017        -2.40650684E-18
   54.3549995        -2.56639154E-18
   54.4700012        -2.71225905E-18
   54.5849991        -2.84638763E-18
   54.7000008        -2.97181427E-18
   54.8149986        -3.09222612E-18
   54.9300003        -3.21181493E-18
   55.0449982        -3.33510372E-18
   55.1599998        -3.46674745E-18
   55.2750015        -3.61131587E-18
   55.3899994        -3.77306690E-18
   55.5050011        -3.95571996E-18
   55.6199989        -4.16224132E-18
   55.7350006        -4.39464102E-18
   55.8499985        -4.65380870E-18
   55.9650002        -4.93937916E-18
   56.0800018        -5.24964592E-18
   56.1949997        -5.58152940E-18
   56.3100014        -5.93059548E-18
   56.4249992        -6.29113580E-18
   56.5400009        -6.65630709E-18
   56.6549988        -7.01832310E-18
   56.7700005        -7.36870026E-18
   56.8849983        -7.69854597E-18
   57.0000000        -7.99887788E-18
   57.1150017        -8.26096510E-18
   57.2299995        -8.47668387E-18
   57.3450012        -8.63885429E-18
   57.4599991        -8.74157192E-18
   57.5750008        -8.78048415E-18
   57.6899986        -8.75303416E-18
   57.8050003        -8.65863052E-18
   57.9199982        -8.49874726E-18
   58.0349998        -8.27694209E-18
   58.1500015        -7.99878441E-18
   58.2649994        -7.67170313E-18
   58.3800011        -7.30473604E-18
   58.4949989        -6.90821295E-18
   58.6100006        -6.49335788E-18
   58.7249985        -6.07184153E-18
   58.8400002        -5.65528826E-18
   58.9550018        -5.25476410E-18
   59.0699997        -4.88026387E-18
   59.1850014        -4.54022109E-18
   59.2999992        -4.24106088E-18
   59.4150009        -3.98681368E-18
   59.5299988        -3.77881953E-18
   59.6450005        -3.61553118E-18
   59.7599983        -3.49242975E-18
   59.8750000        -3.40206875E-18
   59.9900017        -3.33424159E-18
   60.1049995        -3.27627877E-18
   60.2200012        -3.21346826E-18
   60.3349991        -3.12957912E-18
   60.4500008        -3.00748230E-18
   60.5649986        -2.82983988E-18
   60.6800003        -2.57983798E-18
   60.7949982        -2.24193884E-18
   60.9099998        -1.80261784E-18
   61.0250015        -1.25105257E-18
   61.1399994        -5.79739458E-19
   61.2550011         2.14998277E-19
   61.3699989         1.13262977E-18
   61.4850006         2.16819341E-18
   61.5999985         3.31223962E-18
   61.7150002         4.55095169E-18
   61.8300018         5.86645010E-18
   61.9449997         7.23727119E-18
   62.0600014         8.63901559E-18
   62.1749992         1.00451366E-17
   62.2900009         1.14278534E-17
   62.4049988         1.27591468E-17
   62.5200005         1.40118142E-17
   62.6349983         1.51605233E-17
   62.7500000         1.61828440E-17
   62.8650017         1.70601981E-17
   62.9799995         1.77786938E-17
   63.0950012         1.83298029E-17
   63.2099991         1.87108569E-17
   63.3250008         1.89253068E-17
   63.4399986         1.89827627E-17
   63.5550003         1.88987774E-17
   63.6699982         1.86943778E-17
   63.7849998         1.83953553E-17
   63.9000015         1.80313429E-17
   64.0149994         1.76346850E-17
   64.1299973         1.72391553E-17
   64.2450027         1.68785642E-17
   64.3600006         1.65853088E-17
   64.4749985         1.63889146E-17
   64.5899963         1.63146354E-17
   64.7050018         1.63821664E-17
   64.8199997         1.66045374E-17
   64.9349976         1.69872110E-17
   65.0500031         1.75274725E-17
   65.1650009         1.82141068E-17
   65.2799988         1.90274206E-17
   65.3949966         1.99396056E-17
   65.5100021         2.09154487E-17
   65.6250000         2.19133627E-17
   65.7399979         2.28867492E-17
   65.8550034         2.37855951E-17
   65.9700012         2.45582992E-17
   66.0849991         2.51536509E-17
   66.1999969         2.55228646E-17
   66.3150024         2.56216366E-17
   66.4300003         2.54121018E-17
   66.5449982         2.48646274E-17
   66.6600037         2.39593791E-17
   66.7750015         2.26875409E-17
   66.8899994         2.10521982E-17
   67.0049973         1.90687432E-17
   67.1200027         1.67648649E-17
   67.2350006         1.41800297E-17
   67.3499985         1.13644864E-17
   67.4649963         8.37780436E-18
   67.5800018         5.28699685E-18
   67.6949997         2.16426803E-18
   67.8099976        -9.15527845E-19
   67.9250031        -3.87763660E-18
   68.0400009        -6.65025585E-18
   68.1549988        -9.16738465E-18
   68.2699966        -1.13715538E-17
   68.3850021        -1.32163254E-17
   68.5000000        -1.46684418E-17
   68.6149979        -1.57095512E-17
   68.7300034        -1.63373862E-17
   68.8450012        -1.65663581E-17
   68.9599991        -1.64274910E-17
   69.0749969        -1.59676993E-17
   69.1900024        -1.52483781E-17
   69.3050003        -1.43433763E-17
   69.4199982        -1.33363543E-17
   69.5350037        -1.23176631E-17
   69.6500015        -1.13808083E-17
   69.7649994        -1.06186457E-17
   69.8799973        -1.01194497E-17
   69.9950027        -9.96299343E-18
   70.1100006        -1.02168262E-17
   70.2249985        -1.09328759E-17
   70.3399963        -1.21445566E-17
   70.4550018        -1.38645000E-17
   70.5699997        -1.60830348E-17
   70.6849976        -1.87675138E-17
   70.8000031        -2.18625391E-17
   70.9150009        -2.52911217E-17
   71.0299988        -2.89567676E-17
   71.1449966        -3.27464360E-17
   71.2600021        -3.65342913E-17
   71.3750000        -4.01861381E-17
   71.4899979        -4.35643570E-17
   71.6050034        -4.65332108E-17
   71.7200012        -4.89642748E-17
   71.8349991        -5.07417933E-17
   71.9499969        -5.17677520E-17
   72.0650024        -5.19664639E-17
   72.1800003        -5.12883909E-17
   72.2949982        -4.97131478E-17
   72.4100037        -4.72514054E-17
   72.5250015        -4.39456310E-17
   72.6399994        -3.98696423E-17
   72.7549973        -3.51268269E-17
   72.8700027        -2.98471977E-17
   72.9850006        -2.41832357E-17
   73.0999985        -1.83047096E-17
   73.2149963        -1.23926322E-17
   73.3300018        -6.63256659E-18
   73.4449997        -1.20751371E-18
   73.5599976         3.70933512E-18
   73.6750031         7.96168950E-18
   73.7900009         1.14168246E-17
   73.9049988         1.39715057E-17
   74.0199966         1.55569496E-17
   74.1350021         1.61425570E-17
   74.2500000         1.57382312E-17
   74.3649979         1.43951628E-17
   74.4800034         1.22049672E-17
   74.5950012         9.29717342E-18
   74.7099991         5.83510244E-18
   74.8249969         2.01024348E-18
   74.9400024        -1.96468506E-18
   75.0550003        -5.86378162E-18
   75.1699982        -9.45680522E-18
   75.2850037        -1.25185183E-17
   75.4000015        -1.48381395E-17
   75.5149994        -1.62285789E-17
   75.6299973        -1.65350294E-17
   75.7450027        -1.56425958E-17
   75.8600006        -1.34825990E-17
   75.9749985        -1.00372668E-17
   76.0899963        -5.34257718E-18
   76.2050018         5.10930388E-19
   76.3199997         7.37947346E-18
   76.4349976         1.50695053E-17
   76.5500031         2.33432652E-17
   76.6650009         3.19262997E-17
   76.7799988         4.05166696E-17
   76.8949966         4.87955928E-17
   77.0100021         5.64391288E-17
   77.1250000         6.31304839E-17
   77.2399979         6.85724853E-17
   77.3550034         7.24997800E-17
   77.4700012         7.46901609E-17
   77.5849991         7.49747177E-17
   77.6999969         7.32462411E-17
   77.8150024         6.94655492E-17
   77.9300003         6.36654382E-17
   78.0449982         5.59519657E-17
   78.1600037         4.65030352E-17
   78.2750015         3.55640845E-17
   78.3899994         2.34411207E-17
   78.5049973         1.04911648E-17
   78.6200027        -2.88957142E-18
   78.7350006        -1.62794025E-17
   78.8499985        -2.92463139E-17
   78.9649963        -4.13639904E-17
   79.0800018        -5.22281773E-17
   79.1949997        -6.14727213E-17
   79.3099976        -6.87846737E-17
   79.4250031        -7.39178720E-17
   79.5400009        -7.67043722E-17
   79.6549988        -7.70633024E-17
   79.7699966        -7.50066402E-17
   79.8850021        -7.06416147E-17
   80.0000000        -6.41695617E-17
   80.1149979        -5.58810995E-17
   80.2300034        -4.61476917E-17
   80.3450012        -3.54098881E-17
   80.4599991        -2.41624652E-17
   80.5749969        -1.29369658E-17
   80.6900024        -2.28227382E-18
   80.8050003         7.25619625E-18
   80.9199982         1.51578697E-17
   81.0350037         2.09482034E-17
   81.1500015         2.42188375E-17
   81.2649994         2.46459423E-17
   81.3799973         2.20059772E-17
   81.4950027         1.61881843E-17
   81.6100006         7.20321864E-18
   81.7249985        -4.81252440E-18
   81.8399963        -1.95972256E-17
   81.9550018        -3.67687010E-17
   82.0699997        -5.58342281E-17
   82.1849976        -7.62048676E-17
   82.3000031        -9.72139515E-17
   82.4150009        -1.18139100E-16
   82.5299988        -1.38227108E-16
   82.6449966        -1.56720815E-16
   82.7600021        -1.72887088E-16
   82.8750000        -1.86044752E-16
   82.9899979        -1.95591488E-16
   83.1050034        -2.01028751E-16
   83.2200012        -2.01983424E-16
   83.3349991        -1.98225668E-16
   83.4499969        -1.89681686E-16
   83.5650024        -1.76441383E-16
   83.6800003        -1.58759782E-16
   83.7949982        -1.37052538E-16
   83.9100037        -1.11885257E-16
   84.0250015        -8.39567808E-17
   84.1399994        -5.40770980E-17
   84.2549973        -2.31404273E-17
   84.3700027         7.90565711E-18
   84.4850006         3.80939469E-17
   84.5999985         6.64730414E-17
   84.7149963         9.21431623E-17
   84.8300018         1.14291016E-16
   84.9449997         1.32222452E-16
   85.0599976         1.45391445E-16
   85.1750031         1.53424375E-16
   85.2900009         1.56138520E-16
   85.4049988         1.53553733E-16
   85.5199966         1.45897058E-16
   85.6350021         1.33599529E-16
   85.7500000         1.17285224E-16
   85.8649979         9.77528696E-17
   85.9800034         7.59502746E-17
   86.0950012         5.29425569E-17
   86.2099991         2.98750307E-17
   86.3249969         7.93211283E-18
   86.4400024        -1.17063643E-17
   86.5550003        -2.79099110E-17
   86.6699982        -3.96415092E-17
   86.7850037        -4.59994841E-17
   86.9000015        -4.62555097E-17
   87.0149994        -3.98872249E-17
   87.1299973        -2.66041170E-17
   87.2450027        -6.36554235E-18
   87.3600006         2.06099676E-17
   87.4749985         5.38447496E-17
   87.5899963         9.26114855E-17
   87.7050018         1.35952216E-16
   87.8199997         1.82706185E-16
   87.9349976         2.31545906E-16
   88.0500031         2.81020200E-16
   88.1650009         3.29602966E-16
   88.2799988         3.75745721E-16
   88.3949966         4.17932515E-16
   88.5100021         4.54734667E-16
   88.6250000         4.84864264E-16
   88.7399979         5.07223022E-16
   88.8550034         5.20946227E-16
   88.9700012         5.25438836E-16
   89.0849991         5.20402643E-16
   89.1999969         5.05853423E-16
   89.3150024         4.82127077E-16
   89.4300003         4.49874339E-16
   89.5449982         4.10043965E-16
   89.6600037         3.63854729E-16
   89.7750015         3.12756990E-16
   89.8899994         2.58385098E-16
   90.0049973         2.02501993E-16
   90.1200027         1.46938101E-16
   90.2350006         9.35262612E-17
   90.3499985         4.40353106E-17
   90.4649963         1.04521528E-19
   90.5800018        -3.68186462E-17
   90.6949997        -6.55351509E-17
   90.8099976        -8.51431960E-17
   90.9250031        -9.50772050E-17
   91.0400009        -9.51354981E-17
   91.1549988        -8.54952507E-17
   91.2699966        -6.67139230E-17
   91.3850021        -3.97170573E-17
   91.5000000        -5.77209857E-18
   91.6149979         3.35505780E-17
   91.7300034         7.64287291E-17
   91.8450012         1.20849579E-16
   91.9599991         1.64679537E-16
   92.0749969         2.05739869E-16
   92.1900024         2.41885822E-16
   92.3050003         2.71086251E-16
   92.4199982         2.91501015E-16
   92.5350037         3.01553258E-16
   92.6500015         2.99993738E-16
   92.7649994         2.85954908E-16
   92.8799973         2.58992288E-16
   92.9950027         2.19111515E-16
   93.1100006         1.66779861E-16
   93.2249985         1.02921207E-16
   93.3399963         2.88943783E-17
   93.4550018        -5.35446517E-17
   93.5699997        -1.42295699E-16
   93.6849976        -2.34981048E-16
   93.8000031        -3.29023516E-16
   93.9150009        -4.21733496E-16
   94.0299988        -5.10401884E-16
   94.1449966        -5.92395891E-16
   94.2600021        -6.65254065E-16
   94.3750000        -7.26777297E-16
   94.4899979        -7.75112227E-16
   94.6050034        -8.08823979E-16
   94.7200012        -8.26955672E-16
   94.8349991        -8.29071614E-16
   94.9499969        -8.15282711E-16
   95.0650024        -7.86253357E-16
   95.1800003        -7.43187502E-16
   95.2949982        -6.87795994E-16
   95.4100037        -6.22244644E-16
   95.5250015        -5.49084873E-16
   95.6399994        -4.71169541E-16
   95.7549973        -3.91555432E-16
   95.8700027        -3.13397585E-16
   95.9850006        -2.39837114E-16
   96.0999985        -1.73887698E-16
   96.2149963        -1.18324454E-16
   96.3300018        -7.55790095E-17
   96.4449997        -4.76448456E-17
   96.5599976        -3.59964452E-17
   96.6750031        -4.15253601E-17
   96.7900009        -6.44960334E-17
   96.9049988        -1.04522780E-16
   97.0199966        -1.60569759E-16
   97.1350021        -2.30974000E-16
   97.2500000        -3.13491023E-16
   97.3649979        -4.05362228E-16
   97.4800034        -5.03401580E-16
   97.5950012        -6.04099239E-16
   97.7099991        -7.03738584E-16
   97.8249969        -7.98523000E-16
   97.9400024        -8.84707438E-16
   98.0550003        -9.58731288E-16
   98.1699982        -1.01734724E-15
   98.2850037        -1.05774086E-15
   98.4000015        -1.07763851E-15
   98.5149994        -1.07539748E-15
   98.6299973        -1.05007627E-15
   98.7450027        -1.00148115E-15
   98.8600006        -9.30188607E-16
   98.9749985        -8.37540461E-16
   99.0899963        -7.25612468E-16
   99.2050018        -5.97157645E-16
   99.3199997        -4.55524472E-16
   99.4349976        -3.04553317E-16
   99.5500031        -1.48453999E-16
   99.6650009         8.33138464E-18
   99.7799988         1.61275960E-16
   99.8949966         3.05921090E-16
   100.010002         4.38029616E-16
   100.125000         5.53733549E-16
   100.239998         6.49672100E-16
   100.355003         7.23113721E-16
   100.470001         7.72059573E-16
   100.584999         7.95322168E-16
   100.699997         7.92578152E-16
   100.815002         7.64392601E-16
   100.930000         7.12212037E-16
   101.044998         6.38328529E-16
   101.160004         5.45813685E-16
   101.275002         4.38424756E-16
   101.389999         3.20486589E-16
   101.504997         1.96751963E-16
   101.620003         7.22455444E-17
   101.735001        -4.79033825E-17
   101.849998        -1.58634369E-16
   101.964996        -2.55129156E-16
   102.080002        -3.32979001E-16
   102.195000        -3.88340439E-16
   102.309998        -4.18073308E-16
   102.425003        -4.19857132E-16
   102.540001        -3.92280890E-16
   102.654999        -3.34902745E-16
   102.769997        -2.48277692E-16
   102.885002        -1.33951776E-16
   103.000000         5.57764123E-18
   103.114998         1.66934431E-16
   103.230003         3.45966690E-16
   103.345001         5.37877674E-16
   103.459999         7.37379344E-16
   103.574997         9.38864977E-16
   103.690002         1.13659370E-15
   103.805000         1.32488193E-15
   103.919998         1.49829382E-15
   104.035004         1.65182690E-15
   104.150002         1.78108201E-15
   104.264999         1.88241638E-15
   104.379997         1.95307163E-15
   104.495003         1.99127176E-15
   104.610001         1.99629043E-15
   104.724998         1.96848106E-15
   104.839996         1.90927134E-15
   104.955002         1.82112105E-15
   105.070000         1.70744457E-15
   105.184998         1.57249920E-15
   105.300003         1.42124548E-15
   105.415001         1.25918107E-15
   105.529999         1.09215687E-15
   105.644997         9.26178647E-16
   105.760002         7.67202580E-16
   105.875000         6.20932272E-16
   105.989998         4.92622292E-16
   106.105003         3.86896725E-16
   106.220001         3.07588130E-16
   106.334999         2.57603154E-16
   106.449997         2.38818690E-16
   106.565002         2.52013345E-16
   106.680000         2.96836105E-16
   106.794998         3.71813291E-16
   106.910004         4.74394355E-16
   107.025002         6.01033986E-16
   107.139999         7.47309482E-16
   107.254997         9.08067600E-16
   107.370003         1.07759722E-15
   107.485001         1.24982083E-15
   107.599998         1.41850014E-15
   107.714996         1.57744555E-15
   107.830002         1.72072647E-15
   107.945000         1.84287180E-15
   108.059998         1.93905429E-15
   108.175003         2.00525479E-15
   108.290001         2.03839813E-15
   108.404999         2.03645503E-15
   108.519997         1.99851241E-15
   108.635002         1.92479979E-15
   108.750000         1.81668238E-15
   108.864998         1.67661035E-15
   108.980003         1.50803342E-15
   109.095001         1.31528049E-15
   109.209999         1.10340928E-15
   109.324997         8.78030700E-16
   109.440002         6.45115433E-16
   109.555000         4.10787315E-16
   109.669998         1.81112294E-16
   109.785004        -3.81094119E-17
   109.900002        -2.41544097E-16
   110.014999        -4.24504670E-16
   110.129997        -5.83112622E-16
   110.245003        -7.14426816E-16
   110.360001        -8.16543573E-16
   110.474998        -8.88657311E-16
   110.589996        -9.31084344E-16
   110.705002        -9.45246312E-16
   110.820000        -9.33614538E-16
   110.934998        -8.99619717E-16
   111.050003        -8.47526503E-16
   111.165001        -7.82280508E-16
   111.279999        -7.09331966E-16
   111.394997        -6.34440965E-16
   111.510002        -5.63473527E-16
   111.625000        -5.02195564E-16
   111.739998        -4.56070650E-16
   111.855003        -4.30067665E-16
   111.970001        -4.28490780E-16
   112.084999        -4.54829217E-16
   112.199997        -5.11641358E-16
   112.315002        -6.00469280E-16
   112.430000        -7.21791662E-16
   112.544998        -8.75014204E-16
   112.660004        -1.05849949E-15
   112.775002        -1.26963208E-15
   112.889999        -1.50492090E-15
   113.004997        -1.76012917E-15
   113.120003        -2.03043221E-15
   113.235001        -2.31059386E-15
   113.349998        -2.59515670E-15
   113.464996        -2.87863808E-15
   113.580002        -3.15572585E-15
   113.695000        -3.42146508E-15
   113.809998        -3.67142958E-15
   113.925003        -3.90187379E-15
   114.040001        -4.10985511E-15
   114.154999        -4.29332668E-15
   114.269997        -4.45119541E-15
   114.385002        -4.58334059E-15
   114.500000        -4.69059953E-15
   114.614998        -4.77471287E-15
   114.730003        -4.83823695E-15
   114.845001        -4.88442523E-15
   114.959999        -4.91708301E-15
   115.074997        -4.94040183E-15
   115.190002        -4.95877651E-15
   115.305000        -4.97661926E-15
   115.419998        -4.99816820E-15
   115.535004        -5.02730444E-15
   115.650002        -5.06738054E-15
   115.764999        -5.12107311E-15
   115.879997        -5.19025579E-15
   115.995003        -5.27590650E-15
   116.110001        -5.37804469E-15
   116.224998        -5.49570773E-15
   116.339996        -5.62696396E-15
   116.455002        -5.76896226E-15
   116.570000        -5.91801761E-15
   116.684998        -6.06972587E-15
   116.800003        -6.21911199E-15
   116.915001        -6.36079265E-15
   117.029999        -6.48916388E-15
   117.144997        -6.59859588E-15
   117.260002        -6.68362443E-15
   117.375000        -6.73914914E-15
   117.489998        -6.76061041E-15
   117.605003        -6.74415637E-15
   117.720001        -6.68677709E-15
   117.834999        -6.58641724E-15
   117.949997        -6.44205191E-15
   118.065002        -6.25372472E-15
   118.180000        -6.02254994E-15
   118.294998        -5.75067439E-15
   118.410004        -5.44120413E-15
   118.525002        -5.09809819E-15
   118.639999        -4.72602711E-15
   118.754997        -4.33020861E-15
   118.870003        -3.91622591E-15
   118.985001        -3.48982381E-15
   119.099998        -3.05670876E-15
   119.214996        -2.62234180E-15
   119.330002        -2.19174264E-15
   119.445000        -1.76930921E-15
   119.559998        -1.35866012E-15
   119.675003        -9.62500479E-16
   119.790001        -5.82528328E-16
   119.904999        -2.19368537E-16
   120.019997         1.27446192E-16
   120.135002         4.59461481E-16
   120.250000         7.79244848E-16
   120.364998         1.09028959E-15
   120.480003         1.39689010E-15
   120.595001         1.70398338E-15
   120.709999         2.01696565E-15
   120.824997         2.34149214E-15
   120.940002         2.68326316E-15
   121.055000         3.04781195E-15
   121.169998         3.44029102E-15
   121.285004         3.86527180E-15
   121.400002         4.32656340E-15
   121.514999         4.82705865E-15
   121.629997         5.36860620E-15
   121.745003         5.95192095E-15
   121.860001         6.57653194E-15
   121.974998         7.24077306E-15
   122.089996         7.94180887E-15
   122.205002         8.67570447E-15
   122.320000         9.43752844E-15
   122.434998         1.02214879E-14
   122.550003         1.10210989E-14
   122.665001         1.18293674E-14
   122.779999         1.26389945E-14
   122.894997         1.34425831E-14
   123.010002         1.42328522E-14
   123.125000         1.50028288E-14
   123.239998         1.57460477E-14
   123.355003         1.64567067E-14
   123.470001         1.71298099E-14
   123.584999         1.77612746E-14
   123.699997         1.83480008E-14
   123.815002         1.88879064E-14
   123.930000         1.93799258E-14
   124.044998         1.98239743E-14
   124.160004         2.02208635E-14
   124.275002         2.05722077E-14
   124.389999         2.08802803E-14
   124.504997         2.11478614E-14
   124.620003         2.13780731E-14
   124.735001         2.15741901E-14
   124.849998         2.17394682E-14
   124.964996         2.18769603E-14
   125.080002         2.19893565E-14
   125.195000         2.20788336E-14
   125.309998         2.21469470E-14
   125.425003         2.21945112E-14
   125.540001         2.22215553E-14
   125.654999         2.22272846E-14
   125.769997         2.22100831E-14
   125.885002         2.21675434E-14
   126.000000         2.20965502E-14
   126.114998         2.19933596E-14
   126.230003         2.18537397E-14
   126.345001         2.16730981E-14
   126.459999         2.14466557E-14
   126.574997         2.11696048E-14
   126.690002         2.08372866E-14
   126.805000         2.04453662E-14
   126.919998         1.99899742E-14
   127.035004         1.94678715E-14
   127.150002         1.88765629E-14
   127.264999         1.82144017E-14
   127.379997         1.74806577E-14
   127.495003         1.66755647E-14
   127.610001         1.58003307E-14
   127.724998         1.48571137E-14
   127.839996         1.38489760E-14
   127.955002         1.27797942E-14
   128.070007         1.16541628E-14
   128.184998         1.04772521E-14
   128.300003         9.25466758E-15
   128.414993         7.99229796E-15
   128.529999         6.69613045E-15
   128.645004         5.37211080E-15
   128.759995         4.02596454E-15
   128.875000         2.66306079E-15
   128.990005         1.28826744E-15
   129.104996        -9.41477187E-17
   129.220001        -1.48061433E-15
   129.335007        -2.86830746E-15
   129.449997        -4.25518267E-15
   129.565002        -5.63997947E-15
   129.679993        -7.02217757E-15
   129.794998        -8.40193834E-15
   129.910004        -9.78002283E-15
   130.024994        -1.11576686E-14
   130.139999        -1.25364705E-14
   130.255005        -1.39182294E-14
   130.369995        -1.53048130E-14
   130.485001        -1.66979908E-14
   130.600006        -1.80992882E-14
   130.714996        -1.95098522E-14
   130.830002        -2.09303230E-14
   130.945007        -2.23607262E-14
   131.059998        -2.38003976E-14
   131.175003        -2.52479227E-14
   131.289993        -2.67011263E-14
   131.404999        -2.81570608E-14
   131.520004        -2.96120550E-14
   131.634995        -3.10617722E-14
   131.750000        -3.25012979E-14
   131.865005        -3.39252653E-14
   131.979996        -3.53279722E-14
   132.095001        -3.67035199E-14
   132.210007        -3.80459654E-14
   132.324997        -3.93494712E-14
   132.440002        -4.06084332E-14
   132.554993        -4.18176168E-14
   132.669998        -4.29722650E-14
   132.785004        -4.40681867E-14
   132.899994        -4.51018312E-14
   133.014999        -4.60703083E-14
   133.130005        -4.69714125E-14
   133.244995        -4.78035817E-14
   133.360001        -4.85658571E-14
   133.475006        -4.92577950E-14
   133.589996        -4.98793816E-14
   133.705002        -5.04308983E-14
   133.820007        -5.09128059E-14
   133.934998        -5.13256057E-14
   134.050003        -5.16697010E-14
   134.164993        -5.19452814E-14
   134.279999        -5.21521879E-14
   134.395004        -5.22898477E-14
   134.509995        -5.23571563E-14
   134.625000        -5.23524671E-14
   134.740005        -5.22735440E-14
   134.854996        -5.21175984E-14
   134.970001        -5.18813169E-14
   135.085007        -5.15609487E-14
   135.199997        -5.11523942E-14
   135.315002        -5.06513641E-14
   135.429993        -5.00534876E-14
   135.544998        -4.93545261E-14
   135.660004        -4.85504920E-14
   135.774994        -4.76378512E-14
   135.889999        -4.66136766E-14
   136.005005        -4.54758200E-14
   136.119995        -4.42230413E-14
   136.235001        -4.28551136E-14
   136.350006        -4.13729516E-14
   136.464996        -3.97786357E-14
   136.580002        -3.80754388E-14
   136.695007        -3.62678163E-14
   136.809998        -3.43613687E-14
   136.925003        -3.23627369E-14
   137.039993        -3.02794932E-14
   137.154999        -2.81199878E-14
   137.270004        -2.58931687E-14
   137.384995        -2.36084108E-14
   137.500000        -2.12752958E-14
   137.615005        -1.89033969E-14
   137.729996        -1.65020585E-14
   137.845001        -1.40802126E-14
   137.960007        -1.16461584E-14
   138.074997        -9.20740060E-15
   138.190002        -6.77050968E-15
   138.304993        -4.34098414E-15
   138.419998        -1.92317348E-15
   138.535004         4.79758191E-16
   138.649994         2.86584958E-15
   138.764999         5.23427991E-15
   138.880005         7.58532234E-15
   138.994995         9.92020424E-15
   139.110001         1.22409788E-14
   139.225006         1.45503489E-14
   139.339996         1.68514494E-14
   139.455002         1.91476490E-14
   139.570007         2.14423240E-14
   139.684998         2.37386133E-14
   139.800003         2.60392361E-14
   139.914993         2.83462693E-14
   140.029999         3.06609596E-14
   140.145004         3.29835816E-14
   140.259995         3.53133355E-14
   140.375000         3.76482530E-14
   140.490005         3.99851830E-14
   140.604996         4.23198125E-14
   140.720001         4.46467170E-14
   140.835007         4.69594897E-14
   140.949997         4.92508730E-14
   141.065002         5.15129626E-14
   141.179993         5.37373999E-14
   141.294998         5.59156264E-14
   141.410004         5.80391177E-14
   141.524994         6.00996439E-14
   141.639999         6.20895073E-14
   141.755005         6.40017688E-14
   141.869995         6.58304520E-14
   141.985001         6.75706846E-14
   142.100006         6.92188480E-14
   142.214996         7.07726453E-14
   142.330002         7.22310869E-14
   142.445007         7.35945118E-14
   142.559998         7.48644446E-14
   142.675003         7.60434874E-14
   142.789993         7.71351231E-14
   142.904999         7.81434853E-14
   143.020004         7.90731142E-14
   143.134995         7.99286649E-14
   143.250000         8.07146166E-14
   143.365005         8.14350147E-14
   143.479996         8.20931796E-14
   143.595001         8.26914492E-14
   143.710007         8.32310024E-14
   143.824997         8.37116563E-14
   143.940002         8.41317711E-14
   144.054993         8.44882161E-14
   144.169998         8.47763564E-14
   144.285004         8.49901543E-14
   144.399994         8.51222847E-14
   144.514999         8.51643449E-14
   144.630005         8.51071126E-14
   144.744995         8.49408705E-14
   144.860001         8.46556711E-14
   144.975006         8.42417566E-14
   145.089996         8.36898774E-14
   145.205002         8.29916512E-14
   145.320007         8.21399088E-14
   145.434998         8.11290122E-14
   145.550003         7.99551262E-14
   145.664993         7.86164008E-14
   145.779999         7.71131477E-14
   145.895004         7.54479351E-14
   146.009995         7.36255607E-14
   146.125000         7.16530378E-14
   146.240005         6.95394331E-14
   146.354996         6.72956902E-14
   146.470001         6.49343521E-14
   146.585007         6.24692423E-14
   146.699997         5.99151669E-14
   146.815002         5.72874810E-14
   146.929993         5.46016953E-14
   147.044998         5.18730837E-14
   147.160004         4.91163168E-14
   147.274994         4.63450689E-14
   147.389999         4.35717035E-14
   147.505005         4.08069811E-14
   147.619995         3.80598432E-14
   147.735001         3.53372591E-14
   147.850006         3.26441145E-14
   147.964996         2.99832147E-14
   148.080002         2.73553475E-14
   148.195007         2.47593778E-14
   148.309998         2.21924580E-14
   148.425003         1.96502869E-14
   148.539993         1.71273789E-14
   148.654999         1.46174136E-14
   148.770004         1.21135537E-14
   148.884995         9.60884255E-15
   149.000000         7.09655426E-15
   149.115005         4.57052075E-15
   149.229996         2.02546796E-15
   149.345001        -5.42732338E-16
   149.460007        -3.13683384E-15
   149.574997        -5.75807831E-15
   149.690002        -8.40610574E-15
   149.804993        -1.10789487E-14
   149.919998        -1.37730827E-14
   150.035004        -1.64835712E-14
   150.149994        -1.92042376E-14
   150.264999        -2.19279381E-14
   150.380005        -2.46468512E-14
   150.494995        -2.73528047E-14
   150.610001        -3.00376382E-14
   150.725006        -3.26935575E-14
   150.839996        -3.53135015E-14
   150.955002        -3.78914327E-14
   151.070007        -4.04226382E-14
   151.184998        -4.29039637E-14
   151.300003        -4.53339453E-14
   151.414993        -4.77129322E-14
   151.529999        -5.00430724E-14
   151.645004        -5.23282318E-14
   151.759995        -5.45738381E-14
   151.875000        -5.67866473E-14
   151.990005        -5.89744182E-14
   152.104996        -6.11456008E-14
   152.220001        -6.33088485E-14
   152.335007        -6.54726246E-14
   152.449997        -6.76447559E-14
   152.565002        -6.98319576E-14
   152.679993        -7.20394203E-14
   152.794998        -7.42704441E-14
   152.910004        -7.65261403E-14
   153.024994        -7.88051671E-14
   153.139999        -8.11035877E-14
   153.255005        -8.34148356E-14
   153.369995        -8.57297631E-14
   153.485001        -8.80367759E-14
   153.600006        -9.03221251E-14
   153.714996        -9.25702318E-14
   153.830002        -9.47641691E-14
   153.945007        -9.68861018E-14
   154.059998        -9.89178967E-14
   154.175003        -1.00841725E-13
   154.289993        -1.02640613E-13
   154.404999        -1.04299043E-13
   154.520004        -1.05803556E-13
   154.634995        -1.07143190E-13
   154.750000        -1.08309974E-13
   154.865005        -1.09299153E-13
   154.979996        -1.10109560E-13
   155.095001        -1.10743608E-13
   155.210007        -1.11207335E-13
   155.324997        -1.11510241E-13
   155.440002        -1.11665031E-13
   155.554993        -1.11687223E-13
   155.669998        -1.11594687E-13
   155.785004        -1.11407032E-13
   155.899994        -1.11144993E-13
   156.014999        -1.10829741E-13
   156.130005        -1.10482166E-13
   156.244995        -1.10122123E-13
   156.360001        -1.09767779E-13
   156.475006        -1.09434956E-13
   156.589996        -1.09136570E-13
   156.705002        -1.08882169E-13
   156.820007        -1.08677532E-13
   156.934998        -1.08524497E-13
   157.050003        -1.08420847E-13
   157.164993        -1.08360349E-13
   157.279999        -1.08333007E-13
   157.395004        -1.08325336E-13
   157.509995        -1.08320898E-13
   157.625000        -1.08300860E-13
   157.740005        -1.08244671E-13
   157.854996        -1.08130837E-13
   157.970001        -1.07937727E-13
   158.085007        -1.07644383E-13
   158.199997        -1.07231376E-13
   158.315002        -1.06681550E-13
   158.429993        -1.05980749E-13
   158.544998        -1.05118449E-13
   158.660004        -1.04088206E-13
   158.774994        -1.02888049E-13
   158.889999        -1.01520653E-13
   159.005005        -9.99933236E-14
   159.119995        -9.83179060E-14
   159.235001        -9.65103919E-14
   159.350006        -9.45904325E-14
   159.464996        -9.25807215E-14
   159.580002        -9.05061616E-14
   159.695007        -8.83929906E-14
   159.809998        -8.62678052E-14
   159.925003        -8.41565316E-14
   160.039993        -8.20834286E-14
   160.154999        -8.00700313E-14
   160.270004        -7.81342561E-14
   160.384995        -7.62895471E-14
   160.500000        -7.45442255E-14
   160.615005        -7.29009409E-14
   160.729996        -7.13563120E-14
   160.845001        -6.99008654E-14
   160.960007        -6.85190904E-14
   161.074997        -6.71897772E-14
   161.190002        -6.58865323E-14
   161.304993        -6.45785644E-14
   161.419998        -6.32315787E-14
   161.535004        -6.18088276E-14
   161.649994        -6.02723505E-14
   161.764999        -5.85842003E-14
   161.880005        -5.67077818E-14
   161.994995        -5.46091086E-14
   162.110001        -5.22580805E-14
   162.225006        -4.96295577E-14
   162.339996        -4.67043735E-14
   162.455002        -4.34701307E-14
   162.570007        -3.99217673E-14
   162.684998        -3.60619026E-14
   162.800003        -3.19009311E-14
   162.914993        -2.74568390E-14
   163.029999        -2.27547778E-14
   163.145004        -1.78263894E-14
   163.259995        -1.27088679E-14
   163.375000        -7.44392375E-15
   163.490005        -2.07646866E-15
   163.604996         3.34674301E-15
   163.720001         8.77854020E-15
   163.835007         1.41728932E-14
   163.949997         1.94862437E-14
   164.065002         2.46789876E-14
   164.179993         2.97166636E-14
   164.294998         3.45710839E-14
   164.410004         3.92212203E-14
   164.524994         4.36538623E-14
   164.639999         4.78640734E-14
   164.755005         5.18553096E-14
   164.869995         5.56393954E-14
   164.985001         5.92360904E-14
