  -18.8999996        -0.00000000    
  -18.7849998        -1.79709815E-21
  -18.6700001         3.65762932E-12
  -18.5550003         1.66156169E-11
  -18.4400005         4.35289860E-11
  -18.3250008         8.49790724E-11
  -18.2099991         1.35534098E-10
  -18.0949993         1.83794882E-10
  -17.9799995         2.14520304E-10
  -17.8649998         2.12156903E-10
  -17.7500000         1.64605898E-10
  -17.6350002         6.60369745E-11
  -17.5200005        -8.20014334E-11
  -17.4050007        -2.71213524E-10
  -17.2900009        -4.88289409E-10
  -17.1749992        -7.16744220E-10
  -17.0599995        -9.37986133E-10
  -16.9449997        -1.13128262E-09
  -16.8299999        -1.27302979E-09
  -16.7150002        -1.33631883E-09
  -16.6000004        -1.29197031E-09
  -16.4850006        -1.11181353E-09
  -16.3700008        -7.74169895E-10
  -16.2549992        -2.70513639E-10
  -16.1399994         3.88454102E-10
  -16.0249996         1.16927379E-09
  -15.9099998         2.01621297E-09
  -15.7950001         2.85620727E-09
  -15.6800003         3.60746366E-09
  -15.5649996         4.18991064E-09
  -15.4499998         4.53525617E-09
  -15.3350000         4.59468819E-09
  -15.2200003         4.34316672E-09
  -15.1049995         3.78036491E-09
  -14.9899998         2.92932634E-09
  -14.8750000         1.83427451E-09
  -14.7600002         5.58793456E-10
  -14.6450005        -8.15210122E-10
  -14.5299997        -2.18834684E-09
  -14.4150000        -3.44560958E-09
  -14.3000002        -4.46065140E-09
  -14.1850004        -5.10321740E-09
  -14.0699997        -5.24927568E-09
  -13.9549999        -4.79227058E-09
  -13.8400002        -3.65297748E-09
  -13.7250004        -1.78546511E-09
  -13.6099997         8.22552693E-10
  -13.4949999         4.15521262E-09
  -13.3800001         8.17836820E-09
  -13.2650003         1.28511743E-08
  -13.1499996         1.81362125E-08
  -13.0349998         2.40055869E-08
  -12.9200001         3.04418393E-08
  -12.8050003         3.74341056E-08
  -12.6899996         4.49713511E-08
  -12.5749998         5.30354605E-08
  -12.4600000         6.15961966E-08
  -12.3450003         7.06095662E-08
  -12.2299995         8.00191344E-08
  -12.1149998         8.97591477E-08
  -12.0000000         9.97575142E-08
  -11.8850002         1.09937076E-07
  -11.7700005         1.20214793E-07
  -11.6549997         1.30499714E-07
  -11.5400000         1.40692023E-07
  -11.4250002         1.50684571E-07
  -11.3100004         1.60369368E-07
  -11.1949997         1.69648445E-07
  -11.0799999         1.78447593E-07
  -10.9650002         1.86730077E-07
  -10.8500004         1.94506782E-07
  -10.7349997         2.01839626E-07
  -10.6199999         2.08837918E-07
  -10.5050001         2.15647219E-07
  -10.3900003         2.22434096E-07
  -10.2749996         2.29370116E-07
  -10.1599998         2.36618206E-07
  -10.0450001         2.44323729E-07
  -9.93000031         2.52611073E-07
  -9.81499958         2.61584063E-07
  -9.69999981         2.71328645E-07
  -9.58500004         2.81915277E-07
  -9.47000027         2.93399864E-07
  -9.35499954         3.05823136E-07
  -9.23999977         3.19209676E-07
  -9.12500000         3.33568181E-07
  -9.01000023         3.48895270E-07
  -8.89500046         3.65182188E-07
  -8.77999973         3.82423877E-07
  -8.66499996         4.00628579E-07
  -8.55000019         4.19824602E-07
  -8.43500042         4.40062081E-07
  -8.31999969         4.61408803E-07
  -8.20499992         4.83940823E-07
  -8.09000015         5.07730419E-07
  -7.97499990         5.32835315E-07
  -7.86000013         5.59290015E-07
  -7.74499989         5.87105092E-07
  -7.63000011         6.16270597E-07
  -7.51499987         6.46765386E-07
  -7.40000010         6.78566096E-07
  -7.28499985         7.11657606E-07
  -7.17000008         7.46037983E-07
  -7.05499983         7.81720530E-07
  -6.94000006         8.18731564E-07
  -6.82499981         8.57106443E-07
  -6.71000004         8.96886320E-07
  -6.59499979         9.38114738E-07
  -6.48000002         9.80835466E-07
  -6.36499977         1.02509284E-06
  -6.25000000         1.07092706E-06
  -6.13500023         1.11837221E-06
  -6.01999998         1.16744832E-06
  -5.90500021         1.21815356E-06
  -5.78999996         1.27045610E-06
  -5.67500019         1.32428931E-06
  -5.55999994         1.37955260E-06
  -5.44500017         1.43611680E-06
  -5.32999992         1.49383663E-06
  -5.21500015         1.55256430E-06
  -5.09999990         1.61216371E-06
  -4.98500013         1.67252631E-06
  -4.86999989         1.73357296E-06
  -4.75500011         1.79525659E-06
  -4.63999987         1.85755880E-06
  -4.52500010         1.92047901E-06
  -4.40999985         1.98402449E-06
  -4.29500008         2.04820185E-06
  -4.17999983         2.11300585E-06
  -4.06500006         2.17841375E-06
  -3.95000005         2.24438008E-06
  -3.83500004         2.31083118E-06
  -3.72000003         2.37766017E-06
  -3.60500002         2.44472699E-06
  -3.49000001         2.51185793E-06
  -3.37500000         2.57884949E-06
  -3.25999999         2.64547316E-06
  -3.14499998         2.71149293E-06
  -3.02999997         2.77667095E-06
  -2.91499996         2.84078396E-06
  -2.79999995         2.90363369E-06
  -2.68499994         2.96505095E-06
  -2.56999993         3.02488934E-06
  -2.45499992         3.08302242E-06
  -2.33999991         3.13933174E-06
  -2.22499990         3.19368223E-06
  -2.10999990         3.24591770E-06
  -1.99500000         3.29583918E-06
  -1.88000000         3.34320453E-06
  -1.76499999         3.38771406E-06
  -1.64999998         3.42901649E-06
  -1.53499997         3.46670618E-06
  -1.41999996         3.50032929E-06
  -1.30499995         3.52940174E-06
  -1.19000006         3.55340853E-06
  -1.07500005         3.57183080E-06
 -0.959999979         3.58415718E-06
 -0.845000029         3.58990019E-06
 -0.730000019         3.58861689E-06
 -0.615000010         3.57991394E-06
 -0.500000000         3.56345549E-06
 -0.384999990         3.53895257E-06
 -0.270000011         3.50615574E-06
 -0.155000001         3.46483489E-06
  -3.99999991E-02     3.41477335E-06
   7.50000030E-02     3.35573122E-06
  0.189999998         3.28745364E-06
  0.305000007         3.20964728E-06
  0.419999987         3.12198154E-06
  0.535000026         3.02408898E-06
  0.649999976         2.91558263E-06
  0.764999986         2.79604274E-06
  0.879999995         2.66504458E-06
  0.995000005         2.52216205E-06
   1.11000001         2.36698725E-06
   1.22500002         2.19913545E-06
   1.34000003         2.01826424E-06
   1.45500004         1.82409758E-06
   1.57000005         1.61640401E-06
   1.68499994         1.39502390E-06
   1.79999995         1.15984494E-06
   1.91499996         9.10793005E-07
   2.02999997         6.47812158E-07
   2.14499998         3.70833732E-07
   2.25999999         7.97813300E-08
   2.37500000        -2.25470103E-07
   2.49000001        -5.45069270E-07
   2.60500002        -8.79224899E-07
   2.72000003        -1.22813253E-06
   2.83500004        -1.59201636E-06
   2.95000005        -1.97107011E-06
   3.06500006        -2.36548067E-06
   3.18000007        -2.77536265E-06
   3.29500008        -3.20078561E-06
   3.41000009        -3.64174639E-06
   3.52500010        -4.09815402E-06
   3.64000010        -4.56984026E-06
   3.75500011        -5.05654270E-06
   3.86999989        -5.55791212E-06
   3.98499990        -6.07350285E-06
   4.09999990        -6.60281285E-06
   4.21500015        -7.14529688E-06
   4.32999992        -7.70035876E-06
   4.44500017        -8.26743144E-06
   4.55999994        -8.84595011E-06
   4.67500019        -9.43535633E-06
   4.78999996        -1.00351344E-05
   4.90500021        -1.06447833E-05
   5.01999998        -1.12637617E-05
   5.13500023        -1.18915323E-05
   5.25000000        -1.25275083E-05
   5.36499977        -1.31710203E-05
   5.48000002        -1.38213609E-05
   5.59499979        -1.44777414E-05
   5.71000004        -1.51393042E-05
   5.82499981        -1.58051334E-05
   5.94000006        -1.64742469E-05
   6.05499983        -1.71456231E-05
   6.17000008        -1.78181854E-05
   6.28499985        -1.84908131E-05
   6.40000010        -1.91623622E-05
   6.51499987        -1.98316848E-05
   6.63000011        -2.04975950E-05
   6.74499989        -2.11589595E-05
   6.86000013        -2.18146379E-05
   6.97499990        -2.24634950E-05
   7.09000015        -2.31044105E-05
   7.20499992        -2.37362510E-05
   7.32000017        -2.43578197E-05
   7.43499994        -2.49679069E-05
   7.55000019        -2.55652212E-05
   7.66499996        -2.61483947E-05
   7.78000021        -2.67160467E-05
   7.89499998        -2.72666839E-05
   8.01000023        -2.77988383E-05
   8.12500000        -2.83110021E-05
   8.23999977        -2.88016890E-05
   8.35499954        -2.92694804E-05
   8.47000027        -2.97129081E-05
   8.58500004        -3.01306463E-05
   8.69999981        -3.05214016E-05
   8.81499958        -3.08839444E-05
   8.93000031        -3.12170887E-05
   9.04500008        -3.15197285E-05
   9.15999985        -3.17908525E-05
   9.27499962        -3.20294639E-05
   9.39000034        -3.22346932E-05
   9.50500011        -3.24056455E-05
   9.61999989        -3.25414294E-05
   9.73499966        -3.26411682E-05
   9.85000038        -3.27040034E-05
   9.96500015        -3.27290109E-05
   10.0799999        -3.27152957E-05
   10.1949997        -3.26619665E-05
   10.3100004        -3.25681867E-05
   10.4250002        -3.24331668E-05
   10.5400000        -3.22561609E-05
   10.6549997        -3.20365725E-05
   10.7700005        -3.17738122E-05
   10.8850002        -3.14674508E-05
   11.0000000        -3.11170697E-05
   11.1149998        -3.07223781E-05
   11.2299995        -3.02831595E-05
   11.3450003        -2.97992792E-05
   11.4600000        -2.92706300E-05
   11.5749998        -2.86972427E-05
   11.6899996        -2.80791737E-05
   11.8050003        -2.74166014E-05
   11.9200001        -2.67096802E-05
   12.0349998        -2.59586996E-05
   12.1499996        -2.51640122E-05
   12.2650003        -2.43260110E-05
   12.3800001        -2.34452345E-05
   12.4949999        -2.25223175E-05
   12.6099997        -2.15580330E-05
   12.7250004        -2.05533015E-05
   12.8400002        -1.95091670E-05
   12.9549999        -1.84268429E-05
   13.0699997        -1.73076623E-05
   13.1850004        -1.61531025E-05
   13.3000002        -1.49647158E-05
   13.4150000        -1.37441339E-05
   13.5299997        -1.24930739E-05
   13.6450005        -1.12133430E-05
   13.7600002        -9.90672106E-06
   13.8750000        -8.57513805E-06
   13.9899998        -7.22058485E-06
   14.1049995        -5.84499867E-06
   14.2200003        -4.45042224E-06
   14.3350000        -3.03906472E-06
   14.4499998        -1.61312437E-06
   14.5649996        -1.74775778E-07
   14.6800003         1.27352541E-06
   14.7950001         2.72936450E-06
   14.9099998         4.19012304E-06
   15.0249996         5.65309711E-06
   15.1400003         7.11543453E-06
   15.2550001         8.57424857E-06
   15.3699999         1.00265015E-05
   15.4849997         1.14690647E-05
   15.6000004         1.28987576E-05
   15.7150002         1.43123907E-05
   15.8299999         1.57066497E-05
   15.9449997         1.70782150E-05
   16.0599995         1.84236851E-05
   16.1749992         1.97396221E-05
   16.2900009         2.10224480E-05
   16.4050007         2.22685667E-05
   16.5200005         2.34742474E-05
   16.6350002         2.46356831E-05
   16.7500000         2.57490719E-05
   16.8649998         2.68104377E-05
   16.9799995         2.78155494E-05
   17.0949993         2.87602779E-05
   17.2099991         2.96401849E-05
   17.3250008         3.04507503E-05
   17.4400005         3.11872973E-05
   17.5550003         3.18451457E-05
   17.6700001         3.24194225E-05
   17.7849998         3.29052600E-05
   17.8999996         3.32975469E-05
   18.0149994         3.35912264E-05
   18.1299992         3.37810925E-05
   18.2450008         3.38617974E-05
   18.3600006         3.38280297E-05
   18.4750004         3.36743105E-05
   18.5900002         3.33951102E-05
   18.7049999         3.29848044E-05
   18.8199997         3.24376015E-05
   18.9349995         3.17477825E-05
   19.0499992         3.09094976E-05
   19.1650009         2.99168532E-05
   19.2800007         2.87637340E-05
   19.3950005         2.74441009E-05
   19.5100002         2.59517637E-05
   19.6250000         2.42804235E-05
   19.7399998         2.24238047E-05
   19.8549995         2.03754571E-05
   19.9699993         1.81288142E-05
   20.0849991         1.56773804E-05
   20.2000008         1.30143835E-05
   20.3150005         1.01331516E-05
   20.4300003         7.02680700E-06
   20.5450001         3.68829569E-06
   20.6599998         1.10583642E-07
   20.7749996        -3.71345232E-06
   20.8899994        -7.79119000E-06
   21.0049992        -1.21299017E-05
   21.1200008        -1.67368962E-05
   21.2350006        -2.16194858E-05
   21.3500004        -2.67851719E-05
   21.4650002        -3.22411652E-05
   21.5799999        -3.79947851E-05
   21.6949997        -4.40532385E-05
   21.8099995        -5.04238269E-05
   21.9249992        -5.71136952E-05
   22.0400009        -6.41300066E-05
   22.1550007        -7.14799098E-05
   22.2700005        -7.91705388E-05
   22.3850002        -8.72089877E-05
   22.5000000        -9.56023869E-05
   22.6149998        -1.04357619E-04
   22.7299995        -1.13481867E-04
   22.8449993        -1.22982165E-04
   22.9599991        -1.32865622E-04
   23.0750008        -1.43139143E-04
   23.1900005        -1.53809786E-04
   23.3050003        -1.64884361E-04
   23.4200001        -1.76369707E-04
   23.5349998        -1.88272505E-04
   23.6499996        -2.00599403E-04
   23.7649994        -2.13356703E-04
   23.8799992        -2.26550794E-04
   23.9950008        -2.40187845E-04
   24.1100006        -2.54273851E-04
   24.2250004        -2.68815056E-04
   24.3400002        -2.83817091E-04
   24.4549999        -2.99285894E-04
   24.5699997        -3.15227109E-04
   24.6849995        -3.31646326E-04
   24.7999992        -3.48549045E-04
   24.9150009        -3.65940592E-04
   25.0300007        -3.83826118E-04
   25.1450005        -4.02210775E-04
   25.2600002        -4.21099481E-04
   25.3750000        -4.40496980E-04
   25.4899998        -4.60407871E-04
   25.6049995        -4.80836403E-04
   25.7199993        -5.01786475E-04
   25.8349991        -5.23261901E-04
   25.9500008        -5.45265968E-04
   26.0650005        -5.67801937E-04
   26.1800003        -5.90872776E-04
   26.2950001        -6.14480989E-04
   26.4099998        -6.38629426E-04
   26.5249996        -6.63320185E-04
   26.6399994        -6.88555534E-04
   26.7549992        -7.14337744E-04
   26.8700008        -7.40668678E-04
   26.9850006        -7.67550315E-04
   27.1000004        -7.94984284E-04
   27.2150002        -8.22972332E-04
   27.3299999        -8.51515913E-04
   27.4449997        -8.80616368E-04
   27.5599995        -9.10274684E-04
   27.6749992        -9.40491736E-04
   27.7900009        -9.71267989E-04
   27.9050007        -1.00260368E-03
   28.0200005        -1.03449915E-03
   28.1350002        -1.06695388E-03
   28.2500000        -1.09996716E-03
   28.3649998        -1.13353843E-03
   28.4799995        -1.16766640E-03
   28.5949993        -1.20235002E-03
   28.7099991        -1.23758812E-03
   28.8250008        -1.27337885E-03
   28.9400005        -1.30972103E-03
   29.0550003        -1.34661293E-03
   29.1700001        -1.38405291E-03
   29.2849998        -1.42203888E-03
   29.3999996        -1.46056886E-03
   29.5149994        -1.49964099E-03
   29.6299992        -1.53925247E-03
   29.7450008        -1.57940073E-03
   29.8600006        -1.62008323E-03
   29.9750004        -1.66129635E-03
   30.0900002        -1.70303683E-03
   30.2049999        -1.74530060E-03
   30.3199997        -1.78808405E-03
   30.4349995        -1.83138240E-03
   30.5499992        -1.87519076E-03
   30.6650009        -1.91950426E-03
   30.7800007        -1.96431763E-03
   30.8950005        -2.00962531E-03
   31.0100002        -2.05542101E-03
   31.1250000        -2.10169866E-03
   31.2399998        -2.14845198E-03
   31.3549995        -2.19567376E-03
   31.4699993        -2.24335608E-03
   31.5849991        -2.29149149E-03
   31.7000008        -2.34007067E-03
   31.8150005        -2.38908501E-03
   31.9300003        -2.43852404E-03
   32.0449982        -2.48837727E-03
   32.1599998        -2.53863260E-03
   32.2750015        -2.58927792E-03
   32.3899994        -2.64029950E-03
   32.5050011        -2.69168359E-03
   32.6199989        -2.74341460E-03
   32.7350006        -2.79547623E-03
   32.8499985        -2.84785149E-03
   32.9650002        -2.90052290E-03
   33.0800018        -2.95347068E-03
   33.1949997        -3.00667505E-03
   33.3100014        -3.06011457E-03
   33.4249992        -3.11376713E-03
   33.5400009        -3.16760945E-03
   33.6549988        -3.22161638E-03
   33.7700005        -3.27576254E-03
   33.8849983        -3.33002070E-03
   34.0000000        -3.38436174E-03
   34.1150017        -3.43875540E-03
   34.2299995        -3.49317072E-03
   34.3450012        -3.54757416E-03
   34.4599991        -3.60193127E-03
   34.5750008        -3.65620642E-03
   34.6899986        -3.71036259E-03
   34.8050003        -3.76436068E-03
   34.9199982        -3.81816132E-03
   35.0349998        -3.87172354E-03
   35.1500015        -3.92500404E-03
   35.2649994        -3.97796044E-03
   35.3800011        -4.03054664E-03
   35.4949989        -4.08271840E-03
   35.6100006        -4.13442729E-03
   35.7249985        -4.18562535E-03
   35.8400002        -4.23626276E-03
   35.9550018        -4.28628875E-03
   36.0699997        -4.33565117E-03
   36.1850014        -4.38429741E-03
   36.2999992        -4.43217158E-03
   36.4150009        -4.47921827E-03
   36.5299988        -4.52537974E-03
   36.6450005        -4.57059965E-03
   36.7599983        -4.61481791E-03
   36.8750000        -4.65797493E-03
   36.9900017        -4.70001018E-03
   37.1049995        -4.74086218E-03
   37.2200012        -4.78046853E-03
   37.3349991        -4.81876777E-03
   37.4500008        -4.85569565E-03
   37.5649986        -4.89118788E-03
   37.6800003        -4.92518116E-03
   37.7949982        -4.95761028E-03
   37.9099998        -4.98841004E-03
   38.0250015        -5.01751434E-03
   38.1399994        -5.04485611E-03
   38.2550011        -5.07037016E-03
   38.3699989        -5.09398710E-03
   38.4850006        -5.11564035E-03
   38.5999985        -5.13526332E-03
   38.7150002        -5.15278568E-03
   38.8300018        -5.16814087E-03
   38.9449997        -5.18126087E-03
   39.0600014        -5.19207772E-03
   39.1749992        -5.20052388E-03
   39.2900009        -5.20653138E-03
   39.4049988        -5.21003362E-03
   39.5200005        -5.21096401E-03
   39.6349983        -5.20925643E-03
   39.7500000        -5.20484429E-03
   39.8650017        -5.19766239E-03
   39.9799995        -5.18764555E-03
   40.0950012        -5.17472811E-03
   40.2099991        -5.15884673E-03
   40.3250008        -5.13993762E-03
   40.4399986        -5.11793653E-03
   40.5550003        -5.09278197E-03
   40.6699982        -5.06441016E-03
   40.7849998        -5.03276102E-03
   40.9000015        -4.99777310E-03
   41.0149994        -4.95938677E-03
   41.1300011        -4.91754431E-03
   41.2449989        -4.87218704E-03
   41.3600006        -4.82326001E-03
   41.4749985        -4.77070920E-03
   41.5900002        -4.71448060E-03
   41.7050018        -4.65452159E-03
   41.8199997        -4.59078467E-03
   41.9350014        -4.52321954E-03
   42.0499992        -4.45177965E-03
   42.1650009        -4.37642029E-03
   42.2799988        -4.29709814E-03
   42.3950005        -4.21377085E-03
   42.5099983        -4.12639836E-03
   42.6250000        -4.03494434E-03
   42.7400017        -3.93937202E-03
   42.8549995        -3.83964833E-03
   42.9700012        -3.73574137E-03
   43.0849991        -3.62762436E-03
   43.2000008        -3.51526937E-03
   43.3149986        -3.39865452E-03
   43.4300003        -3.27775837E-03
   43.5449982        -3.15256300E-03
   43.6599998        -3.02305608E-03
   43.7750015        -2.88922479E-03
   43.8899994        -2.75106216E-03
   44.0050011        -2.60856235E-03
   44.1199989        -2.46172515E-03
   44.2350006        -2.31055054E-03
   44.3499985        -2.15504342E-03
   44.4650002        -1.99521449E-03
   44.5800018        -1.83107425E-03
   44.6949997        -1.66263862E-03
   44.8100014        -1.48992811E-03
   44.9249992        -1.31296588E-03
   45.0400009        -1.13177823E-03
   45.1549988        -9.46397602E-04
   45.2700005        -7.56859488E-04
   45.3849983        -5.63202659E-04
   45.5000000        -3.65472835E-04
   45.6150017        -1.63718010E-04
   45.7299995         4.20104698E-05
   45.8450012         2.51653953E-04
   45.9599991         4.65150806E-04
   46.0750008         6.82437094E-04
   46.1899986         9.03441280E-04
   46.3050003         1.12808996E-03
   46.4199982         1.35630462E-03
   46.5349998         1.58800266E-03
   46.6500015         1.82309584E-03
   46.7649994         2.06149579E-03
   46.8800011         2.30310648E-03
   46.9949989         2.54782825E-03
   47.1100006         2.79555982E-03
   47.2249985         3.04619339E-03
   47.3400002         3.29961651E-03
   47.4550018         3.55571602E-03
   47.5699997         3.81437084E-03
   47.6850014         4.07545641E-03
   47.7999992         4.33884654E-03
   47.9150009         4.60441085E-03
   48.0299988         4.87201475E-03
   48.1450005         5.14152041E-03
   48.2599983         5.41278394E-03
   48.3750000         5.68566239E-03
   48.4900017         5.96000487E-03
   48.6049995         6.23566238E-03
   48.7200012         6.51247893E-03
   48.8349991         6.79029943E-03
   48.9500008         7.06896279E-03
   49.0649986         7.34830741E-03
   49.1800003         7.62816798E-03
   49.2949982         7.90837873E-03
   49.4099998         8.18877108E-03
   49.5250015         8.46917182E-03
   49.6399994         8.74941144E-03
   49.7550011         9.02931020E-03
   49.8699989         9.30869207E-03
   49.9850006         9.58737917E-03
   50.0999985         9.86519083E-03
   50.2150002         1.01419436E-02
   50.3300018         1.04174539E-02
   50.4449997         1.06915403E-02
   50.5600014         1.09640146E-02
   50.6749992         1.12346942E-02
   50.7900009         1.15033928E-02
   50.9049988         1.17699262E-02
   51.0200005         1.20341070E-02
   51.1349983         1.22957509E-02
   51.2500000         1.25546716E-02
   51.3650017         1.28106875E-02
   51.4799995         1.30636143E-02
   51.5950012         1.33132702E-02
   51.7099991         1.35594727E-02
   51.8250008         1.38020404E-02
   51.9399986         1.40407942E-02
   52.0550003         1.42755518E-02
   52.1699982         1.45061407E-02
   52.2849998         1.47323804E-02
   52.4000015         1.49541013E-02
   52.5149994         1.51711302E-02
   52.6300011         1.53832957E-02
   52.7449989         1.55904349E-02
   52.8600006         1.57923866E-02
   52.9749985         1.59889869E-02
   53.0900002         1.61800832E-02
   53.2050018         1.63655132E-02
   53.3199997         1.65451318E-02
   53.4350014         1.67187899E-02
   53.5499992         1.68863442E-02
   53.6650009         1.70476567E-02
   53.7799988         1.72025897E-02
   53.8950005         1.73510090E-02
   54.0099983         1.74927860E-02
   54.1250000         1.76277980E-02
   54.2400017         1.77559182E-02
   54.3549995         1.78770311E-02
   54.4700012         1.79910250E-02
   54.5849991         1.80977918E-02
   54.7000008         1.81972273E-02
   54.8149986         1.82892270E-02
   54.9300003         1.83737054E-02
   55.0449982         1.84505694E-02
   55.1599998         1.85197331E-02
   55.2750015         1.85811259E-02
   55.3899994         1.86346658E-02
   55.5050011         1.86802875E-02
   55.6199989         1.87179279E-02
   55.7350006         1.87475290E-02
   55.8499985         1.87690333E-02
   55.9650002         1.87823940E-02
   56.0800018         1.87875647E-02
   56.1949997         1.87845044E-02
   56.3100014         1.87731832E-02
   56.4249992         1.87535677E-02
   56.5400009         1.87256355E-02
   56.6549988         1.86893605E-02
   56.7700005         1.86447352E-02
   56.8849983         1.85917430E-02
   57.0000000         1.85303837E-02
   57.1150017         1.84606574E-02
   57.2299995         1.83825660E-02
   57.3450012         1.82961244E-02
   57.4599991         1.82013437E-02
   57.5750008         1.80982426E-02
   57.6899986         1.79868434E-02
   57.8050003         1.78671721E-02
   57.9199982         1.77392643E-02
   58.0349998         1.76031515E-02
   58.1500015         1.74588710E-02
   58.2649994         1.73064657E-02
   58.3800011         1.71459801E-02
   58.4949989         1.69774629E-02
   58.6100006         1.68009680E-02
   58.7249985         1.66165475E-02
   58.8400002         1.64242629E-02
   58.9550018         1.62241701E-02
   59.0699997         1.60163417E-02
   59.1850014         1.58008449E-02
   59.2999992         1.55777447E-02
   59.4150009         1.53471222E-02
   59.5299988         1.51090454E-02
   59.6450005         1.48635935E-02
   59.7599983         1.46108456E-02
   59.8750000         1.43508818E-02
   59.9900017         1.40837831E-02
   60.1049995         1.38096288E-02
   60.2200012         1.35285091E-02
   60.3349991         1.32405078E-02
   60.4500008         1.29457070E-02
   60.5649986         1.26441978E-02
   60.6800003         1.23360669E-02
   60.7949982         1.20214112E-02
   60.9099998         1.17003219E-02
   61.0250015         1.13728903E-02
   61.1399994         1.10392151E-02
   61.2550011         1.06993867E-02
   61.3699989         1.03535056E-02
   61.4850006         1.00016659E-02
   61.5999985         9.64396447E-03
   61.7150002         9.28049907E-03
   61.8300018         8.91137589E-03
   61.9449997         8.53669085E-03
   62.0600014         8.15654453E-03
   62.1749992         7.77103473E-03
   62.2900009         7.38026761E-03
   62.4049988         6.98434934E-03
   62.5200005         6.58337865E-03
   62.6349983         6.17746636E-03
   62.7500000         5.76672237E-03
   62.8650017         5.35125658E-03
   62.9799995         4.93117608E-03
   63.0950012         4.50660102E-03
   63.2099991         4.07763943E-03
   63.3250008         3.64440866E-03
   63.4399986         3.20702908E-03
   63.5550003         2.76561361E-03
   63.6699982         2.32028426E-03
   63.7849998         1.87116512E-03
   63.9000015         1.41837064E-03
   64.0149994         9.62026068E-04
   64.1299973         5.02255978E-04
   64.2450027         3.91935464E-05
   64.3600006        -4.27041668E-04
   64.4749985        -8.96317419E-04
   64.5899963        -1.36849890E-03
   64.7050018        -1.84345897E-03
   64.8199997        -2.32105912E-03
   64.9349976        -2.80116173E-03
   65.0500031        -3.28362454E-03
   65.1650009        -3.76831018E-03
   65.2799988        -4.25507780E-03
   65.3949966        -4.74378560E-03
   65.5100021        -5.23429504E-03
   65.6250000        -5.72646130E-03
   65.7399979        -6.22014515E-03
   65.8550034        -6.71519618E-03
   65.9700012        -7.21147750E-03
   66.0849991        -7.70884752E-03
   66.1999969        -8.20716191E-03
   66.3150024        -8.70627072E-03
   66.4300003        -9.20603704E-03
   66.5449982        -9.70631745E-03
   66.6600037        -1.02069620E-02
   66.7750015        -1.07078338E-02
   66.8899994        -1.12087969E-02
   67.0049973        -1.17097041E-02
   67.1200027        -1.22104194E-02
   67.2350006        -1.27108116E-02
   67.3499985        -1.32107474E-02
   67.4649963        -1.37100946E-02
   67.5800018        -1.42087275E-02
   67.6949997        -1.47065157E-02
   67.8099976        -1.52033418E-02
   67.9250031        -1.56990923E-02
   68.0400009        -1.61936432E-02
   68.1549988        -1.66868940E-02
   68.2699966        -1.71787385E-02
   68.3850021        -1.76690724E-02
   68.5000000        -1.81578044E-02
   68.6149979        -1.86448395E-02
   68.7300034        -1.91300921E-02
   68.8450012        -1.96134821E-02
   68.9599991        -2.00949442E-02
   69.0749969        -2.05743946E-02
   69.1900024        -2.10517738E-02
   69.3050003        -2.15270221E-02
   69.4199982        -2.20000949E-02
   69.5350037        -2.24709399E-02
   69.6500015        -2.29395237E-02
   69.7649994        -2.34058071E-02
   69.8799973        -2.38697715E-02
   69.9950027        -2.43313964E-02
   70.1100006        -2.47906689E-02
   70.2249985        -2.52475776E-02
   70.3399963        -2.57021375E-02
   70.4550018        -2.61543486E-02
   70.5699997        -2.66042352E-02
   70.6849976        -2.70518102E-02
   70.8000031        -2.74971109E-02
   70.9150009        -2.79401578E-02
   71.0299988        -2.83809900E-02
   71.1449966        -2.88196541E-02
   71.2600021        -2.92561930E-02
   71.3750000        -2.96906624E-02
   71.4899979        -3.01231127E-02
   71.6050034        -3.05536073E-02
   71.7200012        -3.09822131E-02
   71.8349991        -3.14089954E-02
   71.9499969        -3.18340249E-02
   72.0650024        -3.22573781E-02
   72.1800003        -3.26791294E-02
   72.2949982        -3.30993459E-02
   72.4100037        -3.35181132E-02
   72.5250015        -3.39355022E-02
   72.6399994        -3.43515947E-02
   72.7549973        -3.47664542E-02
   72.8700027        -3.51801626E-02
   72.9850006        -3.55927944E-02
   73.0999985        -3.60044017E-02
   73.2149963        -3.64150703E-02
   73.3300018        -3.68248485E-02
   73.4449997        -3.72337997E-02
   73.5599976        -3.76419649E-02
   73.6750031        -3.80493999E-02
   73.7900009        -3.84561308E-02
   73.9049988        -3.88622023E-02
   74.0199966        -3.92676368E-02
   74.1350021        -3.96724381E-02
   74.2500000        -4.00766246E-02
   74.3649979        -4.04802002E-02
   74.4800034        -4.08831462E-02
   74.5950012        -4.12854590E-02
   74.7099991        -4.16871049E-02
   74.8249969        -4.20880429E-02
   74.9400024        -4.24882248E-02
   75.0550003        -4.28876020E-02
   75.1699982        -4.32860963E-02
   75.2850037        -4.36836481E-02
   75.4000015        -4.40801419E-02
   75.5149994        -4.44754958E-02
   75.6299973        -4.48695794E-02
   75.7450027        -4.52622734E-02
   75.8600006        -4.56534401E-02
   75.9749985        -4.60429490E-02
   76.0899963        -4.64306176E-02
   76.2050018        -4.68162745E-02
   76.3199997        -4.71997485E-02
   76.4349976        -4.75808270E-02
   76.5500031        -4.79593202E-02
   76.6650009        -4.83350158E-02
   76.7799988        -4.87076715E-02
   76.8949966        -4.90770675E-02
   77.0100021        -4.94429581E-02
   77.1250000        -4.98050898E-02
   77.2399979        -5.01631945E-02
   77.3550034        -5.05170003E-02
   77.4700012        -5.08662388E-02
   77.5849991        -5.12106232E-02
   77.6999969        -5.15498593E-02
   77.8150024        -5.18836491E-02
   77.9300003        -5.22116832E-02
   78.0449982        -5.25336526E-02
   78.1600037        -5.28492332E-02
   78.2750015        -5.31581081E-02
   78.3899994        -5.34599461E-02
   78.5049973        -5.37544154E-02
   78.6200027        -5.40411919E-02
   78.7350006        -5.43199405E-02
   78.8499985        -5.45903333E-02
   78.9649963        -5.48520274E-02
   79.0800018        -5.51046953E-02
   79.1949997        -5.53480089E-02
   79.3099976        -5.55816442E-02
   79.4250031        -5.58052622E-02
   79.5400009        -5.60185537E-02
   79.6549988        -5.62211871E-02
   79.7699966        -5.64128608E-02
   79.8850021        -5.65932579E-02
   80.0000000        -5.67620769E-02
   80.1149979        -5.69190122E-02
   80.2300034        -5.70637770E-02
   80.3450012        -5.71960770E-02
   80.4599991        -5.73156513E-02
   80.5749969        -5.74222207E-02
   80.6900024        -5.75155355E-02
   80.8050003        -5.75953387E-02
   80.9199982        -5.76613992E-02
   81.0350037        -5.77135012E-02
   81.1500015        -5.77514209E-02
   81.2649994        -5.77749498E-02
   81.3799973        -5.77839203E-02
   81.4950027        -5.77781424E-02
   81.6100006        -5.77574596E-02
   81.7249985        -5.77217415E-02
   81.8399963        -5.76708317E-02
   81.9550018        -5.76046444E-02
   82.0699997        -5.75230569E-02
   82.1849976        -5.74259907E-02
   82.3000031        -5.73133864E-02
   82.4150009        -5.71851619E-02
   82.5299988        -5.70412986E-02
   82.6449966        -5.68817705E-02
   82.7600021        -5.67065850E-02
   82.8750000        -5.65157384E-02
   82.9899979        -5.63092679E-02
   83.1050034        -5.60872182E-02
   83.2200012        -5.58496565E-02
   83.3349991        -5.55966645E-02
   83.4499969        -5.53283431E-02
   83.5650024        -5.50448075E-02
   83.6800003        -5.47461957E-02
   83.7949982        -5.44326641E-02
   83.9100037        -5.41043878E-02
   84.0250015        -5.37615344E-02
   84.1399994        -5.34043089E-02
   84.2549973        -5.30329347E-02
   84.3700027        -5.26476353E-02
   84.4850006        -5.22486605E-02
   84.5999985        -5.18362820E-02
   84.7149963        -5.14107719E-02
   84.8300018        -5.09724095E-02
   84.9449997        -5.05215190E-02
   85.0599976        -5.00584096E-02
   85.1750031        -4.95834015E-02
   85.2900009        -4.90968600E-02
   85.4049988        -4.85991463E-02
   85.5199966        -4.80906293E-02
   85.6350021        -4.75716926E-02
   85.7500000        -4.70427498E-02
   85.8649979        -4.65041995E-02
   85.9800034        -4.59564626E-02
   86.0950012        -4.53999825E-02
   86.2099991        -4.48352061E-02
   86.3249969        -4.42625768E-02
   86.4400024        -4.36825827E-02
   86.5550003        -4.30956855E-02
   86.6699982        -4.25024107E-02
   86.7850037        -4.19032350E-02
   86.9000015        -4.12986949E-02
   87.0149994        -4.06892784E-02
   87.1299973        -4.00755443E-02
   87.2450027        -3.94580550E-02
   87.3600006        -3.88373733E-02
   87.4749985        -3.82140502E-02
   87.5899963        -3.75886932E-02
   87.7050018        -3.69618982E-02
   87.8199997        -3.63342464E-02
   87.9349976        -3.57064046E-02
   88.0500031        -3.50789912E-02
   88.1650009        -3.44526544E-02
   88.2799988        -3.38280685E-02
   88.3949966        -3.32058966E-02
   88.5100021        -3.25868130E-02
   88.6250000        -3.19715366E-02
   88.7399979        -3.13607752E-02
   88.8550034        -3.07552405E-02
   88.9700012        -3.01556718E-02
   89.0849991        -2.95628048E-02
   89.1999969        -2.89774053E-02
   89.3150024        -2.84002163E-02
   89.4300003        -2.78320331E-02
   89.5449982        -2.72736251E-02
   89.6600037        -2.67257877E-02
   89.7750015        -2.61893235E-02
   89.8899994        -2.56650336E-02
   90.0049973        -2.51537450E-02
   90.1200027        -2.46562771E-02
   90.2350006        -2.41734665E-02
   90.3499985        -2.37061344E-02
   90.4649963        -2.32551433E-02
   90.5800018        -2.28213184E-02
   90.6949997        -2.24055052E-02
   90.8099976        -2.20085457E-02
   90.9250031        -2.16312837E-02
   91.0400009        -2.12745517E-02
   91.1549988        -2.09391713E-02
   91.2699966        -2.06260011E-02
   91.3850021        -2.03358475E-02
   91.5000000        -2.00695470E-02
   91.6149979        -1.98279005E-02
   91.7300034        -1.96117535E-02
   91.8450012        -1.94218867E-02
   91.9599991        -1.92590933E-02
   92.0749969        -1.91241894E-02
   92.1900024        -1.90179329E-02
   92.3050003        -1.89410914E-02
   92.4199982        -1.88944302E-02
   92.5350037        -1.88786872E-02
   92.6500015        -1.88945886E-02
   92.7649994        -1.89428553E-02
   92.8799973        -1.90241784E-02
   92.9950027        -1.91392414E-02
   93.1100006        -1.92886963E-02
   93.2249985        -1.94731895E-02
   93.3399963        -1.96933560E-02
   93.4550018        -1.99497938E-02
   93.5699997        -2.02431008E-02
   93.6849976        -2.05738470E-02
   93.8000031        -2.09425651E-02
   93.9150009        -2.13498194E-02
   94.0299988        -2.17960812E-02
   94.1449966        -2.22818721E-02
   94.2600021        -2.28076559E-02
   94.3750000        -2.33738851E-02
   94.4899979        -2.39809882E-02
   94.6050034        -2.46293582E-02
   94.7200012        -2.53194030E-02
   94.8349991        -2.60514785E-02
   94.9499969        -2.68259235E-02
   95.0650024        -2.76430435E-02
   95.1800003        -2.85031479E-02
   95.2949982        -2.94064563E-02
   95.4100037        -3.03532407E-02
   95.5250015        -3.13437060E-02
   95.6399994        -3.23780552E-02
   95.7549973        -3.34564671E-02
   95.8700027        -3.45790908E-02
   95.9850006        -3.57460603E-02
   96.0999985        -3.69574651E-02
   96.2149963        -3.82133909E-02
   96.3300018        -3.95139232E-02
   96.4449997        -4.08590846E-02
   96.5599976        -4.22489047E-02
   96.6750031        -4.36833650E-02
   96.7900009        -4.51624468E-02
   96.9049988        -4.66860905E-02
   97.0199966        -4.82542142E-02
   97.1350021        -4.98667248E-02
   97.2500000        -5.15234545E-02
   97.3649979        -5.32242805E-02
   97.4800034        -5.49690202E-02
   97.5950012        -5.67575134E-02
   97.7099991        -5.85895106E-02
   97.8249969        -6.04647771E-02
   97.9400024        -6.23830706E-02
   98.0550003        -6.43441156E-02
   98.1699982        -6.63476214E-02
   98.2850037        -6.83932602E-02
   98.4000015        -7.04806671E-02
   98.5149994        -7.26095438E-02
   98.6299973        -7.47794807E-02
   98.7450027        -7.69900605E-02
   98.8600006        -7.92408735E-02
   98.9749985        -8.15314725E-02
   99.0899963        -8.38613957E-02
   99.2050018        -8.62301514E-02
   99.3199997        -8.86372477E-02
   99.4349976        -9.10821408E-02
   99.5500031        -9.35642719E-02
   99.6650009        -9.60830972E-02
   99.7799988        -9.86380428E-02
   99.8949966       -0.101228476    
   100.010002       -0.103853792    
   100.125000       -0.106513351    
   100.239998       -0.109206527    
   100.355003       -0.111932665    
   100.470001       -0.114691041    
   100.584999       -0.117481008    
   100.699997       -0.120301828    
   100.815002       -0.123152778    
   100.930000       -0.126033142    
   101.044998       -0.128942132    
   101.160004       -0.131879017    
   101.275002       -0.134842962    
   101.389999       -0.137833208    
   101.504997       -0.140848964    
   101.620003       -0.143889427    
   101.735001       -0.146953762    
   101.849998       -0.150041148    
   101.964996       -0.153150767    
   102.080002       -0.156281799    
   102.195000       -0.159433365    
   102.309998       -0.162604630    
   102.425003       -0.165794790    
   102.540001       -0.169002980    
   102.654999       -0.172228336    
   102.769997       -0.175470024    
   102.885002       -0.178727150    
   103.000000       -0.181998879    
   103.114998       -0.185284361    
   103.230003       -0.188582748    
   103.345001       -0.191893205    
   103.459999       -0.195214838    
   103.574997       -0.198546812    
   103.690002       -0.201888323    
   103.805000       -0.205238491    
   103.919998       -0.208596423    
   104.035004       -0.211961299    
   104.150002       -0.215332299    
   104.264999       -0.218708560    
   104.379997       -0.222089201    
   104.495003       -0.225473419    
   104.610001       -0.228860363    
   104.724998       -0.232249215    
   104.839996       -0.235639110    
   104.955002       -0.239029244    
   105.070000       -0.242418721    
   105.184998       -0.245806724    
   105.300003       -0.249192402    
   105.415001       -0.252574980    
   105.529999       -0.255953521    
   105.644997       -0.259327203    
   105.760002       -0.262695134    
   105.875000       -0.266056508    
   105.989998       -0.269410461    
   106.105003       -0.272756100    
   106.220001       -0.276092559    
   106.334999       -0.279418975    
   106.449997       -0.282734424    
   106.565002       -0.286038101    
   106.680000       -0.289329112    
   106.794998       -0.292606592    
   106.910004       -0.295869708    
   107.025002       -0.299117565    
   107.139999       -0.302349359    
   107.254997       -0.305564225    
   107.370003       -0.308761299    
   107.485001       -0.311939716    
   107.599998       -0.315098703    
   107.714996       -0.318237394    
   107.830002       -0.321354955    
   107.945000       -0.324450552    
   108.059998       -0.327523440    
   108.175003       -0.330572784    
   108.290001       -0.333597869    
   108.404999       -0.336597800    
   108.519997       -0.339572042    
   108.635002       -0.342519730    
   108.750000       -0.345440298    
   108.864998       -0.348333001    
   108.980003       -0.351197213    
   109.095001       -0.354032308    
   109.209999       -0.356837690    
   109.324997       -0.359612823    
   109.440002       -0.362357050    
   109.555000       -0.365069866    
   109.669998       -0.367750794    
   109.785004       -0.370399296    
   109.900002       -0.373014897    
   110.014999       -0.375597179    
   110.129997       -0.378145665    
   110.245003       -0.380659938    
   110.360001       -0.383139610    
   110.474998       -0.385584384    
   110.589996       -0.387993932    
   110.705002       -0.390367776    
   110.820000       -0.392705768    
   110.934998       -0.395007551    
   111.050003       -0.397272915    
   111.165001       -0.399501532    
   111.279999       -0.401693314    
   111.394997       -0.403847903    
   111.510002       -0.405965179    
   111.625000       -0.408044904    
   111.739998       -0.410086900    
   111.855003       -0.412091017    
   111.970001       -0.414057046    
   112.084999       -0.415984899    
   112.199997       -0.417874366    
   112.315002       -0.419725388    
   112.430000       -0.421537757    
   112.544998       -0.423311532    
   112.660004       -0.425046444    
   112.775002       -0.426742584    
   112.889999       -0.428399861    
   113.004997       -0.430018187    
   113.120003       -0.431597590    
   113.235001       -0.433138043    
   113.349998       -0.434639484    
   113.464996       -0.436101973    
   113.580002       -0.437525600    
   113.695000       -0.438910306    
   113.809998       -0.440256208    
   113.925003       -0.441563368    
   114.040001       -0.442831874    
   114.154999       -0.444061846    
   114.269997       -0.445253372    
   114.385002       -0.446406633    
   114.500000       -0.447521895    
   114.614998       -0.448599130    
   114.730003       -0.449638754    
   114.845001       -0.450640887    
   114.959999       -0.451605797    
   115.074997       -0.452533841    
   115.190002       -0.453425258    
   115.305000       -0.454280347    
   115.419998       -0.455099463    
   115.535004       -0.455882907    
   115.650002       -0.456631035    
   115.764999       -0.457344234    
   115.879997       -0.458022833    
   115.995003       -0.458667278    
   116.110001       -0.459277868    
   116.224998       -0.459855080    
   116.339996       -0.460399300    
   116.455002       -0.460910887    
   116.570000       -0.461390257    
   116.684998       -0.461837888    
   116.800003       -0.462254196    
   116.915001       -0.462639570    
   117.029999       -0.462994456    
   117.144997       -0.463319242    
   117.260002       -0.463614345    
   117.375000       -0.463880122    
   117.489998       -0.464117050    
   117.605003       -0.464325368    
   117.720001       -0.464505553    
   117.834999       -0.464657873    
   117.949997       -0.464782655    
   118.065002       -0.464880228    
   118.180000       -0.464950919    
   118.294998       -0.464995027    
   118.410004       -0.465012819    
   118.525002       -0.465004563    
   118.639999       -0.464970648    
   118.754997       -0.464911163    
   118.870003       -0.464826435    
   118.985001       -0.464716762    
   119.099998       -0.464582264    
   119.214996       -0.464423209    
   119.330002       -0.464239776    
   119.445000       -0.464032143    
   119.559998       -0.463800490    
   119.675003       -0.463545024    
   119.790001       -0.463265926    
   119.904999       -0.462963343    
   120.019997       -0.462637395    
   120.135002       -0.462288290    
   120.250000       -0.461916208    
   120.364998       -0.461521238    
   120.480003       -0.461103618    
   120.595001       -0.460663527    
   120.709999       -0.460201085    
   120.824997       -0.459716558    
   120.940002       -0.459210038    
   121.055000       -0.458681762    
   121.169998       -0.458131939    
   121.285004       -0.457560718    
   121.400002       -0.456968307    
   121.514999       -0.456354916    
   121.629997       -0.455720723    
   121.745003       -0.455065966    
   121.860001       -0.454390854    
   121.974998       -0.453695625    
   122.089996       -0.452980489    
   122.205002       -0.452245712    
   122.320000       -0.451491475    
   122.434998       -0.450718105    
   122.550003       -0.449925870    
   122.665001       -0.449115008    
   122.779999       -0.448285758    
   122.894997       -0.447438478    
   123.010002       -0.446573436    
   123.125000       -0.445690930    
   123.239998       -0.444791287    
   123.355003       -0.443874806    
   123.470001       -0.442941815    
   123.584999       -0.441992670    
   123.699997       -0.441027641    
   123.815002       -0.440047115    
   123.930000       -0.439051479    
   124.044998       -0.438041061    
   124.160004       -0.437016279    
   124.275002       -0.435977429    
   124.389999       -0.434925020    
   124.504997       -0.433859408    
   124.620003       -0.432781070    
   124.735001       -0.431690425    
   124.849998       -0.430587947    
   124.964996       -0.429474086    
   125.080002       -0.428349376    
   125.195000       -0.427214384    
   125.309998       -0.426069498    
   125.425003       -0.424915373    
   125.540001       -0.423752487    
   125.654999       -0.422581494    
   125.769997       -0.421402931    
   125.885002       -0.420217335    
   126.000000       -0.419025421    
   126.114998       -0.417827755    
   126.230003       -0.416625023    
   126.345001       -0.415417910    
   126.459999       -0.414207041    
   126.574997       -0.412993133    
   126.690002       -0.411776960    
   126.805000       -0.410559207    
   126.919998       -0.409340650    
   127.035004       -0.408121973    
   127.150002       -0.406903982    
   127.264999       -0.405687511    
   127.379997       -0.404473156    
   127.495003       -0.403261930    
   127.610001       -0.402054399    
   127.724998       -0.400851488    
   127.839996       -0.399653852    
   127.955002       -0.398462415    
   128.070007       -0.397277802    
   128.184998       -0.396100909    
   128.300003       -0.394932449    
   128.414993       -0.393773198    
   128.529999       -0.392623961    
   128.645004       -0.391485542    
   128.759995       -0.390358627    
   128.875000       -0.389244050    
   128.990005       -0.388142467    
   129.104996       -0.387054652    
   129.220001       -0.385981351    
   129.335007       -0.384923160    
   129.449997       -0.383880824    
   129.565002       -0.382855058    
   129.679993       -0.381846368    
   129.794998       -0.380855471    
   129.910004       -0.379883021    
   130.024994       -0.378929466    
   130.139999       -0.377995580    
   130.255005       -0.377081722    
   130.369995       -0.376188606    
   130.485001       -0.375316739    
   130.600006       -0.374466568    
   130.714996       -0.373638630    
   130.830002       -0.372833461    
   130.945007       -0.372051477    
   131.059998       -0.371293098    
   131.175003       -0.370558828    
   131.289993       -0.369849056    
   131.404999       -0.369164079    
   131.520004       -0.368504375    
   131.634995       -0.367870212    
   131.750000       -0.367261976    
   131.865005       -0.366679847    
   131.979996       -0.366124213    
   132.095001       -0.365595341    
   132.210007       -0.365093440    
   132.324997       -0.364618748    
   132.440002       -0.364171505    
   132.554993       -0.363751888    
   132.669998       -0.363360107    
   132.785004       -0.362996340    
   132.899994       -0.362660706    
   133.014999       -0.362353325    
   133.130005       -0.362074316    
   133.244995       -0.361823708    
   133.360001       -0.361601591    
   133.475006       -0.361407936    
   133.589996       -0.361242801    
   133.705002       -0.361106128    
   133.820007       -0.360997945    
   133.934998       -0.360918045    
   134.050003       -0.360866457    
   134.164993       -0.360843033    
   134.279999       -0.360847622    
   134.395004       -0.360880077    
   134.509995       -0.360940218    
   134.625000       -0.361027896    
   134.740005       -0.361142784    
   134.854996       -0.361284733    
   134.970001       -0.361453414    
   135.085007       -0.361648500    
   135.199997       -0.361869723    
   135.315002       -0.362116724    
   135.429993       -0.362389058    
   135.544998       -0.362686425    
   135.660004       -0.363008291    
   135.774994       -0.363354295    
   135.889999       -0.363723874    
   136.005005       -0.364116549    
   136.119995       -0.364531785    
   136.235001       -0.364969045    
   136.350006       -0.365427792    
   136.464996       -0.365907401    
   136.580002       -0.366407305    
   136.695007       -0.366926879    
   136.809998       -0.367465496    
   136.925003       -0.368022501    
   137.039993       -0.368597269    
   137.154999       -0.369189143    
   137.270004       -0.369797319    
   137.384995       -0.370421231    
   137.500000       -0.371060133    
   137.615005       -0.371713251    
   137.729996       -0.372379959    
   137.845001       -0.373059422    
   137.960007       -0.373751014    
   138.074997       -0.374453962    
   138.190002       -0.375167519    
   138.304993       -0.375891030    
   138.419998       -0.376623690    
   138.535004       -0.377364904    
   138.649994       -0.378113896    
   138.764999       -0.378870010    
   138.880005       -0.379632592    
   138.994995       -0.380401075    
   139.110001       -0.381174624    
   139.225006       -0.381952882    
   139.339996       -0.382735074    
   139.455002       -0.383520663    
   139.570007       -0.384309083    
   139.684998       -0.385099739    
   139.800003       -0.385892212    
   139.914993       -0.386685908    
   140.029999       -0.387480319    
   140.145004       -0.388275087    
   140.259995       -0.389069676    
   140.375000       -0.389863729    
   140.490005       -0.390656829    
   140.604996       -0.391448647    
   140.720001       -0.392238915    
   140.835007       -0.393027216    
   140.949997       -0.393813372    
   141.065002       -0.394596994    
   141.179993       -0.395377964    
   141.294998       -0.396155924    
   141.410004       -0.396930724    
   141.524994       -0.397702187    
   141.639999       -0.398470044    
   141.755005       -0.399234146    
   141.869995       -0.399994403    
   141.985001       -0.400750577    
   142.100006       -0.401502520    
   142.214996       -0.402250230    
   142.330002       -0.402993500    
   142.445007       -0.403732300    
   142.559998       -0.404466510    
   142.675003       -0.405196071    
   142.789993       -0.405920953    
   142.904999       -0.406641096    
   143.020004       -0.407356441    
   143.134995       -0.408067048    
   143.250000       -0.408772737    
   143.365005       -0.409473687    
   143.479996       -0.410169721    
   143.595001       -0.410860926    
   143.710007       -0.411547244    
   143.824997       -0.412228703    
   143.940002       -0.412905365    
   144.054993       -0.413577199    
   144.169998       -0.414244294    
   144.285004       -0.414906561    
   144.399994       -0.415564150    
   144.514999       -0.416217178    
   144.630005       -0.416865647    
   144.744995       -0.417509675    
   144.860001       -0.418149322    
   144.975006       -0.418784708    
   145.089996       -0.419415981    
   145.205002       -0.420043230    
   145.320007       -0.420666516    
   145.434998       -0.421285987    
   145.550003       -0.421901703    
   145.664993       -0.422513753    
   145.779999       -0.423122257    
   145.895004       -0.423727274    
   146.009995       -0.424328864    
   146.125000       -0.424927086    
   146.240005       -0.425522059    
   146.354996       -0.426113755    
   146.470001       -0.426702201    
   146.585007       -0.427287459    
   146.699997       -0.427869588    
   146.815002       -0.428448409    
   146.929993       -0.429024011    
   147.044998       -0.429596245    
   147.160004       -0.430165052    
   147.274994       -0.430730224    
   147.389999       -0.431291640    
   147.505005       -0.431849033    
   147.619995       -0.432402194    
   147.735001       -0.432950765    
   147.850006       -0.433494478    
   147.964996       -0.434032917    
   148.080002       -0.434565783    
   148.195007       -0.435092539    
   148.309998       -0.435612798    
   148.425003       -0.436125994    
   148.539993       -0.436631650    
   148.654999       -0.437129229    
   148.770004       -0.437618047    
   148.884995       -0.438097656    
   149.000000       -0.438567281    
   149.115005       -0.439026296    
   149.229996       -0.439474106    
   149.345001       -0.439909875    
   149.460007       -0.440332919    
   149.574997       -0.440742493    
   149.690002       -0.441137761    
   149.804993       -0.441518039    
   149.919998       -0.441882521    
   150.035004       -0.442230344    
   150.149994       -0.442560792    
   150.264999       -0.442873120    
   150.380005       -0.443166465    
   150.494995       -0.443440169    
   150.610001       -0.443693340    
   150.725006       -0.443925411    
   150.839996       -0.444135517    
   150.955002       -0.444323063    
   151.070007       -0.444487363    
   151.184998       -0.444627643    
   151.300003       -0.444743335    
   151.414993       -0.444833845    
   151.529999       -0.444898516    
   151.645004       -0.444936812    
   151.759995       -0.444948107    
   151.875000       -0.444931895    
   151.990005       -0.444887698    
   152.104996       -0.444815040    
   152.220001       -0.444713444    
   152.335007       -0.444582462    
   152.449997       -0.444421768    
   152.565002       -0.444231004    
   152.679993       -0.444009840    
   152.794998       -0.443757981    
   152.910004       -0.443475217    
   153.024994       -0.443161339    
   153.139999       -0.442816138    
   153.255005       -0.442439437    
   153.369995       -0.442031205    
   153.485001       -0.441591293    
   153.600006       -0.441119701    
   153.714996       -0.440616310    
   153.830002       -0.440081209    
   153.945007       -0.439514399    
   154.059998       -0.438916028    
   154.175003       -0.438286185    
   154.289993       -0.437625021    
   154.404999       -0.436932743    
   154.520004       -0.436209619    
   154.634995       -0.435456008    
   154.750000       -0.434672147    
   154.865005       -0.433858514    
   154.979996       -0.433015496    
   155.095001       -0.432143599    
   155.210007       -0.431243449    
   155.324997       -0.430315465    
   155.440002       -0.429360420    
   155.554993       -0.428378820    
   155.669998       -0.427371472    
   155.785004       -0.426339060    
   155.899994       -0.425282478    
   156.014999       -0.424202412    
   156.130005       -0.423099935    
   156.244995       -0.421975791    
   156.360001       -0.420831144    
   156.475006       -0.419666857    
   156.589996       -0.418484151    
   156.705002       -0.417284071    
   156.820007       -0.416067779    
   156.934998       -0.414836347    
   157.050003       -0.413591117    
   157.164993       -0.412333280    
   157.279999       -0.411064118    
   157.395004       -0.409784824    
   157.509995       -0.408496857    
   157.625000       -0.407201380    
   157.740005       -0.405899704    
   157.854996       -0.404593319    
   157.970001       -0.403283447    
   158.085007       -0.401971489    
   158.199997       -0.400658697    
   158.315002       -0.399346501    
   158.429993       -0.398036182    
   158.544998       -0.396729141    
   158.660004       -0.395426631    
   158.774994       -0.394129872    
   158.889999       -0.392840266    
   159.005005       -0.391558975    
   159.119995       -0.390287220    
   159.235001       -0.389026254    
   159.350006       -0.387777150    
   159.464996       -0.386540979    
   159.580002       -0.385318875    
   159.695007       -0.384111762    
   159.809998       -0.382920682    
   159.925003       -0.381746560    
   160.039993       -0.380590320    
   160.154999       -0.379452735    
   160.270004       -0.378334552    
   160.384995       -0.377236545    
   160.500000       -0.376159430    
   160.615005       -0.375103801    
   160.729996       -0.374070227    
   160.845001       -0.373059303    
   160.960007       -0.372071475    
   161.074997       -0.371107191    
   161.190002       -0.370166838    
   161.304993       -0.369250774    
   161.419998       -0.368359238    
   161.535004       -0.367492437    
   161.649994       -0.366650552    
   161.764999       -0.365833789    
   161.880005       -0.365042150    
   161.994995       -0.364275783    
   162.110001       -0.363534629    
   162.225006       -0.362818718    
   162.339996       -0.362127990    
   162.455002       -0.361462384    
   162.570007       -0.360821873    
   162.684998       -0.360206246    
   162.800003       -0.359615445    
   162.914993       -0.359049350    
   163.029999       -0.358507693    
   163.145004       -0.357990444    
   163.259995       -0.357497334    
   163.375000       -0.357028097    
   163.490005       -0.356582671    
   163.604996       -0.356160730    
   163.720001       -0.355762094    
   163.835007       -0.355386466    
   163.949997       -0.355033666    
   164.065002       -0.354703426    
   164.179993       -0.354395539    
   164.294998       -0.354109704    
   164.410004       -0.353845716    
   164.524994       -0.353603393    
   164.639999       -0.353382438    
   164.755005       -0.353182733    
   164.869995       -0.353003889    
   164.985001       -0.352845848    
   165.100006       -0.352708280    
   165.214996       -0.352591038    
   165.330002       -0.352493793    
   165.445007       -0.352416396    
   165.559998       -0.352358431    
   165.675003       -0.352319717    
   165.789993       -0.352299958    
   165.904999       -0.352298796    
   166.020004       -0.352315843    
   166.134995       -0.352350771    
   166.250000       -0.352403194    
   166.365005       -0.352472663    
   166.479996       -0.352558702    
   166.595001       -0.352660924    
   166.710007       -0.352778792    
   166.824997       -0.352911800    
   166.940002       -0.353059471    
   167.054993       -0.353221238    
   167.169998       -0.353396446    
   167.285004       -0.353584498    
   167.399994       -0.353784710    
   167.514999       -0.353996485    
   167.630005       -0.354219109    
   167.744995       -0.354451776    
   167.860001       -0.354693741    
   167.975006       -0.354944319    
   168.089996       -0.355202585    
   168.205002       -0.355467767    
   168.320007       -0.355738968    
   168.434998       -0.356015444    
   168.550003       -0.356296301    
   168.664993       -0.356580764    
   168.779999       -0.356867939    
   168.895004       -0.357157052    
   169.009995       -0.357447326    
   169.125000       -0.357737929    
   169.240005       -0.358028203    
   169.354996       -0.358317316    
   169.470001       -0.358604521    
   169.585007       -0.358889133    
   169.699997       -0.359170616    
   169.815002       -0.359448254    
   169.929993       -0.359721363    
   170.044998       -0.359989464    
   170.160004       -0.360251933    
   170.274994       -0.360508353    
   170.389999       -0.360758156    
   170.505005       -0.361001015    
   170.619995       -0.361236513    
   170.735001       -0.361464292    
   170.850006       -0.361684173    
   170.964996       -0.361895859    
   171.080002       -0.362099200    
   171.195007       -0.362294048    
   171.309998       -0.362480253    
   171.425003       -0.362657875    
   171.539993       -0.362826854    
   171.654999       -0.362987131    
   171.770004       -0.363138795    
   171.884995       -0.363281846    
   172.000000       -0.363416404    
   172.115005       -0.363542497    
   172.229996       -0.363660276    
   172.345001       -0.363769948    
   172.460007       -0.363871574    
   172.574997       -0.363965392    
   172.690002       -0.364051551    
   172.804993       -0.364130288    
   172.919998       -0.364201814    
   173.035004       -0.364266366    
   173.149994       -0.364324152    
   173.264999       -0.364375502    
   173.380005       -0.364420533    
   173.494995       -0.364459574    
   173.610001       -0.364492804    
   173.725006       -0.364520490    
   173.839996       -0.364542812    
   173.955002       -0.364559978    
   174.070007       -0.364572287    
   174.184998       -0.364579827    
   174.300003       -0.364582807    
   174.414993       -0.364581406    
   174.529999       -0.364575833    
   174.645004       -0.364566177    
   174.759995       -0.364552617    
   174.875000       -0.364535362    
   174.990005       -0.364514589    
   175.104996       -0.364490390    
   175.220001       -0.364462852    
   175.335007       -0.364432186    
   175.449997       -0.364398539    
   175.565002       -0.364361882    
   175.679993       -0.364322484    
   175.794998       -0.364280313    
   175.910004       -0.364235550    
   176.024994       -0.364188164    
   176.139999       -0.364138305    
   176.255005       -0.364086032    
   176.369995       -0.364031255    
   176.485001       -0.363974124    
   176.600006       -0.363914609    
   176.714996       -0.363852739    
   176.830002       -0.363788486    
   176.945007       -0.363721907    
   177.059998       -0.363652945    
   177.175003       -0.363581598    
   177.289993       -0.363507837    
   177.404999       -0.363431633    
   177.520004       -0.363352895    
   177.634995       -0.363271505    
   177.750000       -0.363187462    
   177.865005       -0.363100618    
   177.979996       -0.363010854    
   178.095001       -0.362918019    
   178.210007       -0.362821966    
   178.324997       -0.362722576    
   178.440002       -0.362619579    
   178.554993       -0.362512887    
   178.669998       -0.362402231    
   178.785004       -0.362287462    
   178.899994       -0.362168401    
   179.014999       -0.362044781    
   179.130005       -0.361916393    
   179.244995       -0.361782938    
   179.360001       -0.361644268    
   179.475006       -0.361500114    
   179.589996       -0.361350298    
   179.705002       -0.361194462    
   179.820007       -0.361032426    
   179.934998       -0.360863954    
   180.050003       -0.360688686    
   180.164993       -0.360506505    
   180.279999       -0.360317111    
   180.395004       -0.360120267    
   180.509995       -0.359915763    
   180.625000       -0.359703422    
   180.740005       -0.359483004    
   180.854996       -0.359254271    
   180.970001       -0.359017104    
   181.085007       -0.358771324    
   181.199997       -0.358516753    
   181.315002       -0.358253360    
   181.429993       -0.357980847    
   181.544998       -0.357699215    
   181.660004       -0.357408404    
   181.774994       -0.357108235    
   181.889999       -0.356798649    
   182.005005       -0.356479645    
   182.119995       -0.356151193    
   182.235001       -0.355813265    
   182.350006       -0.355465859    
   182.464996       -0.355109066    
   182.580002       -0.354742885    
   182.695007       -0.354367435    
   182.809998       -0.353982776    
   182.925003       -0.353589028    
   183.039993       -0.353186339    
   183.154999       -0.352774769    
   183.270004       -0.352354527    
   183.384995       -0.351925790    
   183.500000       -0.351488739    
   183.615005       -0.351043552    
   183.729996       -0.350590527    
   183.845001       -0.350129753    
   183.960007       -0.349661559    
   184.074997       -0.349186182    
   184.190002       -0.348703831    
   184.304993       -0.348214716    
   184.419998       -0.347719193    
   184.535004       -0.347217530    
   184.649994       -0.346709877    
   184.764999       -0.346196592    
   184.880005       -0.345677942    
   184.994995       -0.345154166    
   185.110001       -0.344625503    
   185.225006       -0.344092250    
   185.339996       -0.343554646    
   185.455002       -0.343012869    
   185.570007       -0.342467219    
   185.684998       -0.341917872    
   185.800003       -0.341364950    
   185.914993       -0.340808690    
   186.029999       -0.340249270    
   186.145004       -0.339686722    
   186.259995       -0.339121282    
   186.375000       -0.338552952    
   186.490005       -0.337981850    
   186.604996       -0.337408096    
   186.720001       -0.336831659    
   186.835007       -0.336252570    
   186.949997       -0.335670888    
   187.065002       -0.335086584    
   187.179993       -0.334499657    
   187.294998       -0.333910078    
   187.410004       -0.333317727    
   187.524994       -0.332722604    
   187.639999       -0.332124472    
   187.755005       -0.331523359    
   187.869995       -0.330919057    
   187.985001       -0.330311418    
   188.100006       -0.329700321    
   188.214996       -0.329085588    
   188.330002       -0.328467041    
   188.445007       -0.327844530    
   188.559998       -0.327217847    
   188.675003       -0.326586813    
   188.789993       -0.325951338    
   188.904999       -0.325311124    
   189.020004       -0.324666172    
   189.134995       -0.324016273    
   189.250000       -0.323361248    
   189.365005       -0.322701007    
   189.479996       -0.322035372    
   189.595001       -0.321364313    
   189.710007       -0.320687681    
   189.824997       -0.320005357    
   189.940002       -0.319317341    
   190.054993       -0.318623513    
   190.169998       -0.317923874    
   190.285004       -0.317218333    
   190.399994       -0.316506922    
   190.514999       -0.315789729    
   190.630005       -0.315066695    
   190.744995       -0.314337939    
   190.860001       -0.313603640    
   190.975006       -0.312863797    
   191.089996       -0.312118560    
   191.205002       -0.311368257    
   191.320007       -0.310612917    
   191.434998       -0.309852839    
   191.550003       -0.309088290    
   191.664993       -0.308319420    
   191.779999       -0.307546586    
   191.895004       -0.306770116    
   192.009995       -0.305990249    
   192.125000       -0.305207342    
   192.240005       -0.304421782    
   192.354996       -0.303633839    
   192.470001       -0.302844018    
   192.585007       -0.302052736    
   192.699997       -0.301260382    
   192.815002       -0.300467432    
   192.929993       -0.299674332    
   193.044998       -0.298881620    
   193.160004       -0.298089862    
   193.274994       -0.297299504    
   193.389999       -0.296511143    
   193.505005       -0.295725375    
   193.619995       -0.294942737    
   193.735001       -0.294163883    
   193.850006       -0.293389380    
   193.964996       -0.292619854    
   194.080002       -0.291855931    
   194.195007       -0.291098177    
   194.309998       -0.290347308    
   194.425003       -0.289604008    
   194.539993       -0.288868904    
   194.654999       -0.288142711    
   194.770004       -0.287425995    
   194.884995       -0.286719531    
   195.000000       -0.286024034    
   195.115005       -0.285340190    
   195.229996       -0.284668714    
   195.345001       -0.284010261    
   195.460007       -0.283365637    
   195.574997       -0.282735407    
   195.690002       -0.282120377    
   195.804993       -0.281521201    
   195.919998       -0.280938536    
   196.035004       -0.280373096    
   196.149994       -0.279825509    
   196.264999       -0.279296428    
   196.380005       -0.278786480    
   196.494995       -0.278296262    
   196.610001       -0.277826399    
   196.725006       -0.277377456    
   196.839996       -0.276950002    
   196.955002       -0.276544690    
   197.070007       -0.276161999    
   197.184998       -0.275802523    
   197.300003       -0.275466800    
   197.414993       -0.275155365    
   197.529999       -0.274868727    
   197.645004       -0.274607450    
   197.759995       -0.274371952    
   197.875000       -0.274162829    
   197.990005       -0.273980528    
   198.104996       -0.273825467    
   198.220001       -0.273698181    
   198.335007       -0.273599088    
   198.449997       -0.273528695    
   198.565002       -0.273487359    
   198.679993       -0.273475558    
   198.794998       -0.273493677    
   198.910004       -0.273542136    
   199.024994       -0.273621291    
   199.139999       -0.273731560    
   199.255005       -0.273873270    
   199.369995       -0.274046719    
   199.485001       -0.274252146    
   199.600006       -0.274489939    
   199.714996       -0.274760276    
   199.830002       -0.275063306    
   199.945007       -0.275399208    
   200.059998       -0.275768012    
   200.175003       -0.276169747    
   200.289993       -0.276604414    
   200.404999       -0.277071804    
   200.520004       -0.277571827    
   200.634995       -0.278104246    
   200.750000       -0.278668672    
   200.865005       -0.279264778    
   200.979996       -0.279891998    
   201.095001       -0.280549794    
   201.210007       -0.281237543    
   201.324997       -0.281954497    
   201.440002       -0.282699853    
   201.554993       -0.283472657    
   201.669998       -0.284272045    
   201.785004       -0.285096914    
   201.899994       -0.285946131    
   202.014999       -0.286818445    
   202.130005       -0.287712753    
   202.244995       -0.288627625    
   202.360001       -0.289561689    
   202.475006       -0.290513515    
   202.589996       -0.291481644    
   202.705002       -0.292464674    
   202.820007       -0.293460965    
   202.934998       -0.294468969    
   203.050003       -0.295487195    
   203.164993       -0.296514004    
   203.279999       -0.297547966    
   203.395004       -0.298587501    
   203.509995       -0.299631059    
   203.625000       -0.300677121    
   203.740005       -0.301724285    
   203.854996       -0.302771151    
   203.970001       -0.303816319    
   204.085007       -0.304858476    
   204.199997       -0.305896312    
   204.315002       -0.306928664    
   204.429993       -0.307954431    
   204.544998       -0.308972478    
   204.660004       -0.309981793    
   204.774994       -0.310981482    
   204.889999       -0.311970681    
   205.005005       -0.312948525    
   205.119995       -0.313914359    
   205.235001       -0.314867467    
   205.350006       -0.315807194    
   205.464996       -0.316733122    
   205.580002       -0.317644686    
   205.695007       -0.318541467    
   205.809998       -0.319423109    
   205.925003       -0.320289224    
   206.039993       -0.321139574    
   206.154999       -0.321973801    
   206.270004       -0.322791785    
   206.384995       -0.323593259    
   206.500000       -0.324377984    
   206.615005       -0.325145841    
   206.729996       -0.325896651    
   206.845001       -0.326630265    
   206.960007       -0.327346474    
   207.074997       -0.328045160    
   207.190002       -0.328726113    
   207.304993       -0.329389125    
   207.419998       -0.330034018    
   207.535004       -0.330660582    
   207.649994       -0.331268489    
   207.764999       -0.331857532    
   207.880005       -0.332427442    
   207.994995       -0.332977921    
   208.110001       -0.333508670    
   208.225006       -0.334019333    
   208.339996       -0.334509611    
   208.455002       -0.334979087    
   208.570007       -0.335427463    
   208.684998       -0.335854411    
   208.800003       -0.336259425    
   208.914993       -0.336642265    
   209.029999       -0.337002546    
   209.145004       -0.337339848    
   209.259995       -0.337653875    
   209.375000       -0.337944359    
   209.490005       -0.338210851    
   209.604996       -0.338453174    
   209.720001       -0.338670999    
   209.835007       -0.338864148    
   209.949997       -0.339032352    
   210.065002       -0.339175463    
   210.179993       -0.339293331    
   210.294998       -0.339385867    
   210.410004       -0.339452982    
   210.524994       -0.339494675    
   210.639999       -0.339510977    
   210.755005       -0.339501917    
   210.869995       -0.339467645    
   210.985001       -0.339408278    
   211.100006       -0.339324087    
   211.214996       -0.339215308    
   211.330002       -0.339082301    
   211.445007       -0.338925362    
   211.559998       -0.338745058    
   211.675003       -0.338541716    
   211.789993       -0.338315964    
   211.904999       -0.338068426    
   212.020004       -0.337799728    
   212.134995       -0.337510556    
   212.250000       -0.337201685    
   212.365005       -0.336873949    
   212.479996       -0.336528242    
   212.595001       -0.336165518    
   212.710007       -0.335786760    
   212.824997       -0.335393101    
   212.940002       -0.334985614    
   213.054993       -0.334565490    
   213.169998       -0.334133983    
   213.285004       -0.333692461    
   213.399994       -0.333242148    
   213.514999       -0.332784474    
   213.630005       -0.332320899    
   213.744995       -0.331852883    
   213.860001       -0.331381917    
   213.975006       -0.330909461    
   214.089996       -0.330437183    
   214.205002       -0.329966575    
   214.320007       -0.329499185    
   214.434998       -0.329036593    
   214.550003       -0.328580409    
   214.664993       -0.328132182    
   214.779999       -0.327693373    
   214.895004       -0.327265531    
   215.009995       -0.326850235    
   215.125000       -0.326448798    
   215.240005       -0.326062679    
   215.354996       -0.325693130    
   215.470001       -0.325341552    
   215.585007       -0.325009048    
   215.699997       -0.324696779    
   215.815002       -0.324405760    
   215.929993       -0.324136943    
   216.044998       -0.323891222    
   216.160004       -0.323669344    
   216.274994       -0.323471963    
   216.389999       -0.323299766    
   216.505005       -0.323153168    
   216.619995       -0.323032588    
   216.735001       -0.322938412    
   216.850006       -0.322870940    
   216.964996       -0.322830260    
   217.080002       -0.322816521    
   217.195007       -0.322829753    
   217.309998       -0.322869956    
   217.425003       -0.322936952    
   217.539993       -0.323030621    
   217.654999       -0.323150814    
   217.770004       -0.323297173    
   217.884995       -0.323469460    
   218.000000       -0.323667347    
   218.115005       -0.323890448    
   218.229996       -0.324138284    
   218.345001       -0.324410498    
   218.460007       -0.324706703    
   218.574997       -0.325026363    
   218.690002       -0.325369060    
   218.804993       -0.325734258    
   218.919998       -0.326121539    
   219.035004       -0.326530427    
   219.149994       -0.326960504    
   219.264999       -0.327411175    
   219.380005       -0.327881992    
   219.494995       -0.328372478    
   219.610001       -0.328882188    
   219.725006       -0.329410493    
   219.839996       -0.329956949    
   219.955002       -0.330520988    
   220.070007       -0.331102043    
   220.184998       -0.331699610    
   220.300003       -0.332312971    
   220.414993       -0.332941622    
   220.529999       -0.333584815    
   220.645004       -0.334241986    
   220.759995       -0.334912360    
   220.875000       -0.335595191    
   220.990005       -0.336289763    
   221.104996       -0.336995244    
   221.220001       -0.337710857    
   221.335007       -0.338435709    
   221.449997       -0.339168936    
   221.565002       -0.339909524    
   221.679993       -0.340656608    
   221.794998       -0.341409028    
   221.910004       -0.342165798    
   222.024994       -0.342925817    
   222.139999       -0.343687981    
   222.255005       -0.344451100    
   222.369995       -0.345214128    
   222.485001       -0.345975757    
   222.600006       -0.346734822    
   222.714996       -0.347490191    
   222.830002       -0.348240554    
   222.945007       -0.348984778    
   223.059998       -0.349721640    
   223.175003       -0.350449920    
   223.289993       -0.351168513    
   223.404999       -0.351876229    
   223.520004       -0.352571964    
   223.634995       -0.353254616    
   223.750000       -0.353923023    
   223.865005       -0.354576260    
   223.979996       -0.355213284    
   224.095001       -0.355833113    
   224.210007       -0.356434852    
   224.324997       -0.357017696    
   224.440002       -0.357580781    
   224.554993       -0.358123422    
   224.669998       -0.358644933    
   224.785004       -0.359144658    
   224.899994       -0.359622091    
   225.014999       -0.360076725    
   225.130005       -0.360508233    
   225.244995       -0.360916197    
   225.360001       -0.361300319    
   225.475006       -0.361660451    
   225.589996       -0.361996442    
   225.705002       -0.362308264    
   225.820007       -0.362595797    
   225.934998       -0.362859190    
   226.050003       -0.363098532    
   226.164993       -0.363314003    
   226.279999       -0.363505900    
   226.395004       -0.363674492    
   226.509995       -0.363820195    
   226.625000       -0.363943458    
   226.740005       -0.364044666    
   226.854996       -0.364124596    
   226.970001       -0.364183724    
   227.085007       -0.364222735    
   227.199997       -0.364242435    
   227.315002       -0.364243507    
   227.429993       -0.364226788    
   227.544998       -0.364193231    
   227.660004       -0.364143670    
   227.774994       -0.364079028    
   227.889999       -0.364000380    
   228.005005       -0.363908708    
   228.119995       -0.363805085    
   228.235001       -0.363690555    
   228.350006       -0.363566309    
   228.464996       -0.363433480    
   228.580002       -0.363293290    
   228.695007       -0.363146842    
   228.809998       -0.362995505    
   228.925003       -0.362840414    
   229.039993       -0.362682879    
   229.154999       -0.362524062    
   229.270004       -0.362365276    
   229.384995       -0.362207800    
   229.500000       -0.362052828    
   229.615005       -0.361901700    
   229.729996       -0.361755610    
   229.845001       -0.361615717    
   229.960007       -0.361483395    
   230.074997       -0.361359686    
   230.190002       -0.361245751    
   230.304993       -0.361142874    
   230.419998       -0.361052006    
   230.535004       -0.360974431    
   230.649994       -0.360911071    
   230.764999       -0.360862941    
   230.880005       -0.360831141    
   230.994995       -0.360816538    
   231.110001       -0.360820025    
   231.225006       -0.360842496    
   231.339996       -0.360884815    
   231.455002       -0.360947669    
   231.570007       -0.361031801    
   231.684998       -0.361137927    
   231.800003       -0.361266583    
   231.914993       -0.361418426    
   232.029999       -0.361593932    
   232.145004       -0.361793607    
   232.259995       -0.362017810    
   232.375000       -0.362266928    
   232.490005       -0.362541318    
   232.604996       -0.362841189    
   232.720001       -0.363166720    
   232.835007       -0.363518119    
   232.949997       -0.363895476    
   233.065002       -0.364298731    
   233.179993       -0.364727944    
   233.294998       -0.365182996    
   233.410004       -0.365663707    
   233.524994       -0.366169840    
   233.639999       -0.366701156    
   233.755005       -0.367257237    
   233.869995       -0.367837757    
   233.985001       -0.368442178    
   234.100006       -0.369069934    
   234.214996       -0.369720429    
   234.330002       -0.370393068    
   234.445007       -0.371087074    
   234.559998       -0.371801794    
   234.675003       -0.372536272    
   234.789993       -0.373289704    
   234.904999       -0.374061257    
   235.020004       -0.374849975    
   235.134995       -0.375654817    
   235.250000       -0.376474798    
   235.365005       -0.377308935    
   235.479996       -0.378156185    
   235.595001       -0.379015386    
   235.710007       -0.379885495    
   235.824997       -0.380765319    
   235.940002       -0.381653726    
   236.054993       -0.382549644    
   236.169998       -0.383451790    
   236.285004       -0.384359121    
   236.399994       -0.385270357    
   236.514999       -0.386184394    
   236.630005       -0.387100101    
   236.744995       -0.388016284    
   236.860001       -0.388931900    
   236.975006       -0.389845699    
   237.089996       -0.390756696    
   237.205002       -0.391663700    
   237.320007       -0.392565608    
   237.434998       -0.393461317    
   237.550003       -0.394349694    
   237.664993       -0.395229667    
   237.779999       -0.396100134    
   237.895004       -0.396959871    
   238.009995       -0.397807777    
   238.125000       -0.398642689    
   238.240005       -0.399463356    
   238.354996       -0.400268674    
   238.470001       -0.401057452    
   238.585007       -0.401828408    
   238.699997       -0.402580380    
   238.815002       -0.403312176    
   238.929993       -0.404022604    
   239.044998       -0.404710442    
   239.160004       -0.405374557    
   239.274994       -0.406013757    
   239.389999       -0.406627029    
   239.505005       -0.407213211    
   239.619995       -0.407771230    
   239.735001       -0.408300221    
   239.850006       -0.408799142    
   239.964996       -0.409267157    
   240.080002       -0.409703553    
   240.195007       -0.410107553    
   240.309998       -0.410478592    
   240.425003       -0.410816252    
   240.539993       -0.411120087    
   240.654999       -0.411389887    
   240.770004       -0.411625594    
   240.884995       -0.411827177    
   241.000000       -0.411994904    
   241.115005       -0.412129134    
   241.229996       -0.412230372    
   241.345001       -0.412299216    
   241.460007       -0.412336558    
   241.574997       -0.412343293    
   241.690002       -0.412320554    
   241.804993       -0.412269533    
   241.919998       -0.412191570    
   242.035004       -0.412088186    
   242.149994       -0.411960959    
   242.264999       -0.411811441    
   242.380005       -0.411641389    
   242.494995       -0.411452502    
   242.610001       -0.411246717    
   242.725006       -0.411025763    
   242.839996       -0.410791457    
   242.955002       -0.410545588    
   243.070007       -0.410290062    
   243.184998       -0.410026401    
   243.300003       -0.409756392    
   243.414993       -0.409481615    
   243.529999       -0.409203470    
   243.645004       -0.408923388    
   243.759995       -0.408642560    
   243.875000       -0.408362061    
   243.990005       -0.408082813    
   244.104996       -0.407805622    
   244.220001       -0.407530993    
   244.335007       -0.407259405    
   244.449997       -0.406991035    
   244.565002       -0.406725973    
   244.679993       -0.406464040    
   244.794998       -0.406204998    
   244.910004       -0.405948400    
   245.024994       -0.405693650    
   245.139999       -0.405439973    
   245.255005       -0.405186653    
   245.369995       -0.404932678    
   245.485001       -0.404677063    
