  -18.8999996         0.00000000    
  -18.7849998         0.00000000    
  -18.6700001         0.00000000    
  -18.5550003         0.00000000    
  -18.4400005         0.00000000    
  -18.3250008         0.00000000    
  -18.2099991         0.00000000    
  -18.0949993         0.00000000    
  -17.9799995         0.00000000    
  -17.8649998         0.00000000    
  -17.7500000         0.00000000    
  -17.6350002         0.00000000    
  -17.5200005         2.71165627E-33
  -17.4050007         1.20709399E-32
  -17.2900009         2.24761117E-32
  -17.1749992         3.95268850E-32
  -17.0599995         1.51775834E-32
  -16.9449997        -1.41467407E-31
  -16.8299999        -5.50368148E-31
  -16.7150002        -1.37509884E-30
  -16.6000004        -2.97225082E-30
  -16.4850006        -5.43295922E-30
  -16.3700008        -8.32817473E-30
  -16.2549992        -9.69556768E-30
  -16.1399994        -5.08947338E-30
  -16.0249996         1.47233507E-29
  -15.9099998         6.35536178E-29
  -15.7950001         1.58827145E-28
  -15.6800003         3.17107856E-28
  -15.5649996         5.43826668E-28
  -15.4499998         8.17796462E-28
  -15.3350000         1.07027095E-27
  -15.2200003         1.16444950E-27
  -15.1049995         8.83911711E-28
  -14.9899998        -5.55753025E-29
  -14.8750000        -1.95420972E-27
  -14.7600002        -5.02128840E-27
  -14.6450005        -9.20835332E-27
  -14.5299997        -1.39960904E-26
  -14.4150000        -1.81777835E-26
  -14.3000002        -1.97168588E-26
  -14.1850004        -1.57875288E-26
  -14.0699997        -3.12412665E-27
  -13.9549999         2.12122987E-26
  -13.8400002         5.86045383E-26
  -13.7250004         1.07262342E-25
  -13.6099997         1.60466757E-25
  -13.4949999         2.05127834E-25
  -13.3800001         2.21296956E-25
  -13.2650003         1.83384473E-25
  -13.1499996         6.37830773E-26
  -13.0349998        -1.60677876E-25
  -12.9200001        -4.99574962E-25
  -12.8050003        -9.37975239E-25
  -12.6899996        -1.42569855E-24
  -12.5749998        -1.86968160E-24
  -12.4600000        -2.13309034E-24
  -12.3450003        -2.04496728E-24
  -12.2299995        -1.42341993E-24
  -12.1149998        -1.13463811E-25
  -12.0000000         1.96245184E-24
  -11.8850002         4.74725291E-24
  -11.7700005         7.99580499E-24
  -11.6549997         1.12395592E-23
  -11.5400000         1.37857182E-23
  -11.4250002         1.47666068E-23
  -11.3100004         1.32498955E-23
  -11.1949997         8.41079395E-24
  -11.0799999        -2.46651019E-25
  -10.9650002        -1.26489176E-23
  -10.8500004        -2.79395379E-23
  -10.7349997        -4.43524233E-23
  -10.6199999        -5.92355969E-23
  -10.5050001        -6.92801502E-23
  -10.3900003        -7.09830990E-23
  -10.2749996        -6.13298649E-23
  -10.1599998        -3.86243212E-23
  -10.0450001        -3.33014910E-24
  -9.93000031         4.12712777E-23
  -9.81499958         8.88367252E-23
  -9.69999981         1.30357207E-22
  -9.58500004         1.55361233E-22
  -9.47000027         1.53967536E-22
  -9.35499954         1.19643429E-22
  -9.23999977         5.22948200E-23
  -9.12500000        -3.89251202E-23
  -9.01000023        -1.33897552E-22
  -8.89500046        -2.01808580E-22
  -8.77999973        -2.04229878E-22
  -8.66499996        -1.01531851E-22
  -8.55000019         1.37388823E-22
  -8.43500042         5.22842013E-22
  -8.31999969         1.03120948E-21
  -8.20499992         1.59351993E-21
  -8.09000015         2.08900647E-21
  -7.97499990         2.34723747E-21
  -7.86000013         2.16205585E-21
  -7.74499989         1.31944910E-21
  -7.63000011        -3.60535737E-22
  -7.51499987        -2.97048919E-21
  -7.40000010        -6.45688624E-21
  -7.28499985        -1.05651854E-20
  -7.17000008        -1.48008429E-20
  -7.05499983        -1.84197823E-20
  -6.94000006        -2.04613400E-20
  -6.82499981        -1.98335680E-20
  -6.71000004        -1.54548180E-20
  -6.59499979        -6.44681103E-21
  -6.48000002         7.63638924E-21
  -6.36499977         2.65704323E-20
  -6.25000000         4.92513676E-20
  -6.13500023         7.35597695E-20
  -6.01999998         9.63452544E-20
  -5.90500021         1.13573023E-19
  -5.78999996         1.20660448E-19
  -5.67500019         1.13009053E-19
  -5.55999994         8.67080122E-20
  -5.44500017         3.93498994E-20
  -5.32999992        -2.91348812E-20
  -5.21500015        -1.15748624E-19
  -5.09999990        -2.13944604E-19
  -4.98500013        -3.13537254E-19
  -4.86999989        -4.01129063E-19
  -4.75500011        -4.61134580E-19
  -4.63999987        -4.77414011E-19
  -4.52500010        -4.35442195E-19
  -4.40999985        -3.24838660E-19
  -4.29500008        -1.41988732E-19
  -4.17999983         1.07600675E-19
  -4.06500006         4.07616899E-19
  -3.95000005         7.30343716E-19
  -3.83500004         1.03751486E-18
  -3.72000003         1.28286924E-18
  -3.60500002         1.41648631E-18
  -3.49000001         1.39074776E-18
  -3.37500000         1.16752025E-18
  -3.25999999         7.25883196E-19
  -3.14499998         6.94995794E-20
  -3.02999997        -7.67442611E-19
  -2.91499996        -1.71684666E-18
  -2.79999995        -2.67693989E-18
  -2.68499994        -3.51695318E-18
  -2.56999993        -4.08669740E-18
  -2.45499992        -4.23097258E-18
  -2.33999991        -3.80811951E-18
  -2.22499990        -2.71136425E-18
  -2.10999990        -8.90974022E-19
  -1.99500000         1.62528159E-18
  -1.88000000         4.71619797E-18
  -1.76499999         8.15861059E-18
  -1.64999998         1.16288889E-17
  -1.53499997         1.47164331E-17
  -1.41999996         1.69501550E-17
  -1.30499995         1.78376933E-17
  -1.19000006         1.69155871E-17
  -1.07500005         1.38070879E-17
 -0.959999979         8.28286305E-18
 -0.845000029         3.18599418E-19
 -0.730000019        -9.85726403E-18
 -0.615000010        -2.17325741E-17
 -0.500000000        -3.45037051E-17
 -0.384999990        -4.70961204E-17
 -0.270000011        -5.82164024E-17
 -0.155000001        -6.64362814E-17
  -3.99999991E-02    -7.03059713E-17
   7.50000030E-02    -6.84910246E-17
  0.189999998        -5.99235775E-17
  0.305000007        -4.39559972E-17
  0.419999987        -2.05032365E-17
  0.535000026         9.84114063E-18
  0.649999976         4.57297570E-17
  0.764999986         8.50399440E-17
  0.879999995         1.24915681E-16
  0.995000005         1.61878544E-16
   1.11000001         1.92007559E-16
   1.22500002         2.11182228E-16
   1.34000003         2.15376987E-16
   1.45500004         2.00988848E-16
   1.57000005         1.65177248E-16
   1.68499994         1.06189437E-16
   1.79999995         2.36458727E-17
   1.91499996        -8.12409284E-17
   2.02999997        -2.05536528E-16
   2.14499998        -3.44560827E-16
   2.25999999        -4.91981300E-16
   2.37500000        -6.40025242E-16
   2.49000001        -7.79804366E-16
   2.60500002        -9.01735288E-16
   2.72000003        -9.96033348E-16
   2.83500004        -1.05324841E-15
   2.95000005        -1.06480872E-15
   3.06500006        -1.02353661E-15
   3.18000007        -9.24101299E-16
   3.29500008        -7.63376903E-16
   3.41000009        -5.40682888E-16
   3.52500010        -2.57889028E-16
   3.64000010         8.06199276E-17
   3.75500011         4.68116835E-16
   3.86999989         8.95827445E-16
   3.98499990         1.35332635E-15
   4.09999990         1.82900523E-15
   4.21500015         2.31057840E-15
   4.32999992         2.78559490E-15
   4.44500017         3.24191993E-15
   4.55999994         3.66815749E-15
   4.67500019         4.05399413E-15
   4.78999996         4.39044366E-15
   4.90500021         4.66998444E-15
   5.01999998         4.88659575E-15
   5.13500023         5.03569007E-15
   5.25000000         5.11396438E-15
   5.36499977         5.11917660E-15
   5.48000002         5.04987491E-15
   5.59499979         4.90509919E-15
   5.71000004         4.68406552E-15
   5.82499981         4.38586841E-15
   5.94000006         4.00919752E-15
   6.05499983         3.55209894E-15
   6.17000008         3.01178594E-15
   6.28499985         2.38451570E-15
   6.40000010         1.66554100E-15
   6.51499987         8.49151271E-16
   6.63000011        -7.11830806E-17
   6.74499989        -1.10255727E-15
   6.86000013        -2.25225341E-15
   6.97499990        -3.52722625E-15
   7.09000015        -4.93346124E-15
   7.20499992        -6.47520435E-15
   7.32000017        -8.15407109E-15
   7.43499994        -9.96806838E-15
   7.55000019        -1.19105597E-14
   7.66499996        -1.39692055E-14
   7.78000021        -1.61249476E-14
   7.89499998        -1.83510840E-14
   8.01000023        -2.06124943E-14
   8.12500000        -2.28650378E-14
   8.23999977        -2.50552244E-14
   8.35499954        -2.71201705E-14
   8.47000027        -2.89878120E-14
   8.58500004        -3.05774422E-14
   8.69999981        -3.18004968E-14
   8.81499958        -3.25616202E-14
   8.93000031        -3.27598666E-14
   9.04500008        -3.22900852E-14
   9.15999985        -3.10443233E-14
   9.27499962        -2.89132867E-14
   9.39000034        -2.57877453E-14
   9.50500011        -2.15598633E-14
   9.61999989        -1.61244749E-14
   9.73499966        -9.38027749E-15
   9.85000038        -1.23097911E-15
   9.96500015         8.41349864E-15
   10.0799999         1.96358416E-14
   10.1949997         3.25099377E-14
   10.3100004         4.70993551E-14
   10.4250002         6.34555478E-14
   10.5400000         8.16158800E-14
   10.6549997         1.01601446E-13
   10.7700005         1.23414666E-13
   10.8850002         1.47036842E-13
   11.0000000         1.72425971E-13
   11.1149998         1.99514640E-13
   11.2299995         2.28208430E-13
   11.3450003         2.58385300E-13
   11.4600000         2.89895305E-13
   11.5749998         3.22562316E-13
   11.6899996         3.56185865E-13
   11.8050003         3.90545669E-13
   11.9200001         4.25406536E-13
   12.0349998         4.60525335E-13
   12.1499996         4.95658744E-13
   12.2650003         5.30572548E-13
   12.3800001         5.65051207E-13
   12.4949999         5.98907967E-13
   12.6099997         6.31994945E-13
   12.7250004         6.64212663E-13
   12.8400002         6.95518458E-13
   12.9549999         7.25933148E-13
   13.0699997         7.55545745E-13
   13.1850004         7.84516386E-13
   13.3000002         8.13075302E-13
   13.4150000         8.41519779E-13
   13.5299997         8.70207823E-13
   13.6450005         8.99548556E-13
   13.7600002         9.29990026E-13
   13.8750000         9.62004890E-13
   13.9899998         9.96073775E-13
   14.1049995         1.03266787E-12
   14.2200003         1.07222976E-12
   14.3350000         1.11515571E-12
   14.4499998         1.16177857E-12
   14.5649996         1.21235270E-12
   14.6800003         1.26704116E-12
   14.7950001         1.32590705E-12
   14.9099998         1.38890733E-12
   15.0249996         1.45589324E-12
   15.1400003         1.52661477E-12
   15.2550001         1.60072910E-12
   15.3699999         1.67781349E-12
   15.4849997         1.75738612E-12
   15.6000004         1.83892485E-12
   15.7150002         1.92189472E-12
   15.8299999         2.00577250E-12
   15.9449997         2.09007551E-12
   16.0599995         2.17438892E-12
   16.1749992         2.25839139E-12
   16.2900009         2.34187908E-12
   16.4050007         2.42478368E-12
   16.5200005         2.50718738E-12
   16.6350002         2.58933131E-12
   16.7500000         2.67161879E-12
   16.8649998         2.75461099E-12
   16.9799995         2.83901548E-12
   17.0949993         2.92566947E-12
   17.2099991         3.01551579E-12
   17.3250008         3.10957640E-12
   17.4400005         3.20891772E-12
   17.5550003         3.31461659E-12
   17.6700001         3.42772252E-12
   17.7849998         3.54922060E-12
   17.8999996         3.67999468E-12
   18.0149994         3.82079481E-12
   18.1299992         3.97220928E-12
   18.2450008         4.13463491E-12
   18.3600006         4.30826295E-12
   18.4750004         4.49306564E-12
   18.5900002         4.68879102E-12
   18.7049999         4.89496594E-12
   18.8199997         5.11090475E-12
   18.9349995         5.33572448E-12
   19.0499992         5.56837389E-12
   19.1650009         5.80765167E-12
   19.2800007         6.05224768E-12
   19.3950005         6.30077024E-12
   19.5100002         6.55178819E-12
   19.6250000         6.80386867E-12
   19.7399998         7.05561000E-12
   19.8549995         7.30567863E-12
   19.9699993         7.55283336E-12
   20.0849991         7.79595746E-12
   20.2000008         8.03407427E-12
   20.3150005         8.26635808E-12
   20.4300003         8.49214362E-12
   20.5450001         8.71091740E-12
   20.6599998         8.92230994E-12
   20.7749996         9.12608444E-12
   20.8899994         9.32210559E-12
   21.0049992         9.51031441E-12
   21.1200008         9.69069529E-12
   21.2350006         9.86324130E-12
   21.3500004         1.00279125E-11
   21.4650002         1.01846014E-11
   21.5799999         1.03330938E-11
   21.6949997         1.04730365E-11
   21.8099995         1.06039040E-11
   21.9249992         1.07249782E-11
   22.0400009         1.08353248E-11
   22.1550007         1.09337895E-11
   22.2700005         1.10189852E-11
   22.3850002         1.10893031E-11
   22.5000000         1.11429217E-11
   22.6149998         1.11778286E-11
   22.7299995         1.11918452E-11
   22.8449993         1.11826676E-11
   22.9599991         1.11479020E-11
   23.0750008         1.10851129E-11
   23.1900005         1.09918758E-11
   23.3050003         1.08658213E-11
   23.4200001         1.07046941E-11
   23.5349998         1.05064065E-11
   23.6499996         1.02690877E-11
   23.7649994         9.99113119E-12
   23.8799992         9.67123343E-12
   23.9950008         9.30843510E-12
   24.1100006         8.90213771E-12
   24.2250004         8.45212875E-12
   24.3400002         7.95858605E-12
   24.4549999         7.42206990E-12
   24.5699997         6.84351013E-12
   24.6849995         6.22417135E-12
   24.7999992         5.56561741E-12
   24.9150009         4.86966674E-12
   25.0300007         4.13831859E-12
   25.1450005         3.37370127E-12
   25.2600002         2.57799966E-12
   25.3750000         1.75337978E-12
   25.4899998         9.01922254E-13
   25.6049995         2.55540099E-14
   25.7199993        -8.74013047E-13
   25.8349991        -1.79532994E-12
   25.9500008        -2.73724056E-12
   26.0650005        -3.69890837E-12
   26.1800003        -4.67982901E-12
   26.2950001        -5.67979604E-12
   26.4099998        -6.69888190E-12
   26.5249996        -7.73738712E-12
   26.6399994        -8.79577400E-12
   26.7549992        -9.87457251E-12
   26.8700008        -1.09742944E-11
   26.9850006        -1.20953273E-11
   27.1000004        -1.32378232E-11
   27.2150002        -1.44015772E-11
   27.3299999        -1.55859076E-11
   27.4449997        -1.67895836E-11
   27.5599995        -1.80107179E-11
   27.6749992        -1.92466893E-11
   27.7900009        -2.04940648E-11
   27.9050007        -2.17485873E-11
   28.0200005        -2.30051794E-11
   28.1350002        -2.42579255E-11
   28.2500000        -2.55001263E-11
   28.3649998        -2.67243675E-11
   28.4799995        -2.79225879E-11
   28.5949993        -2.90862213E-11
   28.7099991        -3.02062646E-11
   28.8250008        -3.12734665E-11
   28.9400005        -3.22784230E-11
   29.0550003        -3.32117840E-11
   29.1700001        -3.40643000E-11
   29.2849998        -3.48270406E-11
   29.3999996        -3.54914639E-11
   29.5149994        -3.60495453E-11
   29.6299992        -3.64937906E-11
   29.7450008        -3.68173998E-11
   29.8600006        -3.70142077E-11
   29.9750004        -3.70787602E-11
   30.0900002        -3.70062626E-11
   30.2049999        -3.67925551E-11
   30.3199997        -3.64340641E-11
   30.4349995        -3.59277330E-11
   30.5499992        -3.52709702E-11
   30.6650009        -3.44614684E-11
   30.7800007        -3.34972571E-11
   30.8950005        -3.23765494E-11
   31.0100002        -3.10976869E-11
   31.1250000        -2.96591085E-11
   31.2399998        -2.80592563E-11
   31.3549995        -2.62966281E-11
   31.4699993        -2.43697094E-11
   31.5849991        -2.22770621E-11
   31.7000008        -2.00173073E-11
   31.8150005        -1.75892460E-11
   31.9300003        -1.49918186E-11
   32.0449982        -1.22243110E-11
   32.1599998        -9.28636421E-12
   32.2750015        -6.17803335E-12
   32.3899994        -2.89991317E-12
   32.5050011         5.46740821E-13
   32.6199989         4.16006856E-12
   32.7350006         7.93745451E-12
   32.8499985         1.18756151E-11
   32.9650002         1.59704854E-11
   33.0800018         2.02173122E-11
   33.1949997         2.46106989E-11
   33.3100014         2.91445791E-11
   33.4249992         3.38123037E-11
   33.5400009         3.86067393E-11
   33.6549988         4.35203436E-11
   33.7700005         4.85451020E-11
   33.8849983         5.36727676E-11
   34.0000000         5.88946877E-11
   34.1150017         6.42020326E-11
   34.2299995         6.95856914E-11
   34.3450012         7.50362827E-11
   34.4599991         8.05441824E-11
   34.5750008         8.60993082E-11
   34.6899986         9.16912241E-11
   34.8050003         9.73088068E-11
   34.9199982         1.02940427E-10
   35.0349998         1.08573622E-10
   35.1500015         1.14195028E-10
   35.2649994         1.19790414E-10
   35.3800011         1.25344471E-10
   35.4949989         1.30840852E-10
   35.6100006         1.36262238E-10
   35.7249985         1.41590281E-10
   35.8400002         1.46805790E-10
   35.9550018         1.51888752E-10
   36.0699997         1.56818711E-10
   36.1850014         1.61574656E-10
   36.2999992         1.66135578E-10
   36.4150009         1.70480532E-10
   36.5299988         1.74588941E-10
   36.6450005         1.78441026E-10
   36.7599983         1.82017915E-10
   36.8750000         1.85301996E-10
   36.9900017         1.88277074E-10
   37.1049995         1.90928606E-10
   37.2200012         1.93243907E-10
   37.3349991         1.95212096E-10
   37.4500008         1.96824196E-10
   37.5649986         1.98073058E-10
   37.6800003         1.98953326E-10
   37.7949982         1.99461211E-10
   37.9099998         1.99594480E-10
   38.0250015         1.99351993E-10
   38.1399994         1.98733557E-10
   38.2550011         1.97739589E-10
   38.3699989         1.96370864E-10
   38.4850006         1.94628369E-10
   38.5999985         1.92512867E-10
   38.7150002         1.90024621E-10
   38.8300018         1.87163410E-10
   38.9449997         1.83928400E-10
   39.0600014         1.80317788E-10
   39.1749992         1.76329132E-10
   39.2900009         1.71959155E-10
   39.4049988         1.67204112E-10
   39.5200005         1.62059616E-10
   39.6349983         1.56521074E-10
   39.7500000         1.50583920E-10
   39.8650017         1.44243964E-10
   39.9799995         1.37497805E-10
   40.0950012         1.30342945E-10
   40.2099991         1.22778482E-10
   40.3250008         1.14805082E-10
   40.4399986         1.06425709E-10
   40.5550003         9.76456763E-11
   40.6699982         8.84732149E-11
   40.7849998         7.89196070E-11
   40.9000015         6.89993201E-11
   41.0149994         5.87303539E-11
   41.1300011         4.81343854E-11
   41.2449989         3.72368386E-11
   41.3600006         2.60669559E-11
   41.4749985         1.46577334E-11
   41.5900002         3.04592441E-12
   41.7050018        -8.72814841E-12
   41.8199997        -2.06206753E-11
   41.9350014        -3.25845496E-11
   42.0499992        -4.45697368E-11
   42.1650009        -5.65235601E-11
   42.2799988        -6.83908555E-11
   42.3950005        -8.01145747E-11
   42.5099983        -9.16364831E-11
   42.6250000        -1.02897094E-10
   42.7400017        -1.13836829E-10
   42.8549995        -1.24396160E-10
   42.9700012        -1.34516481E-10
   43.0849991        -1.44140741E-10
   43.2000008        -1.53213969E-10
   43.3149986        -1.61684013E-10
   43.4300003        -1.69502204E-10
   43.5449982        -1.76623743E-10
   43.6599998        -1.83008636E-10
   43.7750015        -1.88621549E-10
   43.8899994        -1.93432687E-10
   44.0050011        -1.97417804E-10
   44.1199989        -2.00558112E-10
   44.2350006        -2.02840550E-10
   44.3499985        -2.04257625E-10
   44.4650002        -2.04806810E-10
   44.5800018        -2.04490258E-10
   44.6949997        -2.03314005E-10
   44.8100014        -2.01287570E-10
   44.9249992        -1.98422709E-10
   45.0400009        -1.94733174E-10
   45.1549988        -1.90233038E-10
   45.2700005        -1.84936497E-10
   45.3849983        -1.78856610E-10
   45.5000000        -1.72004744E-10
   45.6150017        -1.64389807E-10
   45.7299995        -1.56017865E-10
   45.8450012        -1.46891915E-10
   45.9599991        -1.37011846E-10
   46.0750008        -1.26374133E-10
   46.1899986        -1.14972656E-10
   46.3050003        -1.02799096E-10
   46.4199982        -8.98439170E-11
   46.5349998        -7.60968927E-11
   46.6500015        -6.15486481E-11
   46.7649994        -4.61918663E-11
   46.8800011        -3.00220578E-11
   46.9949989        -1.30393387E-11
   47.1100006         4.75022278E-12
   47.2249985         2.33341020E-11
   47.3400002         4.26914303E-11
   47.4550018         6.27932151E-11
   47.5699997         8.36008346E-11
   47.6850014         1.05066282E-10
   47.7999992         1.27131652E-10
   47.9150009         1.49729881E-10
   48.0299988         1.72784190E-10
   48.1450005         1.96210423E-10
   48.2599983         2.19916169E-10
   48.3750000         2.43803311E-10
   48.4900017         2.67768946E-10
   48.6049995         2.91706215E-10
   48.7200012         3.15506593E-10
   48.8349991         3.39060308E-10
   48.9500008         3.62259417E-10
   49.0649986         3.84997617E-10
   49.1800003         4.07171408E-10
   49.2949982         4.28681618E-10
   49.4099998         4.49433935E-10
   49.5250015         4.69339234E-10
   49.6399994         4.88314056E-10
   49.7550011         5.06279796E-10
   49.8699989         5.23163790E-10
   49.9850006         5.38897815E-10
   50.0999985         5.53418533E-10
   50.2150002         5.66665381E-10
   50.3300018         5.78581072E-10
   50.4449997         5.89110372E-10
   50.5600014         5.98198269E-10
   50.6749992         6.05790085E-10
   50.7900009         6.11830919E-10
   50.9049988         6.16264095E-10
   51.0200005         6.19031548E-10
   51.1349983         6.20073604E-10
   51.2500000         6.19328033E-10
   51.3650017         6.16729667E-10
   51.4799995         6.12212281E-10
   51.5950012         6.05706818E-10
   51.7099991         5.97144056E-10
   51.8250008         5.86452775E-10
   51.9399986         5.73561698E-10
   52.0550003         5.58400048E-10
   52.1699982         5.40897716E-10
   52.2849998         5.20986698E-10
   52.4000015         4.98600383E-10
   52.5149994         4.73675710E-10
   52.6300011         4.46152754E-10
   52.7449989         4.15975532E-10
   52.8600006         3.83092558E-10
   52.9749985         3.47456869E-10
   53.0900002         3.09027109E-10
   53.2050018         2.67767225E-10
   53.3199997         2.23647836E-10
   53.4350014         1.76646170E-10
   53.5499992         1.26747154E-10
   53.6650009         7.39432127E-11
   53.7799988         1.82365633E-11
   53.8950005        -4.03626403E-11
   54.0099983        -1.01832841E-10
   54.1250000        -1.66141836E-10
   54.2400017        -2.33245312E-10
   54.3549995        -3.03086778E-10
   54.4700012        -3.75596915E-10
   54.5849991        -4.50692761E-10
   54.7000008        -5.28278032E-10
   54.8149986        -6.08241735E-10
   54.9300003        -6.90459578E-10
   55.0449982        -7.74793840E-10
   55.1599998        -8.61094085E-10
   55.2750015        -9.49199053E-10
   55.3899994        -1.03893771E-09
   55.5050011        -1.13013021E-09
   55.6199989        -1.22259192E-09
   55.7350006        -1.31613409E-09
   55.8499985        -1.41056689E-09
   55.9650002        -1.50570145E-09
   56.0800018        -1.60135205E-09
   56.1949997        -1.69734060E-09
   56.3100014        -1.79349458E-09
   56.4249992        -1.88965354E-09
   56.5400009        -1.98566807E-09
   56.6549988        -2.08140238E-09
   56.7700005        -2.17673435E-09
   56.8849983        -2.27155694E-09
   57.0000000        -2.36577513E-09
   57.1150017        -2.45931009E-09
   57.2299995        -2.55209498E-09
   57.3450012        -2.64407207E-09
   57.4599991        -2.73519518E-09
   57.5750008        -2.82542367E-09
   57.6899986        -2.91472113E-09
   57.8050003        -3.00305292E-09
   57.9199982        -3.09038461E-09
   58.0349998        -3.17667892E-09
   58.1500015        -3.26189187E-09
   58.2649994        -3.34597217E-09
   58.3800011        -3.42886031E-09
   58.4949989        -3.51048457E-09
   58.6100006        -3.59076213E-09
   58.7249985        -3.66959818E-09
   58.8400002        -3.74688547E-09
   58.9550018        -3.82250365E-09
   59.0699997        -3.89632149E-09
   59.1850014        -3.96819777E-09
   59.2999992        -4.03798284E-09
   59.4150009        -4.10551859E-09
   59.5299988        -4.17064427E-09
   59.6450005        -4.23319380E-09
   59.7599983        -4.29300329E-09
   59.8750000        -4.34990755E-09
   59.9900017        -4.40374670E-09
   60.1049995        -4.45436310E-09
   60.2200012        -4.50160798E-09
   60.3349991        -4.54533744E-09
   60.4500008        -4.58541560E-09
   60.5649986        -4.62171679E-09
   60.6800003        -4.65412464E-09
   60.7949982        -4.68253036E-09
   60.9099998        -4.70683625E-09
   61.0250015        -4.72695172E-09
   61.1399994        -4.74279105E-09
   61.2550011        -4.75427919E-09
   61.3699989        -4.76134376E-09
   61.4850006        -4.76391593E-09
   61.5999985        -4.76193174E-09
   61.7150002        -4.75532858E-09
   61.8300018        -4.74404382E-09
   61.9449997        -4.72801176E-09
   62.0600014        -4.70716444E-09
   62.1749992        -4.68142991E-09
   62.2900009        -4.65073224E-09
   62.4049988        -4.61498528E-09
   62.5200005        -4.57409977E-09
   62.6349983        -4.52797178E-09
   62.7500000        -4.47648896E-09
   62.8650017        -4.41953141E-09
   62.9799995        -4.35696013E-09
   63.0950012        -4.28862412E-09
   63.2099991        -4.21435820E-09
   63.3250008        -4.13398293E-09
   63.4399986        -4.04730072E-09
   63.5550003        -3.95409616E-09
   63.6699982        -3.85414145E-09
   63.7849998        -3.74718834E-09
   63.9000015        -3.63297770E-09
   64.0149994        -3.51124019E-09
   64.1299973        -3.38168737E-09
   64.2450027        -3.24402571E-09
   64.3600006        -3.09795234E-09
   64.4749985        -2.94316083E-09
   64.5899963        -2.77934475E-09
   64.7050018        -2.60619593E-09
   64.8199997        -2.42340903E-09
   64.9349976        -2.23069363E-09
   65.0500031        -2.02776596E-09
   65.1650009        -1.81435689E-09
   65.2799988        -1.59021585E-09
   65.3949966        -1.35511091E-09
   65.5100021        -1.10883291E-09
   65.6250000        -8.51193727E-10
   65.7399979        -5.82026372E-10
   65.8550034        -3.01191211E-10
   65.9700012        -8.56388224E-12
   66.0849991         2.95953761E-10
   66.1999969         6.12451312E-10
   66.3150024         9.41000278E-10
   66.4300003         1.28165922E-09
   66.5449982         1.63448088E-09
   66.6600037         1.99950745E-09
   66.7750015         2.37678632E-09
   66.8899994         2.76636869E-09
   67.0049973         3.16830207E-09
   67.1200027         3.58264418E-09
   67.2350006         4.00946165E-09
   67.3499985         4.44882442E-09
   67.4649963         4.90081487E-09
   67.5800018         5.36551603E-09
   67.6949997         5.84302029E-09
   67.8099976         6.33341024E-09
   67.9250031         6.83676937E-09
   68.0400009         7.35316252E-09
   68.1549988         7.88264742E-09
   68.2699966         8.42525338E-09
   68.3850021         8.98098218E-09
   68.5000000         9.54979384E-09
   68.6149979         1.01316084E-08
   68.7300034         1.07263007E-08
   68.8450012         1.13336753E-08
   68.9599991         1.19534818E-08
   69.0749969         1.25854083E-08
   69.1900024         1.32290676E-08
   69.3050003         1.38840033E-08
   69.4199982         1.45496895E-08
   69.5350037         1.52255240E-08
   69.6500015         1.59108442E-08
   69.7649994         1.66049166E-08
   69.8799973         1.73069470E-08
   69.9950027         1.80160864E-08
   70.1100006         1.87314324E-08
   70.2249985         1.94520329E-08
   70.3399963         2.01768984E-08
   70.4550018         2.09050128E-08
   70.5699997         2.16353246E-08
   70.6849976         2.23667644E-08
   70.8000031         2.30982504E-08
   70.9150009         2.38286901E-08
   71.0299988         2.45569858E-08
   71.1449966         2.52820378E-08
   71.2600021         2.60027484E-08
   71.3750000         2.67180305E-08
   71.4899979         2.74268004E-08
   71.6050034         2.81279799E-08
   71.7200012         2.88205015E-08
   71.8349991         2.95033082E-08
   71.9499969         3.01753431E-08
   72.0650024         3.08355581E-08
   72.1800003         3.14829016E-08
   72.2949982         3.21163292E-08
   72.4100037         3.27347891E-08
   72.5250015         3.33372334E-08
   72.6399994         3.39226034E-08
   72.7549973         3.44898403E-08
   72.8700027         3.50378819E-08
   72.9850006         3.55656589E-08
   73.0999985         3.60720911E-08
   73.2149963         3.65560950E-08
   73.3300018         3.70165836E-08
   73.4449997         3.74524518E-08
   73.5599976         3.78625877E-08
   73.6750031         3.82458794E-08
   73.7900009         3.86011969E-08
   73.9049988         3.89274071E-08
   74.0199966         3.92233694E-08
   74.1350021         3.94879400E-08
   74.2500000         3.97199678E-08
   74.3649979         3.99183016E-08
   74.4800034         4.00818010E-08
   74.5950012         4.02093221E-08
   74.7099991         4.02997244E-08
   74.8249969         4.03518818E-08
   74.9400024         4.03646823E-08
   75.0550003         4.03370244E-08
   75.1699982         4.02678424E-08
   75.2850037         4.01560847E-08
   75.4000015         4.00007352E-08
   75.5149994         3.98008133E-08
   75.6299973         3.95553919E-08
   75.7450027         3.92635826E-08
   75.8600006         3.89245507E-08
   75.9749985         3.85375287E-08
   76.0899963         3.81018133E-08
   76.2050018         3.76167613E-08
   76.3199997         3.70818043E-08
   76.4349976         3.64964450E-08
   76.5500031         3.58602534E-08
   76.6650009         3.51728815E-08
   76.7799988         3.44340343E-08
   76.8949966         3.36434915E-08
   77.0100021         3.28010827E-08
   77.1250000         3.19066942E-08
   77.2399979         3.09602619E-08
   77.3550034         2.99617540E-08
   77.4700012         2.89111739E-08
   77.5849991         2.78085555E-08
   77.6999969         2.66539466E-08
   77.8150024         2.54474148E-08
   77.9300003         2.41890241E-08
   78.0449982         2.28788455E-08
   78.1600037         2.15169447E-08
   78.2750015         2.01033856E-08
   78.3899994         1.86382199E-08
   78.5049973         1.71214953E-08
   78.6200027         1.55532724E-08
   78.7350006         1.39335956E-08
   78.8499985         1.22625261E-08
   78.9649963         1.05401456E-08
   79.0800018         8.76655637E-09
   79.1949997         6.94189817E-09
   79.3099976         5.06635933E-09
   79.4250031         3.14018611E-09
   79.5400009         1.16368970E-09
   79.6549988        -8.62741989E-10
   79.7699966        -2.93864000E-09
   79.8850021        -5.06344922E-09
   80.0000000        -7.23651716E-09
   80.1149979        -9.45709733E-09
   80.2300034        -1.17243317E-08
   80.3450012        -1.40372727E-08
   80.4599991        -1.63948677E-08
   80.5749969        -1.87959674E-08
   80.6900024        -2.12393267E-08
   80.8050003        -2.37236115E-08
   80.9199982        -2.62474025E-08
   81.0350037        -2.88092288E-08
   81.1500015        -3.14075308E-08
   81.2649994        -3.40407134E-08
   81.3799973        -3.67071280E-08
   81.4950027        -3.94050623E-08
   81.6100006        -4.21328252E-08
   81.7249985        -4.48886723E-08
   81.8399963        -4.76708415E-08
   81.9550018        -5.04775670E-08
   82.0699997        -5.33070619E-08
   82.1849976        -5.61575497E-08
   82.3000031        -5.90272506E-08
   82.4150009        -6.19143563E-08
   82.5299988        -6.48170726E-08
   82.6449966        -6.77336089E-08
   82.7600021        -7.06621393E-08
   82.8750000        -7.36008516E-08
   82.9899979        -7.65478845E-08
   83.1050034        -7.95013975E-08
   83.2200012        -8.24594935E-08
   83.3349991        -8.54202540E-08
   83.4499969        -8.83817250E-08
   83.5650024        -9.13419456E-08
   83.6800003        -9.42988692E-08
   83.7949982        -9.72504495E-08
   83.9100037        -1.00194541E-07
   84.0250015        -1.03128990E-07
   84.1399994        -1.06051573E-07
   84.2549973        -1.08959995E-07
   84.3700027        -1.11851911E-07
   84.4850006        -1.14724905E-07
   84.5999985        -1.17576477E-07
   84.7149963        -1.20404053E-07
   84.8300018        -1.23205055E-07
   84.9449997        -1.25976740E-07
   85.0599976        -1.28716337E-07
   85.1750031        -1.31420990E-07
   85.2900009        -1.34087784E-07
   85.4049988        -1.36713723E-07
   85.5199966        -1.39295778E-07
   85.6350021        -1.41830853E-07
   85.7500000        -1.44315806E-07
   85.8649979        -1.46747468E-07
   85.9800034        -1.49122641E-07
   86.0950012        -1.51438115E-07
   86.2099991        -1.53690650E-07
   86.3249969        -1.55877061E-07
   86.4400024        -1.57994151E-07
   86.5550003        -1.60038766E-07
   86.6699982        -1.62007808E-07
   86.7850037        -1.63898235E-07
   86.9000015        -1.65707036E-07
   87.0149994        -1.67431338E-07
   87.1299973        -1.69068329E-07
   87.2450027        -1.70615237E-07
   87.3600006        -1.72069434E-07
   87.4749985        -1.73428333E-07
   87.5899963        -1.74689418E-07
   87.7050018        -1.75850289E-07
   87.8199997        -1.76908557E-07
   87.9349976        -1.77861921E-07
   88.0500031        -1.78708120E-07
   88.1650009        -1.79444910E-07
   88.2799988        -1.80070103E-07
   88.3949966        -1.80581480E-07
   88.5100021        -1.80976855E-07
   88.6250000        -1.81254009E-07
   88.7399979        -1.81410712E-07
   88.8550034        -1.81444733E-07
   88.9700012        -1.81353798E-07
   89.0849991        -1.81135661E-07
   89.1999969        -1.80788021E-07
   89.3150024        -1.80308646E-07
   89.4300003        -1.79695263E-07
   89.5449982        -1.78945669E-07
   89.6600037        -1.78057732E-07
   89.7750015        -1.77029364E-07
   89.8899994        -1.75858631E-07
   90.0049973        -1.74543658E-07
   90.1200027        -1.73082739E-07
   90.2350006        -1.71474383E-07
   90.3499985        -1.69717254E-07
   90.4649963        -1.67810242E-07
   90.5800018        -1.65752482E-07
   90.6949997        -1.63543319E-07
   90.8099976        -1.61182399E-07
   90.9250031        -1.58669621E-07
   91.0400009        -1.56005143E-07
   91.1549988        -1.53189433E-07
   91.2699966        -1.50223173E-07
   91.3850021        -1.47107315E-07
   91.5000000        -1.43843110E-07
   91.6149979        -1.40431965E-07
   91.7300034        -1.36875528E-07
   91.8450012        -1.33175675E-07
   91.9599991        -1.29334410E-07
   92.0749969        -1.25353893E-07
   92.1900024        -1.21236383E-07
   92.3050003        -1.16984332E-07
   92.4199982        -1.12600169E-07
   92.5350037        -1.08086482E-07
   92.6500015        -1.03445828E-07
   92.7649994        -9.86808573E-08
   92.8799973        -9.37941707E-08
   92.9950027        -8.87884397E-08
   93.1100006        -8.36662863E-08
   93.2249985        -7.84302969E-08
   93.3399963        -7.30830720E-08
   93.4550018        -6.76271341E-08
   93.5699997        -6.20649629E-08
   93.6849976        -5.63990099E-08
   93.8000031        -5.06316802E-08
   93.9150009        -4.47653647E-08
   94.0299988        -3.88023480E-08
   94.1449966        -3.27449641E-08
   94.2600021        -2.65954654E-08
   94.3750000        -2.03560973E-08
   94.4899979        -1.40290846E-08
   94.6050034        -7.61662289E-09
   94.7200012        -1.12090170E-09
   94.8349991         5.45589129E-09
   94.9499969         1.21115802E-08
   95.0650024         1.88439646E-08
   95.1800003         2.56508343E-08
   95.2949982         3.25299254E-08
   95.4100037         3.94789410E-08
   95.5250015         4.64955079E-08
   95.6399994         5.35772280E-08
   95.7549973         6.07216393E-08
   95.8700027         6.79261873E-08
   95.9850006         7.51882823E-08
   96.0999985         8.25052595E-08
   96.2149963         8.98743977E-08
   96.3300018         9.72929257E-08
   96.4449997         1.04758023E-07
   96.5599976         1.12266804E-07
   96.6750031         1.19816349E-07
   96.7900009         1.27403723E-07
   96.9049988         1.35025957E-07
   97.0199966         1.42680122E-07
   97.1350021         1.50363306E-07
   97.2500000         1.58072567E-07
   97.3649979         1.65805105E-07
   97.4800034         1.73558107E-07
   97.5950012         1.81328957E-07
   97.7099991         1.89114985E-07
   97.8249969         1.96913732E-07
   97.9400024         2.04722767E-07
   98.0550003         2.12539760E-07
   98.1699982         2.20362509E-07
   98.2850037         2.28188838E-07
   98.4000015         2.36016731E-07
   98.5149994         2.43844141E-07
   98.6299973         2.51669121E-07
   98.7450027         2.59489809E-07
   98.8600006         2.67304273E-07
   98.9749985         2.75110608E-07
   99.0899963         2.82906882E-07
   99.2050018         2.90691133E-07
   99.3199997         2.98461288E-07
   99.4349976         3.06215242E-07
   99.5500031         3.13950721E-07
   99.6650009         3.21665397E-07
   99.7799988         3.29356709E-07
   99.8949966         3.37022072E-07
   100.010002         3.44658730E-07
   100.125000         3.52263754E-07
   100.239998         3.59834161E-07
   100.355003         3.67366852E-07
   100.470001         3.74858558E-07
   100.584999         3.82306013E-07
   100.699997         3.89705804E-07
   100.815002         3.97054492E-07
   100.930000         4.04348697E-07
   101.044998         4.11584807E-07
   101.160004         4.18759385E-07
   101.275002         4.25868905E-07
   101.389999         4.32909957E-07
   101.504997         4.39879017E-07
   101.620003         4.46772674E-07
   101.735001         4.53587575E-07
   101.849998         4.60320280E-07
   101.964996         4.66967464E-07
   102.080002         4.73525802E-07
   102.195000         4.79991911E-07
   102.309998         4.86362410E-07
   102.425003         4.92633831E-07
   102.540001         4.98802819E-07
   102.654999         5.04865739E-07
   102.769997         5.10819063E-07
   102.885002         5.16658872E-07
   103.000000         5.22381470E-07
   103.114998         5.27982650E-07
   103.230003         5.33458206E-07
   103.345001         5.38803647E-07
   103.459999         5.44014483E-07
   103.574997         5.49085769E-07
   103.690002         5.54012388E-07
   103.805000         5.58789054E-07
   103.919998         5.63410310E-07
   104.035004         5.67870359E-07
   104.150002         5.72163287E-07
   104.264999         5.76282957E-07
   104.379997         5.80223059E-07
   104.495003         5.83977112E-07
   104.610001         5.87538352E-07
   104.724998         5.90900129E-07
   104.839996         5.94055507E-07
   104.955002         5.96997495E-07
   105.070000         5.99718931E-07
   105.184998         6.02212594E-07
   105.300003         6.04471268E-07
   105.415001         6.06487674E-07
   105.529999         6.08254652E-07
   105.644997         6.09765095E-07
   105.760002         6.11011899E-07
   105.875000         6.11988185E-07
   105.989998         6.12687018E-07
   106.105003         6.13101804E-07
   106.220001         6.13225893E-07
   106.334999         6.13052975E-07
   106.449997         6.12576855E-07
   106.565002         6.11791506E-07
   106.680000         6.10691131E-07
   106.794998         6.09270046E-07
   106.910004         6.07522907E-07
   107.025002         6.05444541E-07
   107.139999         6.03029946E-07
   107.254997         6.00274404E-07
   107.370003         5.97173369E-07
   107.485001         5.93722291E-07
   107.599998         5.89917022E-07
   107.714996         5.85753355E-07
   107.830002         5.81227312E-07
   107.945000         5.76334969E-07
   108.059998         5.71072349E-07
   108.175003         5.65435641E-07
   108.290001         5.59421210E-07
   108.404999         5.53025188E-07
   108.519997         5.46244053E-07
   108.635002         5.39074165E-07
   108.750000         5.31511944E-07
   108.864998         5.23553865E-07
   108.980003         5.15196575E-07
   109.095001         5.06436720E-07
   109.209999         4.97271230E-07
   109.324997         4.87697037E-07
   109.440002         4.77711467E-07
   109.555000         4.67311907E-07
   109.669998         4.56496139E-07
   109.785004         4.45262344E-07
   109.900002         4.33608875E-07
   110.014999         4.21534594E-07
   110.129997         4.09038734E-07
   110.245003         3.96121038E-07
   110.360001         3.82781707E-07
   110.474998         3.69021393E-07
   110.589996         3.54841404E-07
   110.705002         3.40243616E-07
   110.820000         3.25230502E-07
   110.934998         3.09804847E-07
   111.050003         2.93970317E-07
   111.165001         2.77730834E-07
   111.279999         2.61090946E-07
   111.394997         2.44055599E-07
   111.510002         2.26630092E-07
   111.625000         2.08820182E-07
   111.739998         1.90631937E-07
   111.855003         1.72071765E-07
   111.970001         1.53146473E-07
   112.084999         1.33862898E-07
   112.199997         1.14228357E-07
   112.315002         9.42503533E-08
   112.430000         7.39365262E-08
   112.544998         5.32946594E-08
   112.660004         3.23327711E-08
   112.775002         1.10588587E-08
   112.889999        -1.05189093E-08
   113.004997        -3.23923288E-08
   113.120003        -5.45530519E-08
   113.235001        -7.69926984E-08
   113.349998        -9.97027385E-08
   113.464996        -1.22674493E-07
   113.580002        -1.45899136E-07
   113.695000        -1.69367823E-07
   113.809998        -1.93071344E-07
   113.925003        -2.17000391E-07
   114.040001        -2.41145443E-07
   114.154999        -2.65496851E-07
   114.269997        -2.90044682E-07
   114.385002        -3.14778845E-07
   114.500000        -3.39689080E-07
   114.614998        -3.64764844E-07
   114.730003        -3.89995449E-07
   114.845001        -4.15369897E-07
   114.959999        -4.40877074E-07
   115.074997        -4.66505668E-07
   115.190002        -4.92244055E-07
   115.305000        -5.18080697E-07
   115.419998        -5.44003569E-07
   115.535004        -5.70000793E-07
   115.650002        -5.96060374E-07
   115.764999        -6.22169978E-07
   115.879997        -6.48317382E-07
   115.995003        -6.74490366E-07
   116.110001        -7.00676708E-07
   116.224998        -7.26864016E-07
   116.339996        -7.53040183E-07
   116.455002        -7.79192987E-07
   116.570000        -8.05310435E-07
   116.684998        -8.31380589E-07
   116.800003        -8.57391910E-07
   116.915001        -8.83332973E-07
   117.029999        -9.09192408E-07
   117.144997        -9.34959303E-07
   117.260002        -9.60622856E-07
   117.375000        -9.86172381E-07
   117.489998        -1.01159776E-06
   117.605003        -1.03688899E-06
   117.720001        -1.06203629E-06
   117.834999        -1.08703000E-06
   117.949997        -1.11186125E-06
   118.065002        -1.13652095E-06
   118.180000        -1.16100057E-06
   118.294998        -1.18529135E-06
   118.410004        -1.20938512E-06
   118.525002        -1.23327391E-06
   118.639999        -1.25694976E-06
   118.754997        -1.28040472E-06
   118.870003        -1.30363105E-06
   118.985001        -1.32662115E-06
   119.099998        -1.34936704E-06
   119.214996        -1.37186134E-06
   119.330002        -1.39409633E-06
   119.445000        -1.41606404E-06
   119.559998        -1.43775708E-06
   119.675003        -1.45916761E-06
   119.790001        -1.48028766E-06
   119.904999        -1.50110941E-06
   120.019997        -1.52162511E-06
   120.135002        -1.54182658E-06
   120.250000        -1.56170586E-06
   120.364998        -1.58125511E-06
   120.480003        -1.60046613E-06
   120.595001        -1.61933087E-06
   120.709999        -1.63784148E-06
   120.824997        -1.65598942E-06
   120.940002        -1.67376697E-06
   121.055000        -1.69116583E-06
   121.169998        -1.70817793E-06
   121.285004        -1.72479554E-06
   121.400002        -1.74101046E-06
   121.514999        -1.75681498E-06
   121.629997        -1.77220113E-06
   121.745003        -1.78716130E-06
   121.860001        -1.80168718E-06
   121.974998        -1.81577104E-06
   122.089996        -1.82940460E-06
   122.205002        -1.84257999E-06
   122.320000        -1.85528882E-06
   122.434998        -1.86752266E-06
   122.550003        -1.87927287E-06
   122.665001        -1.89053048E-06
   122.779999        -1.90128628E-06
   122.894997        -1.91153117E-06
   123.010002        -1.92125526E-06
   123.125000        -1.93044866E-06
   123.239998        -1.93910159E-06
   123.355003        -1.94720337E-06
   123.470001        -1.95474331E-06
   123.584999        -1.96171095E-06
   123.699997        -1.96809492E-06
   123.815002        -1.97388431E-06
   123.930000        -1.97906775E-06
   124.044998        -1.98363318E-06
   124.160004        -1.98756948E-06
   124.275002        -1.99086435E-06
   124.389999        -1.99350598E-06
   124.504997        -1.99548276E-06
   124.620003        -1.99678266E-06
   124.735001        -1.99739384E-06
   124.849998        -1.99730493E-06
   124.964996        -1.99650435E-06
   125.080002        -1.99498049E-06
   125.195000        -1.99272245E-06
   125.309998        -1.98971907E-06
   125.425003        -1.98595944E-06
   125.540001        -1.98143289E-06
   125.654999        -1.97612871E-06
   125.769997        -1.97003646E-06
   125.885002        -1.96314568E-06
   126.000000        -1.95544635E-06
   126.114998        -1.94692848E-06
   126.230003        -1.93758251E-06
   126.345001        -1.92739822E-06
   126.459999        -1.91636605E-06
   126.574997        -1.90447668E-06
   126.690002        -1.89172044E-06
   126.805000        -1.87808791E-06
   126.919998        -1.86356954E-06
   127.035004        -1.84815599E-06
   127.150002        -1.83183795E-06
   127.264999        -1.81460621E-06
   127.379997        -1.79645133E-06
   127.495003        -1.77736410E-06
   127.610001        -1.75733521E-06
   127.724998        -1.73635522E-06
   127.839996        -1.71441479E-06
   127.955002        -1.69150462E-06
   128.070007        -1.66761538E-06
   128.184998        -1.64273752E-06
   128.300003        -1.61686194E-06
   128.414993        -1.58997955E-06
   128.529999        -1.56208114E-06
   128.645004        -1.53315818E-06
   128.759995        -1.50320216E-06
   128.875000        -1.47220476E-06
   128.990005        -1.44015803E-06
   129.104996        -1.40705424E-06
   129.220001        -1.37288623E-06
   129.335007        -1.33764706E-06
   129.449997        -1.30133014E-06
   129.565002        -1.26392990E-06
   129.679993        -1.22544088E-06
   129.794998        -1.18585842E-06
   129.910004        -1.14517877E-06
   130.024994        -1.10339863E-06
   130.139999        -1.06051618E-06
   130.255005        -1.01653018E-06
   130.369995        -9.71440386E-07
   130.485001        -9.25246923E-07
   130.600006        -8.77951493E-07
   130.714996        -8.29556484E-07
   130.830002        -7.80065079E-07
   130.945007        -7.29481314E-07
   131.059998        -6.77810419E-07
   131.175003        -6.25057737E-07
   131.289993        -5.71230316E-07
   131.404999        -5.16335717E-07
   131.520004        -4.60382552E-07
   131.634995        -4.03380227E-07
   131.750000        -3.45338805E-07
   131.865005        -2.86269312E-07
   131.979996        -2.26183374E-07
   132.095001        -1.65093354E-07
   132.210007        -1.03012241E-07
   132.324997        -3.99535764E-08
   132.440002         2.40684113E-08
   132.554993         8.90392897E-08
   132.669998         1.54943663E-07
   132.785004         2.21765873E-07
   132.899994         2.89489321E-07
   133.014999         3.58096941E-07
   133.130005         4.27570797E-07
   133.244995         4.97892529E-07
   133.360001         5.69042697E-07
   133.475006         6.41001463E-07
   133.589996         7.13748250E-07
   133.705002         7.87261570E-07
   133.820007         8.61519368E-07
   133.934998         9.36498679E-07
   134.050003         1.01217609E-06
   134.164993         1.08852691E-06
   134.279999         1.16552610E-06
   134.395004         1.24314761E-06
   134.509995         1.32136495E-06
   134.625000         1.40015061E-06
   134.740005         1.47947617E-06
   134.854996         1.55931332E-06
   134.970001         1.63963205E-06
   135.085007         1.72040222E-06
   135.199997         1.80159270E-06
   135.315002         1.88317210E-06
   135.429993         1.96510837E-06
   135.544998         2.04736875E-06
   135.660004         2.12992040E-06
   135.774994         2.21272921E-06
   135.889999         2.29576153E-06
   136.005005         2.37898325E-06
   136.119995         2.46235913E-06
   136.235001         2.54585461E-06
   136.350006         2.62943422E-06
   136.464996         2.71306203E-06
   136.580002         2.79670166E-06
   136.695007         2.88031652E-06
   136.809998         2.96386997E-06
   136.925003         3.04732407E-06
   137.039993         3.13064152E-06
   137.154999         3.21378343E-06
   137.270004         3.29671116E-06
   137.384995         3.37938582E-06
   137.500000         3.46176671E-06
   137.615005         3.54381473E-06
   137.729996         3.62548712E-06
   137.845001         3.70674252E-06
   137.960007         3.78753793E-06
   138.074997         3.86782904E-06
   138.190002         3.94757217E-06
   138.304993         4.02672140E-06
   138.419998         4.10523126E-06
   138.535004         4.18305399E-06
   138.649994         4.26014230E-06
   138.764999         4.33644618E-06
   138.880005         4.41191651E-06
   138.994995         4.48650280E-06
   139.110001         4.56015323E-06
   139.225006         4.63281549E-06
   139.339996         4.70443683E-06
   139.455002         4.77496360E-06
   139.570007         4.84434258E-06
   139.684998         4.91251967E-06
   139.800003         4.97944075E-06
   139.914993         5.04505078E-06
   140.029999         5.10929704E-06
   140.145004         5.17212493E-06
   140.259995         5.23348263E-06
   140.375000         5.29331737E-06
   140.490005         5.35157824E-06
   140.604996         5.40821475E-06
   140.720001         5.46317824E-06
   140.835007         5.51642142E-06
   140.949997         5.56789746E-06
   141.065002         5.61756269E-06
   141.179993         5.66537483E-06
   141.294998         5.71129294E-06
   141.410004         5.75527793E-06
   141.524994         5.79729385E-06
   141.639999         5.83730525E-06
   141.755005         5.87527893E-06
   141.869995         5.91118396E-06
   141.985001         5.94499170E-06
   142.100006         5.97667440E-06
   142.214996         6.00620751E-06
   142.330002         6.03356648E-06
   142.445007         6.05872856E-06
   142.559998         6.08167420E-06
   142.675003         6.10238249E-06
   142.789993         6.12083522E-06
   142.904999         6.13701422E-06
   143.020004         6.15090266E-06
   143.134995         6.16248462E-06
   143.250000         6.17174373E-06
   143.365005         6.17866453E-06
   143.479996         6.18323247E-06
   143.595001         6.18543254E-06
   143.710007         6.18525019E-06
   143.824997         6.18267040E-06
   143.940002         6.17767955E-06
   144.054993         6.17026262E-06
   144.169998         6.16040552E-06
   144.285004         6.14809414E-06
   144.399994         6.13331440E-06
   144.514999         6.11605310E-06
   144.630005         6.09629615E-06
   144.744995         6.07402899E-06
   144.860001         6.04923980E-06
   144.975006         6.02191449E-06
   145.089996         5.99204213E-06
   145.205002         5.95961046E-06
   145.320007         5.92460947E-06
   145.434998         5.88702960E-06
   145.550003         5.84686359E-06
   145.664993         5.80410415E-06
   145.779999         5.75874674E-06
   145.895004         5.71078817E-06
   146.009995         5.66022709E-06
   146.125000         5.60706303E-06
   146.240005         5.55130009E-06
   146.354996         5.49294145E-06
   146.470001         5.43199440E-06
   146.585007         5.36846801E-06
   146.699997         5.30237321E-06
   146.815002         5.23372410E-06
   146.929993         5.16253749E-06
   147.044998         5.08883068E-06
   147.160004         5.01262548E-06
   147.274994         4.93394509E-06
   147.389999         4.85281453E-06
   147.505005         4.76926198E-06
   147.619995         4.68331700E-06
   147.735001         4.59501007E-06
   147.850006         4.50437392E-06
   147.964996         4.41144221E-06
   148.080002         4.31625085E-06
   148.195007         4.21883442E-06
   148.309998         4.11923111E-06
   148.425003         4.01747729E-06
   148.539993         3.91361073E-06
   148.654999         3.80766983E-06
   148.770004         3.69969189E-06
   148.884995         3.58971579E-06
   149.000000         3.47777882E-06
   149.115005         3.36391849E-06
   149.229996         3.24817211E-06
   149.345001         3.13057558E-06
   149.460007         3.01116461E-06
   149.574997         2.88997535E-06
   149.690002         2.76704145E-06
   149.804993         2.64239702E-06
   149.919998         2.51607435E-06
   150.035004         2.38810549E-06
   150.149994         2.25852159E-06
   150.264999         2.12735313E-06
   150.380005         1.99463034E-06
   150.494995         1.86038324E-06
   150.610001         1.72464058E-06
   150.725006         1.58743160E-06
   150.839996         1.44878516E-06
   150.955002         1.30873002E-06
   151.070007         1.16729473E-06
   151.184998         1.02450781E-06
   151.300003         8.80397636E-07
   151.414993         7.34992682E-07
   151.529999         5.88321313E-07
   151.645004         4.40411583E-07
   151.759995         2.91292878E-07
   151.875000         1.40994004E-07
   151.990005        -1.04540483E-08
   152.104996        -1.63021127E-07
   152.220001        -3.16674885E-07
   152.335007        -4.71381128E-07
   152.449997        -6.27105976E-07
   152.565002        -7.83813903E-07
   152.679993        -9.41468159E-07
   152.794998        -1.10003032E-06
   152.910004        -1.25946008E-06
   153.024994        -1.41971611E-06
   153.139999        -1.58075511E-06
   153.255005        -1.74253171E-06
   153.369995        -1.90499782E-06
   153.485001        -2.06810319E-06
   153.600006        -2.23179495E-06
   153.714996        -2.39601900E-06
   153.830002        -2.56071689E-06
   153.945007        -2.72582747E-06
   154.059998        -2.89128798E-06
   154.175003        -3.05703225E-06
   154.289993        -3.22299138E-06
   154.404999        -3.38909445E-06
   154.520004        -3.55526868E-06
   154.634995        -3.72143791E-06
   154.750000        -3.88752323E-06
   154.865005        -4.05344599E-06
   154.979996        -4.21912409E-06
   155.095001        -4.38447478E-06
   155.210007        -4.54941301E-06
   155.324997        -4.71385465E-06
   155.440002        -4.87771467E-06
   155.554993        -5.04090576E-06
   155.669998        -5.20334379E-06
   155.785004        -5.36494326E-06
   155.899994        -5.52562051E-06
   156.014999        -5.68529413E-06
   156.130005        -5.84388181E-06
   156.244995        -6.00130625E-06
   156.360001        -6.15749241E-06
   156.475006        -6.31236526E-06
   156.589996        -6.46585522E-06
   156.705002        -6.61789500E-06
   156.820007        -6.76841955E-06
   156.934998        -6.91737068E-06
   157.050003        -7.06469018E-06
   157.164993        -7.21032620E-06
   157.279999        -7.35422736E-06
   157.395004        -7.49634910E-06
   157.509995        -7.63664957E-06
   157.625000        -7.77508922E-06
   157.740005        -7.91163166E-06
   157.854996        -8.04624324E-06
   157.970001        -8.17889577E-06
   158.085007        -8.30956105E-06
   158.199997        -8.43821363E-06
   158.315002        -8.56482802E-06
   158.429993        -8.68938514E-06
   158.544998        -8.81186043E-06
   158.660004        -8.93223569E-06
   158.774994        -9.05048819E-06
   158.889999        -9.16659974E-06
   159.005005        -9.28054851E-06
   159.119995        -9.39231450E-06
   159.235001        -9.50187859E-06
   159.350006        -9.60921807E-06
   159.464996        -9.71431200E-06
   159.580002        -9.81713856E-06
   159.695007        -9.91767592E-06
   159.809998        -1.00158986E-05
   159.925003        -1.01117857E-05
   160.039993        -1.02053091E-05
   160.154999        -1.02964468E-05
   160.270004        -1.03851698E-05
   160.384995        -1.04714545E-05
   160.500000        -1.05552735E-05
   160.615005        -1.06366051E-05
   160.729996        -1.07154228E-05
   160.845001        -1.07917040E-05
   160.960007        -1.08654267E-05
   161.074997        -1.09365710E-05
   161.190002        -1.10051187E-05
   161.304993        -1.10710534E-05
   161.419998        -1.11343606E-05
   161.535004        -1.11950303E-05
   161.649994        -1.12530524E-05
   161.764999        -1.13084197E-05
   161.880005        -1.13611277E-05
   161.994995        -1.14111763E-05
   162.110001        -1.14585637E-05
   162.225006        -1.15032972E-05
   162.339996        -1.15453822E-05
   162.455002        -1.15848279E-05
   162.570007        -1.16216470E-05
   162.684998        -1.16558531E-05
   162.800003        -1.16874653E-05
   162.914993        -1.17165036E-05
   163.029999        -1.17429881E-05
   163.145004        -1.17669442E-05
   163.259995        -1.17883992E-05
   163.375000        -1.18073813E-05
   163.490005        -1.18239195E-05
   163.604996        -1.18380476E-05
   163.720001        -1.18497974E-05
   163.835007        -1.18592052E-05
   163.949997        -1.18663029E-05
   164.065002        -1.18711287E-05
   164.179993        -1.18737180E-05
   164.294998        -1.18741082E-05
   164.410004        -1.18723356E-05
   164.524994        -1.18684402E-05
   164.639999        -1.18624594E-05
   164.755005        -1.18544303E-05
   164.869995        -1.18443941E-05
   164.985001        -1.18323869E-05
   165.100006        -1.18184462E-05
   165.214996        -1.18026082E-05
   165.330002        -1.17849077E-05
   165.445007        -1.17653781E-05
   165.559998        -1.17440522E-05
   165.675003        -1.17209584E-05
   165.789993        -1.16961246E-05
   165.904999        -1.16695765E-05
   166.020004        -1.16413366E-05
   166.134995        -1.16114261E-05
   166.250000        -1.15798603E-05
   166.365005        -1.15466564E-05
   166.479996        -1.15118237E-05
   166.595001        -1.14753702E-05
   166.710007        -1.14373015E-05
   166.824997        -1.13976157E-05
   166.940002        -1.13563101E-05
   167.054993        -1.13133747E-05
   167.169998        -1.12687967E-05
   167.285004        -1.12225589E-05
   167.399994        -1.11746385E-05
   167.514999        -1.11250101E-05
   167.630005        -1.10736446E-05
   167.744995        -1.10205074E-05
   167.860001        -1.09655603E-05
   167.975006        -1.09087632E-05
   168.089996        -1.08500708E-05
   168.205002        -1.07894384E-05
   168.320007        -1.07268152E-05
   168.434998        -1.06621474E-05
   168.550003        -1.05953823E-05
   168.664993        -1.05264653E-05
   168.779999        -1.04553383E-05
   168.895004        -1.03819448E-05
   169.009995        -1.03062266E-05
   169.125000        -1.02281265E-05
   169.240005        -1.01475880E-05
   169.354996        -1.00645520E-05
   169.470001        -9.97896495E-06
   169.585007        -9.89077398E-06
   169.699997        -9.79992637E-06
   169.815002        -9.70637029E-06
   169.929993        -9.61006026E-06
   170.044998        -9.51094808E-06
   170.160004        -9.40899190E-06
   170.274994        -9.30414808E-06
   170.389999        -9.19637841E-06
   170.505005        -9.08564107E-06
   170.619995        -8.97190057E-06
   170.735001        -8.85511872E-06
   170.850006        -8.73526005E-06
   170.964996        -8.61229000E-06
   171.080002        -8.48617310E-06
   171.195007        -8.35687297E-06
   171.309998        -8.22435231E-06
   171.425003        -8.08857385E-06
   171.539993        -7.94949756E-06
   171.654999        -7.80708342E-06
   171.770004        -7.66128687E-06
   171.884995        -7.51206153E-06
   172.000000        -7.35936055E-06
   172.115005        -7.20313164E-06
   172.229996        -7.04332342E-06
   172.345001        -6.87987858E-06
   172.460007        -6.71274120E-06
   172.574997        -6.54185169E-06
   172.690002        -6.36714640E-06
   172.804993        -6.18856348E-06
   172.919998        -6.00603789E-06
   173.035004        -5.81950826E-06
   173.149994        -5.62890955E-06
   173.264999        -5.43417900E-06
   173.380005        -5.23525614E-06
   173.494995        -5.03208366E-06
   173.610001        -4.82460655E-06
   173.725006        -4.61277523E-06
   173.839996        -4.39654377E-06
   173.955002        -4.17587216E-06
   174.070007        -3.95072720E-06
   174.184998        -3.72107957E-06
   174.300003        -3.48690969E-06
   174.414993        -3.24820212E-06
   174.529999        -3.00495390E-06
   174.645004        -2.75716479E-06
   174.759995        -2.50484618E-06
   174.875000        -2.24801374E-06
   174.990005        -1.98669318E-06
   175.104996        -1.72091745E-06
   175.220001        -1.45072875E-06
   175.335007        -1.17617355E-06
   175.449997        -8.97304915E-07
   175.565002        -6.14184216E-07
   175.679993        -3.26878506E-07
   175.794998        -3.54554857E-08
   175.910004         2.60006146E-07
   176.024994         5.59431385E-07
   176.139999         8.62738091E-07
   176.255005         1.16983961E-06
   176.369995         1.48065021E-06
   176.485001         1.79508174E-06
   176.600006         2.11304518E-06
   176.714996         2.43444788E-06
   176.830002         2.75919842E-06
   176.945007         3.08720951E-06
   177.059998         3.41838609E-06
   177.175003         3.75263812E-06
   177.289993         4.08987353E-06
   177.404999         4.43000090E-06
   177.520004         4.77292633E-06
   177.634995         5.11855887E-06
   177.750000         5.46680531E-06
   177.865005         5.81757149E-06
   177.979996         6.17076194E-06
   178.095001         6.52628205E-06
   178.210007         6.88403088E-06
   178.324997         7.24391020E-06
   178.440002         7.60581634E-06
   178.554993         7.96964287E-06
   178.669998         8.33528065E-06
   178.785004         8.70261374E-06
   178.899994         9.07153026E-06
   179.014999         9.44190742E-06
   179.130005         9.81361973E-06
   179.244995         1.01865426E-05
   179.360001         1.05605404E-05
   179.475006         1.09354778E-05
   179.589996         1.13112173E-05
   179.705002         1.16876136E-05
   179.820007         1.20645209E-05
   179.934998         1.24417866E-05
   180.050003         1.28192587E-05
   180.164993         1.31967790E-05
   180.279999         1.35741875E-05
   180.395004         1.39513222E-05
   180.509995         1.43280195E-05
   180.625000         1.47041192E-05
   180.740005         1.50794503E-05
   180.854996         1.54538429E-05
   180.970001         1.58271396E-05
   181.085007         1.61991666E-05
   181.199997         1.65697602E-05
   181.315002         1.69387549E-05
   181.429993         1.73059798E-05
   181.544998         1.76712692E-05
   181.660004         1.80344578E-05
   181.774994         1.83953798E-05
   181.889999         1.87538699E-05
   182.005005         1.91097643E-05
   182.119995         1.94628992E-05
   182.235001         1.98131165E-05
   182.350006         2.01602506E-05
   182.464996         2.05041415E-05
   182.580002         2.08446381E-05
   182.695007         2.11815768E-05
   182.809998         2.15148084E-05
   182.925003         2.18441710E-05
   183.039993         2.21695136E-05
   183.154999         2.24906835E-05
   183.270004         2.28075296E-05
   183.384995         2.31199028E-05
   183.500000         2.34276522E-05
   183.615005         2.37306322E-05
   183.729996         2.40287027E-05
   183.845001         2.43217182E-05
   183.960007         2.46095387E-05
   184.074997         2.48920278E-05
   184.190002         2.51690490E-05
   184.304993         2.54404713E-05
   184.419998         2.57061620E-05
   184.535004         2.59659955E-05
   184.649994         2.62198428E-05
   184.764999         2.64675837E-05
   184.880005         2.67091000E-05
   184.994995         2.69442698E-05
   185.110001         2.71729823E-05
   185.225006         2.73951173E-05
   185.339996         2.76105657E-05
   185.455002         2.78192147E-05
   185.570007         2.80209533E-05
   185.684998         2.82156761E-05
   185.800003         2.84032758E-05
   185.914993         2.85836468E-05
   186.029999         2.87566872E-05
   186.145004         2.89222953E-05
   186.259995         2.90803710E-05
   186.375000         2.92308196E-05
   186.490005         2.93735466E-05
   186.604996         2.95084574E-05
   186.720001         2.96354592E-05
   186.835007         2.97544611E-05
   186.949997         2.98653795E-05
   187.065002         2.99681269E-05
   187.179993         3.00626270E-05
   187.294998         3.01488017E-05
   187.410004         3.02265817E-05
   187.524994         3.02959015E-05
   187.639999         3.03567067E-05
   187.755005         3.04089463E-05
   187.869995         3.04525802E-05
   187.985001         3.04875684E-05
   188.100006         3.05138874E-05
   188.214996         3.05315116E-05
   188.330002         3.05404319E-05
   188.445007         3.05406393E-05
   188.559998         3.05321410E-05
   188.675003         3.05149479E-05
   188.789993         3.04890746E-05
   188.904999         3.04545520E-05
   189.020004         3.04114146E-05
   189.134995         3.03597044E-05
   189.250000         3.02994704E-05
   189.365005         3.02307653E-05
   189.479996         3.01536456E-05
   189.595001         3.00681713E-05
   189.710007         2.99744079E-05
   189.824997         2.98724153E-05
   189.940002         2.97622610E-05
   190.054993         2.96440048E-05
   190.169998         2.95177069E-05
   190.285004         2.93834237E-05
   190.399994         2.92412060E-05
   190.514999         2.90910975E-05
   190.630005         2.89331383E-05
   190.744995         2.87673611E-05
   190.860001         2.85937876E-05
   190.975006         2.84124380E-05
   191.089996         2.82233159E-05
   191.205002         2.80264230E-05
   191.320007         2.78217503E-05
   191.434998         2.76092815E-05
   191.550003         2.73889891E-05
   191.664993         2.71608460E-05
   191.779999         2.69248139E-05
   191.895004         2.66808565E-05
   192.009995         2.64289265E-05
   192.125000         2.61689802E-05
   192.240005         2.59009776E-05
   192.354996         2.56248750E-05
   192.470001         2.53406379E-05
   192.585007         2.50482444E-05
   192.699997         2.47476764E-05
   192.815002         2.44389303E-05
   192.929993         2.41220187E-05
   193.044998         2.37969707E-05
   193.160004         2.34638283E-05
   193.274994         2.31226531E-05
   193.389999         2.27735345E-05
   193.505005         2.24165760E-05
   193.619995         2.20519032E-05
   193.735001         2.16796798E-05
   193.850006         2.13000767E-05
   193.964996         2.09132977E-05
   194.080002         2.05195684E-05
   194.195007         2.01191360E-05
   194.309998         1.97122808E-05
   194.425003         1.92992902E-05
   194.539993         1.88804715E-05
   194.654999         1.84561522E-05
   194.770004         1.80266761E-05
   194.884995         1.75923888E-05
   195.000000         1.71536558E-05
   195.115005         1.67108374E-05
   195.229996         1.62643046E-05
   195.345001         1.58144194E-05
   195.460007         1.53615474E-05
   195.574997         1.49060397E-05
   195.690002         1.44482428E-05
   195.804993         1.39884869E-05
   195.919998         1.35270839E-05
   196.035004         1.30643321E-05
   196.149994         1.26005043E-05
   196.264999         1.21358589E-05
   196.380005         1.16706224E-05
   196.494995         1.12049938E-05
   196.610001         1.07391552E-05
   196.725006         1.02732529E-05
   196.839996         9.80740697E-06
   196.955002         9.34171112E-06
   197.070007         8.87622355E-06
   197.184998         8.41098790E-06
   197.300003         7.94601419E-06
   197.414993         7.48128878E-06
   197.529999         7.01677800E-06
   197.645004         6.55242684E-06
   197.759995         6.08816345E-06
   197.875000         5.62390824E-06
   197.990005         5.15955890E-06
   198.104996         4.69500037E-06
   198.220001         4.23012261E-06
   198.335007         3.76479647E-06
   198.449997         3.29889804E-06
   198.565002         2.83230293E-06
   198.679993         2.36488222E-06
   198.794998         1.89651962E-06
   198.910004         1.42710394E-06
   199.024994         9.56536951E-07
   199.139999         4.84723557E-07
   199.255005         1.15973773E-08
   199.369995        -4.62908247E-07
   199.485001        -9.38825565E-07
   199.600006        -1.41618386E-06
   199.714996        -1.89498542E-06
   199.830002        -2.37521886E-06
   199.945007        -2.85685269E-06
   200.059998        -3.33984758E-06
   200.175003        -3.82413236E-06
   200.289993        -4.30963155E-06
   200.404999        -4.79624441E-06
   200.520004        -5.28386499E-06
   200.634995        -5.77236415E-06
   200.750000        -6.26160681E-06
   200.865005        -6.75144884E-06
   200.979996        -7.24173697E-06
   201.095001        -7.73230840E-06
   201.210007        -8.22300262E-06
   201.324997        -8.71365410E-06
   201.440002        -9.20409548E-06
   201.554993        -9.69417670E-06
   201.669998        -1.01837477E-05
   201.785004        -1.06726629E-05
   201.899994        -1.11607942E-05
   202.014999        -1.16480287E-05
   202.130005        -1.21342700E-05
   202.244995        -1.26194309E-05
   202.360001        -1.31034421E-05
   202.475006        -1.35862583E-05
   202.589996        -1.40678576E-05
   202.705002        -1.45482391E-05
   202.820007        -1.50274154E-05
   202.934998        -1.55054331E-05
   203.050003        -1.59823539E-05
   203.164993        -1.64582634E-05
   203.279999        -1.69332798E-05
   203.395004        -1.74075267E-05
   203.509995        -1.78811679E-05
   203.625000        -1.83543689E-05
   203.740005        -1.88273279E-05
   203.854996        -1.93002452E-05
   203.970001        -1.97733425E-05
   204.085007        -2.02468418E-05
   204.199997        -2.07209832E-05
   204.315002        -2.11960014E-05
   204.429993        -2.16721401E-05
   204.544998        -2.21496321E-05
   204.660004        -2.26287120E-05
   204.774994        -2.31096092E-05
   204.889999        -2.35925327E-05
   205.005005        -2.40776844E-05
   205.119995        -2.45652445E-05
   205.235001        -2.50553749E-05
   205.350006        -2.55482191E-05
   205.464996        -2.60438883E-05
   205.580002        -2.65424733E-05
   205.695007        -2.70440323E-05
   205.809998        -2.75485927E-05
   205.925003        -2.80561635E-05
   206.039993        -2.85667120E-05
   206.154999        -2.90801781E-05
   206.270004        -2.95964728E-05
   206.384995        -3.01154814E-05
   206.500000        -3.06370566E-05
   206.615005        -3.11610165E-05
   206.729996        -3.16871738E-05
   206.845001        -3.22153064E-05
   206.960007        -3.27451780E-05
   207.074997        -3.32765339E-05
   207.190002        -3.38091086E-05
   207.304993        -3.43426436E-05
   207.419998        -3.48768590E-05
   207.535004        -3.54114782E-05
   207.649994        -3.59462356E-05
   207.764999        -3.64808584E-05
   207.880005        -3.70150883E-05
   207.994995        -3.75486707E-05
   208.110001        -3.80813835E-05
   208.225006        -3.86130050E-05
   208.339996        -3.91433423E-05
   208.455002        -3.96722207E-05
   208.570007        -4.01994839E-05
   208.684998        -4.07250118E-05
   208.800003        -4.12487025E-05
   208.914993        -4.17704905E-05
   209.029999        -4.22903213E-05
   209.145004        -4.28081730E-05
   209.259995        -4.33240530E-05
   209.375000        -4.38379720E-05
   209.490005        -4.43499812E-05
   209.604996        -4.48601313E-05
   209.720001        -4.53684952E-05
   209.835007        -4.58751565E-05
   209.949997        -4.63801953E-05
   210.065002        -4.68837061E-05
   210.179993        -4.73857872E-05
   210.294998        -4.78865259E-05
   210.410004        -4.83860094E-05
   210.524994        -4.88843143E-05
   210.639999        -4.93815096E-05
   210.755005        -4.98776353E-05
   210.869995        -5.03727169E-05
   210.985001        -5.08667617E-05
   211.100006        -5.13597479E-05
   211.214996        -5.18516281E-05
   211.330002        -5.23423114E-05
   211.445007        -5.28316959E-05
   211.559998        -5.33196398E-05
   211.675003        -5.38059685E-05
   211.789993        -5.42904745E-05
   211.904999        -5.47729396E-05
   212.020004        -5.52530946E-05
   212.134995        -5.57306594E-05
   212.250000        -5.62053283E-05
   212.365005        -5.66767594E-05
   212.479996        -5.71446144E-05
   212.595001        -5.76085222E-05
   212.710007        -5.80681044E-05
   212.824997        -5.85229791E-05
   212.940002        -5.89727460E-05
   213.054993        -5.94170233E-05
   213.169998        -5.98554107E-05
   213.285004        -6.02875189E-05
   213.399994        -6.07129768E-05
   213.514999        -6.11314244E-05
   213.630005        -6.15425088E-05
   213.744995        -6.19458951E-05
   213.860001        -6.23412852E-05
   213.975006        -6.27283880E-05
   214.089996        -6.31069488E-05
   214.205002        -6.34767348E-05
   214.320007        -6.38375204E-05
   214.434998        -6.41891384E-05
   214.550003        -6.45314140E-05
   214.664993        -6.48642090E-05
   214.779999        -6.51874143E-05
   214.895004        -6.55009135E-05
   215.009995        -6.58046411E-05
   215.125000        -6.60985097E-05
   215.240005        -6.63824758E-05
   215.354996        -6.66564811E-05
   215.470001        -6.69204892E-05
   215.585007        -6.71744638E-05
   215.699997        -6.74183466E-05
   215.815002        -6.76521013E-05
   215.929993        -6.78756624E-05
   216.044998        -6.80889643E-05
   216.160004        -6.82919053E-05
   216.274994        -6.84843762E-05
   216.389999        -6.86662461E-05
   216.505005        -6.88373402E-05
   216.619995        -6.89974695E-05
   216.735001        -6.91464011E-05
   216.850006        -6.92838730E-05
   216.964996        -6.94096016E-05
   217.080002        -6.95232520E-05
   217.195007        -6.96244679E-05
   217.309998        -6.97128344E-05
   217.425003        -6.97879223E-05
   217.539993        -6.98492513E-05
   217.654999        -6.98963195E-05
   217.770004        -6.99285592E-05
   217.884995        -6.99454031E-05
   218.000000        -6.99462325E-05
   218.115005        -6.99304073E-05
   218.229996        -6.98972726E-05
   218.345001        -6.98461299E-05
   218.460007        -6.97762807E-05
   218.574997        -6.96869974E-05
   218.690002        -6.95775452E-05
   218.804993        -6.94471964E-05
   218.919998        -6.92951944E-05
   219.035004        -6.91208043E-05
   219.149994        -6.89232838E-05
   219.264999        -6.87018910E-05
   219.380005        -6.84559272E-05
   219.494995        -6.81846795E-05
   219.610001        -6.78874712E-05
   219.725006        -6.75636475E-05
   219.839996        -6.72125825E-05
   219.955002        -6.68336725E-05
   220.070007        -6.64263571E-05
   220.184998        -6.59901125E-05
   220.300003        -6.55244439E-05
   220.414993        -6.50289076E-05
   220.529999        -6.45031032E-05
   220.645004        -6.39466743E-05
   220.759995        -6.33593008E-05
   220.875000        -6.27407208E-05
   220.990005        -6.20907012E-05
   221.104996        -6.14090677E-05
   221.220001        -6.06956601E-05
   221.335007        -5.99503874E-05
   221.449997        -5.91731841E-05
   221.565002        -5.83640103E-05
   221.679993        -5.75228732E-05
   221.794998        -5.66498093E-05
   221.910004        -5.57448839E-05
   222.024994        -5.48081880E-05
   222.139999        -5.38398381E-05
   222.255005        -5.28399687E-05
   222.369995        -5.18087400E-05
   222.485001        -5.07463119E-05
   222.600006        -4.96528737E-05
   222.714996        -4.85286073E-05
   222.830002        -4.73736945E-05
   222.945007        -4.61883283E-05
   223.059998        -4.49726940E-05
   223.175003        -4.37269737E-05
   223.289993        -4.24513491E-05
   223.404999        -4.11460060E-05
   223.520004        -3.98111188E-05
   223.634995        -3.84468658E-05
   223.750000        -3.70534071E-05
   223.865005        -3.56309210E-05
   223.979996        -3.41795567E-05
   224.095001        -3.26994923E-05
   224.210007        -3.11908807E-05
   224.324997        -2.96538892E-05
   224.440002        -2.80886834E-05
   224.554993        -2.64954360E-05
   224.669998        -2.48743218E-05
   224.785004        -2.32255370E-05
   224.899994        -2.15492910E-05
   225.014999        -1.98458001E-05
   225.130005        -1.81153155E-05
   225.244995        -1.63581244E-05
   225.360001        -1.45745398E-05
   225.475006        -1.27648937E-05
   225.589996        -1.09295697E-05
   225.705002        -9.06898458E-06
   225.820007        -7.18358478E-06
   225.934998        -5.27387328E-06
   226.050003        -3.34036440E-06
   226.164993        -1.38365101E-06
   226.279999         5.95662243E-07
   226.395004         2.59691092E-06
   226.509995         4.61938134E-06
   226.625000         6.66232199E-06
   226.740005         8.72493456E-06
   226.854996         1.08063768E-05
   226.970001         1.29057817E-05
   227.085007         1.50222231E-05
   227.199997         1.71547472E-05
   227.315002         1.93023716E-05
   227.429993         2.14640731E-05
   227.544998         2.36388223E-05
   227.660004         2.58255459E-05
   227.774994         2.80231616E-05
   227.889999         3.02305816E-05
   228.005005         3.24466782E-05
   228.119995         3.46703455E-05
   228.235001         3.69004410E-05
   228.350006         3.91358481E-05
   228.464996         4.13754278E-05
   228.580002         4.36180453E-05
   228.695007         4.58625764E-05
   228.809998         4.81079041E-05
   228.925003         5.03529300E-05
   229.039993         5.25965479E-05
   229.154999         5.48376956E-05
   229.270004         5.70753000E-05
   229.384995         5.93083423E-05
   229.500000         6.15357931E-05
   229.615005         6.37566627E-05
   229.729996         6.59699799E-05
   229.845001         6.81748061E-05
   229.960007         7.03702099E-05
   230.074997         7.25553036E-05
   230.190002         7.47292288E-05
   230.304993         7.68911195E-05
   230.419998         7.90401609E-05
   230.535004         8.11755672E-05
   230.649994         8.32965816E-05
   230.764999         8.54024547E-05
   230.880005         8.74924808E-05
   230.994995         8.95659978E-05
   231.110001         9.16223216E-05
   231.225006         9.36608412E-05
   231.339996         9.56809599E-05
   231.455002         9.76821029E-05
   231.570007         9.96637173E-05
   231.684998         1.01625279E-04
   231.800003         1.03566308E-04
   231.914993         1.05486324E-04
   232.029999         1.07384876E-04
   232.145004         1.09261535E-04
   232.259995         1.11115900E-04
   232.375000         1.12947608E-04
   232.490005         1.14756287E-04
   232.604996         1.16541618E-04
   232.720001         1.18303295E-04
   232.835007         1.20041004E-04
   232.949997         1.21754500E-04
   233.065002         1.23443519E-04
   233.179993         1.25107821E-04
   233.294998         1.26747196E-04
   233.410004         1.28361455E-04
   233.524994         1.29950378E-04
   233.639999         1.31513807E-04
   233.755005         1.33051552E-04
   233.869995         1.34563437E-04
   233.985001         1.36049304E-04
   234.100006         1.37508978E-04
   234.214996         1.38942312E-04
   234.330002         1.40349133E-04
   234.445007         1.41729281E-04
   234.559998         1.43082580E-04
   234.675003         1.44408885E-04
   234.789993         1.45707992E-04
   234.904999         1.46979743E-04
   235.020004         1.48223917E-04
   235.134995         1.49440326E-04
   235.250000         1.50628708E-04
   235.365005         1.51788845E-04
   235.479996         1.52920460E-04
   235.595001         1.54023277E-04
   235.710007         1.55096976E-04
   235.824997         1.56141265E-04
   235.940002         1.57155824E-04
   236.054993         1.58140319E-04
   236.169998         1.59094416E-04
   236.285004         1.60017749E-04
   236.399994         1.60909956E-04
   236.514999         1.61770673E-04
   236.630005         1.62599506E-04
   236.744995         1.63396035E-04
   236.860001         1.64159865E-04
   236.975006         1.64890575E-04
   237.089996         1.65587757E-04
   237.205002         1.66251004E-04
   237.320007         1.66879865E-04
   237.434998         1.67473961E-04
   237.550003         1.68032871E-04
   237.664993         1.68556217E-04
   237.779999         1.69043604E-04
   237.895004         1.69494670E-04
   238.009995         1.69909035E-04
   238.125000         1.70286352E-04
   238.240005         1.70626299E-04
   238.354996         1.70928499E-04
   238.470001         1.71192660E-04
   238.585007         1.71418462E-04
   238.699997         1.71605629E-04
   238.815002         1.71753854E-04
   238.929993         1.71862892E-04
   239.044998         1.71932435E-04
   239.160004         1.71962252E-04
   239.274994         1.71952110E-04
   239.389999         1.71901789E-04
   239.505005         1.71811043E-04
   239.619995         1.71679669E-04
   239.735001         1.71507476E-04
   239.850006         1.71294203E-04
   239.964996         1.71039661E-04
   240.080002         1.70743617E-04
   240.195007         1.70405838E-04
   240.309998         1.70026091E-04
   240.425003         1.69604100E-04
   240.539993         1.69139617E-04
   240.654999         1.68632367E-04
   240.770004         1.68082028E-04
   240.884995         1.67488295E-04
   241.000000         1.66850834E-04
   241.115005         1.66169310E-04
   241.229996         1.65443344E-04
   241.345001         1.64672558E-04
   241.460007         1.63856530E-04
   241.574997         1.62994809E-04
   241.690002         1.62086959E-04
   241.804993         1.61132484E-04
   241.919998         1.60130847E-04
   242.035004         1.59081537E-04
   242.149994         1.57984003E-04
   242.264999         1.56837690E-04
   242.380005         1.55642032E-04
   242.494995         1.54396475E-04
   242.610001         1.53100453E-04
   242.725006         1.51753426E-04
   242.839996         1.50354841E-04
   242.955002         1.48904190E-04
   243.070007         1.47400948E-04
   243.184998         1.45844606E-04
   243.300003         1.44234713E-04
   243.414993         1.42570832E-04
   243.529999         1.40852557E-04
   243.645004         1.39079522E-04
   243.759995         1.37251438E-04
   243.875000         1.35368056E-04
   243.990005         1.33429203E-04
   244.104996         1.31434732E-04
   244.220001         1.29384614E-04
   244.335007         1.27278836E-04
   244.449997         1.25117469E-04
   244.565002         1.22900674E-04
   244.679993         1.20628640E-04
   244.794998         1.18301657E-04
   244.910004         1.15920076E-04
   245.024994         1.13484297E-04
   245.139999         1.10994821E-04
   245.255005         1.08452172E-04
   245.369995         1.05856954E-04
   245.485001         1.03209793E-04
