  -18.8999996        -0.00000000    
  -18.7849998        -0.00000000    
  -18.6700001         2.31576430E-23
  -18.5550003         8.86447111E-18
  -18.4400005         5.73328809E-17
  -18.3250008         2.06879790E-16
  -18.2099991         5.45897911E-16
  -18.0949993         1.16810672E-15
  -17.9799995         2.13414165E-15
  -17.8649998         3.42399495E-15
  -17.7500000         4.89315602E-15
  -17.6350002         6.24727329E-15
  -17.5200005         7.04826365E-15
  -17.4050007         6.75943092E-15
  -17.2900009         4.82965905E-15
  -17.1749992         8.08618044E-16
  -17.0599995        -5.52222071E-15
  -16.9449997        -1.40231700E-14
  -16.8299999        -2.40974504E-14
  -16.7150002        -3.46424481E-14
  -16.6000004        -4.40704297E-14
  -16.4850006        -5.04118198E-14
  -16.3700008        -5.15051631E-14
  -16.2549992        -4.52672093E-14
  -16.1399994        -3.00238960E-14
  -16.0249996        -4.87152026E-15
  -15.9099998         2.99728571E-14
  -15.7950001         7.28789994E-14
  -15.6800003         1.20617099E-13
  -15.5649996         1.68320246E-13
  -15.4499998         2.09626262E-13
  -15.3350000         2.37010959E-13
  -15.2200003         2.42302272E-13
  -15.1049995         2.17337555E-13
  -14.9899998         1.54703927E-13
  -14.8750000         4.84786263E-14
  -14.7600002        -1.05122176E-13
  -14.6450005        -3.07279836E-13
  -14.5299997        -5.56372982E-13
  -14.4150000        -8.48092213E-13
  -14.3000002        -1.17588469E-12
  -14.1850004        -1.53169881E-12
  -14.0699997        -1.90695897E-12
  -13.9549999        -2.29366439E-12
  -13.8400002        -2.68548161E-12
  -13.7250004        -3.07869225E-12
  -13.6099997        -3.47287390E-12
  -13.4949999        -3.87119937E-12
  -13.3800001        -4.28031005E-12
  -13.2650003        -4.70972523E-12
  -13.1499996        -5.17084943E-12
  -13.0349998        -5.67565092E-12
  -12.9200001        -6.23516776E-12
  -12.8050003        -6.85799334E-12
  -12.6899996        -7.54894845E-12
  -12.5749998        -8.30810074E-12
  -12.4600000        -9.13029548E-12
  -12.3450003        -1.00052692E-11
  -12.2299995        -1.09183860E-11
  -12.1149998        -1.18519257E-11
  -12.0000000        -1.27867977E-11
  -11.8850002        -1.37044742E-11
  -11.7700005        -1.45889308E-11
  -11.6549997        -1.54283183E-11
  -11.5400000        -1.62161794E-11
  -11.4250002        -1.69520196E-11
  -11.3100004        -1.76411420E-11
  -11.1949997        -1.82937242E-11
  -11.0799999        -1.89232605E-11
  -10.9650002        -1.95444737E-11
  -10.8500004        -2.01710176E-11
  -10.7349997        -2.08131359E-11
  -10.6199999        -2.14757136E-11
  -10.5050001        -2.21568146E-11
  -10.3900003        -2.28470558E-11
  -10.2749996        -2.35298551E-11
  -10.1599998        -2.41825587E-11
  -10.0450001        -2.47784016E-11
  -9.93000031        -2.52890348E-11
  -9.81499958        -2.56873585E-11
  -9.69999981        -2.59502871E-11
  -9.58500004        -2.60611706E-11
  -9.47000027        -2.60114152E-11
  -9.35499954        -2.58012240E-11
  -9.23999977        -2.54392393E-11
  -9.12500000        -2.49410388E-11
  -9.01000023        -2.43267628E-11
  -8.89500046        -2.36180190E-11
  -8.77999973        -2.28344704E-11
  -8.66499996        -2.19904390E-11
  -8.55000019        -2.10920031E-11
  -8.43500042        -2.01349475E-11
  -8.31999969        -1.91036718E-11
  -8.20499992        -1.79713883E-11
  -8.09000015        -1.67014510E-11
  -7.97499990        -1.52496453E-11
  -7.86000013        -1.35674215E-11
  -7.74499989        -1.16053243E-11
  -7.63000011        -9.31653019E-12
  -7.51499987        -6.65992261E-12
  -7.40000010        -3.60241004E-12
  -7.28499985        -1.20216337E-13
  -7.17000008         3.80111220E-12
  -7.05499983         8.16782059E-12
  -6.94000006         1.29801447E-11
  -6.82499981         1.82354756E-11
  -6.71000004         2.39315581E-11
  -6.59499979         3.00701478E-11
  -6.48000002         3.66600708E-11
  -6.36499977         4.37193615E-11
  -6.25000000         5.12768508E-11
  -6.13500023         5.93724236E-11
  -6.01999998         6.80562551E-11
  -5.90500021         7.73872494E-11
  -5.78999996         8.74312567E-11
  -5.67500019         9.82590537E-11
  -5.55999994         1.09944456E-10
  -5.44500017         1.22563237E-10
  -5.32999992         1.36192613E-10
  -5.21500015         1.50912144E-10
  -5.09999990         1.66804667E-10
  -4.98500013         1.83958820E-10
  -4.86999989         2.02471165E-10
  -4.75500011         2.22448587E-10
  -4.63999987         2.44010229E-10
  -4.52500010         2.67288247E-10
  -4.40999985         2.92427721E-10
  -4.29500008         3.19584664E-10
  -4.17999983         3.48922918E-10
  -4.06500006         3.80609627E-10
  -3.95000005         4.14809909E-10
  -3.83500004         4.51680748E-10
  -3.72000003         4.91365337E-10
  -3.60500002         5.33987632E-10
  -3.49000001         5.79649218E-10
  -3.37500000         6.28426866E-10
  -3.25999999         6.80372758E-10
  -3.14499998         7.35516537E-10
  -3.02999997         7.93869304E-10
  -2.91499996         8.55429838E-10
  -2.79999995         9.20190035E-10
  -2.68499994         9.88143123E-10
  -2.56999993         1.05928910E-09
  -2.45499992         1.13364096E-09
  -2.33999991         1.21122889E-09
  -2.22499990         1.29210453E-09
  -2.10999990         1.37634093E-09
  -1.99500000         1.46403467E-09
  -1.88000000         1.55530588E-09
  -1.76499999         1.65029923E-09
  -1.64999998         1.74918435E-09
  -1.53499997         1.85216031E-09
  -1.41999996         1.95946015E-09
  -1.30499995         2.07135664E-09
  -1.19000006         2.18817386E-09
  -1.07500005         2.31029440E-09
 -0.959999979         2.43817189E-09
 -0.845000029         2.57233901E-09
 -0.730000019         2.71341483E-09
 -0.615000010         2.86210922E-09
 -0.500000000         3.01921421E-09
 -0.384999990         3.18559956E-09
 -0.270000011         3.36219252E-09
 -0.155000001         3.54995122E-09
  -3.99999991E-02     3.74983333E-09
   7.50000030E-02     3.96275457E-09
  0.189999998         4.18954738E-09
  0.305000007         4.43091830E-09
  0.419999987         4.68740069E-09
  0.535000026         4.95932095E-09
  0.649999976         5.24676746E-09
  0.764999986         5.54957147E-09
  0.879999995         5.86730176E-09
  0.995000005         6.19927176E-09
   1.11000001         6.54456445E-09
   1.22500002         6.90206825E-09
   1.34000003         7.27052907E-09
   1.45500004         7.64861152E-09
   1.57000005         8.03496114E-09
   1.68499994         8.42828385E-09
   1.79999995         8.82740459E-09
   1.91499996         9.23134102E-09
   2.02999997         9.63934887E-09
   2.14499998         1.00509716E-08
   2.25999999         1.04660609E-08
   2.37500000         1.08847944E-08
   2.49000001         1.13076588E-08
   2.60500002         1.17354393E-08
   2.72000003         1.21691706E-08
   2.83500004         1.26100987E-08
   2.95000005         1.30596041E-08
   3.06500006         1.35191573E-08
   3.18000007         1.39902294E-08
   3.29500008         1.44742351E-08
   3.41000009         1.49724713E-08
   3.52500010         1.54860462E-08
   3.64000010         1.60158429E-08
   3.75500011         1.65624705E-08
   3.86999989         1.71262489E-08
   3.98499990         1.77071886E-08
   4.09999990         1.83049789E-08
   4.21500015         1.89190121E-08
   4.32999992         1.95483931E-08
   4.44500017         2.01919725E-08
   4.55999994         2.08483772E-08
   4.67500019         2.15160618E-08
   4.78999996         2.21933512E-08
   4.90500021         2.28784902E-08
   5.01999998         2.35697115E-08
   5.13500023         2.42652689E-08
   5.25000000         2.49635033E-08
   5.36499977         2.56628852E-08
   5.48000002         2.63620485E-08
   5.59499979         2.70598495E-08
   5.71000004         2.77553660E-08
   5.82499981         2.84479249E-08
   5.94000006         2.91371158E-08
   6.05499983         2.98227540E-08
   6.17000008         3.05048857E-08
   6.28499985         3.11837525E-08
   6.40000010         3.18597309E-08
   6.51499987         3.25332863E-08
   6.63000011         3.32049197E-08
   6.74499989         3.38750858E-08
   6.86000013         3.45441329E-08
   6.97499990         3.52122314E-08
   7.09000015         3.58793066E-08
   7.20499992         3.65449928E-08
   7.32000017         3.72085793E-08
   7.43499994         3.78690039E-08
   7.55000019         3.85248029E-08
   7.66499996         3.91741537E-08
   7.78000021         3.98148714E-08
   7.89499998         4.04444549E-08
   8.01000023         4.10601402E-08
   8.12500000         4.16589749E-08
   8.23999977         4.22378648E-08
   8.35499954         4.27936513E-08
   8.47000027         4.33232223E-08
   8.58500004         4.38235048E-08
   8.69999981         4.42915855E-08
   8.81499958         4.47247004E-08
   8.93000031         4.51202595E-08
   9.04500008         4.54758471E-08
   9.15999985         4.57892071E-08
   9.27499962         4.60581617E-08
   9.39000034         4.62805687E-08
   9.50500011         4.64542431E-08
   9.61999989         4.65768650E-08
   9.73499966         4.66458978E-08
   9.85000038         4.66585313E-08
   9.96500015         4.66115608E-08
   10.0799999         4.65014338E-08
   10.1949997         4.63241250E-08
   10.3100004         4.60752290E-08
   10.4250002         4.57499780E-08
   10.5400000         4.53432776E-08
   10.6549997         4.48498412E-08
   10.7700005         4.42642758E-08
   10.8850002         4.35812133E-08
   11.0000000         4.27954205E-08
   11.1149998         4.19019912E-08
   11.2299995         4.08963672E-08
   11.3450003         3.97744699E-08
   11.4600000         3.85327681E-08
   11.5749998         3.71682773E-08
   11.6899996         3.56785712E-08
   11.8050003         3.40617383E-08
   11.9200001         3.23162723E-08
   12.0349998         3.04410506E-08
   12.1499996         2.84351280E-08
   12.2650003         2.62976734E-08
   12.3800001         2.40278322E-08
   12.4949999         2.16246292E-08
   12.6099997         1.90868796E-08
   12.7250004         1.64131126E-08
   12.8400002         1.36015945E-08
   12.9549999         1.06502824E-08
   13.0699997         7.55691509E-09
   13.1850004         4.31910330E-09
   13.3000002         9.34404554E-10
   13.4150000        -2.59948152E-09
   13.5299997        -6.28464036E-09
   13.6450005        -1.01227222E-08
   13.7600002        -1.41148444E-08
   13.8750000        -1.82614137E-08
   13.9899998        -2.25620393E-08
   14.1049995        -2.70154210E-08
   14.2200003        -3.16192725E-08
   14.3350000        -3.63703201E-08
   14.4499998        -4.12642507E-08
   14.5649996        -4.62957743E-08
   14.6800003        -5.14586418E-08
   14.7950001        -5.67457228E-08
   14.9099998        -6.21490628E-08
   15.0249996        -6.76600820E-08
   15.1400003        -7.32695682E-08
   15.2550001        -7.89678722E-08
   15.3699999        -8.47450039E-08
   15.4849997        -9.05907882E-08
   15.6000004        -9.64950360E-08
   15.7150002        -1.02447615E-07
   15.8299999        -1.08438570E-07
   15.9449997        -1.14458281E-07
   16.0599995        -1.20497504E-07
   16.1749992        -1.26547548E-07
   16.2900009        -1.32600277E-07
   16.4050007        -1.38648119E-07
   16.5200005        -1.44684094E-07
   16.6350002        -1.50701837E-07
   16.7500000        -1.56695378E-07
   16.8649998        -1.62659234E-07
   16.9799995        -1.68588102E-07
   17.0949993        -1.74476909E-07
   17.2099991        -1.80320455E-07
   17.3250008        -1.86113311E-07
   17.4400005        -1.91849722E-07
   17.5550003        -1.97523150E-07
   17.6700001        -2.03126518E-07
   17.7849998        -2.08651826E-07
   17.8999996        -2.14090051E-07
   18.0149994        -2.19431172E-07
   18.1299992        -2.24664120E-07
   18.2450008        -2.29776788E-07
   18.3600006        -2.34755930E-07
   18.4750004        -2.39587592E-07
   18.5900002        -2.44256711E-07
   18.7049999        -2.48747568E-07
   18.8199997        -2.53043765E-07
   18.9349995        -2.57128022E-07
   19.0499992        -2.60982659E-07
   19.1650009        -2.64589175E-07
   19.2800007        -2.67928726E-07
   19.3950005        -2.70981673E-07
   19.5100002        -2.73727522E-07
   19.6250000        -2.76145101E-07
   19.7399998        -2.78212184E-07
   19.8549995        -2.79905521E-07
   19.9699993        -2.81200442E-07
   20.0849991        -2.82071198E-07
   20.2000008        -2.82490305E-07
   20.3150005        -2.82428800E-07
   20.4300003        -2.81856103E-07
   20.5450001        -2.80740210E-07
   20.6599998        -2.79047413E-07
   20.7749996        -2.76742071E-07
   20.8899994        -2.73787720E-07
   21.0049992        -2.70146188E-07
   21.1200008        -2.65778397E-07
   21.2350006        -2.60644100E-07
   21.3500004        -2.54702599E-07
   21.4650002        -2.47912681E-07
   21.5799999        -2.40232396E-07
   21.6949997        -2.31620049E-07
   21.8099995        -2.22034032E-07
   21.9249992        -2.11432877E-07
   22.0400009        -1.99775428E-07
   22.1550007        -1.87021072E-07
   22.2700005        -1.73129507E-07
   22.3850002        -1.58061368E-07
   22.5000000        -1.41777463E-07
   22.6149998        -1.24238483E-07
   22.7299995        -1.05405917E-07
   22.8449993        -8.52409983E-08
   22.9599991        -6.37051869E-08
   23.0750008        -4.07592893E-08
   23.1900005        -1.63639129E-08
   23.3050003         9.52087476E-09
   23.4200001         3.69356599E-08
   23.5349998         6.59218244E-08
   23.6499996         9.65212621E-08
   23.7649994         1.28777572E-07
   23.8799992         1.62734011E-07
   23.9950008         1.98435117E-07
   24.1100006         2.35925967E-07
   24.2250004         2.75251892E-07
   24.3400002         3.16458369E-07
   24.4549999         3.59590899E-07
   24.5699997         4.04695811E-07
   24.6849995         4.51818863E-07
   24.7999992         5.01005616E-07
   24.9150009         5.52302538E-07
   25.0300007         6.05755190E-07
   25.1450005         6.61410297E-07
   25.2600002         7.19314073E-07
   25.3750000         7.79514096E-07
   25.4899998         8.42058625E-07
   25.6049995         9.06996775E-07
   25.7199993         9.74379077E-07
   25.8349991         1.04425783E-06
   25.9500008         1.11668624E-06
   26.0650005         1.19171955E-06
   26.1800003         1.26941495E-06
   26.2950001         1.34983088E-06
   26.4099998         1.43302748E-06
   26.5249996         1.51906670E-06
   26.6399994         1.60801119E-06
   26.7549992         1.69992484E-06
   26.8700008         1.79487165E-06
   26.9850006         1.89291620E-06
   27.1000004         1.99412284E-06
   27.2150002         2.09855534E-06
   27.3299999         2.20627771E-06
   27.4449997         2.31735203E-06
   27.5599995         2.43183831E-06
   27.6749992         2.54979568E-06
   27.7900009         2.67128098E-06
   27.9050007         2.79634855E-06
   28.0200005         2.92504910E-06
   28.1350002         3.05743197E-06
   28.2500000         3.19353990E-06
   28.3649998         3.33341632E-06
   28.4799995         3.47709783E-06
   28.5949993         3.62461674E-06
   28.7099991         3.77600168E-06
   28.8250008         3.93127630E-06
   28.9400005         4.09045970E-06
   29.0550003         4.25356529E-06
   29.1700001         4.42060264E-06
   29.2849998         4.59157673E-06
   29.3999996         4.76648665E-06
   29.5149994         4.94532742E-06
   29.6299992         5.12808856E-06
   29.7450008         5.31475644E-06
   29.8600006         5.50530967E-06
   29.9750004         5.69972326E-06
   30.0900002         5.89796764E-06
   30.2049999         6.10000734E-06
   30.3199997         6.30580098E-06
   30.4349995         6.51529808E-06
   30.5499992         6.72844817E-06
   30.6650009         6.94518621E-06
   30.7800007         7.16544400E-06
   30.8950005         7.38914332E-06
   31.0100002         7.61619776E-06
   31.1250000         7.84651183E-06
   31.2399998         8.07998276E-06
   31.3549995         8.31649595E-06
   31.4699993         8.55593316E-06
   31.5849991         8.79816162E-06
   31.7000008         9.04304579E-06
   31.8150005         9.29043927E-06
   31.9300003         9.54019379E-06
   32.0449982         9.79215019E-06
   32.1599998         1.00461457E-05
   32.2750015         1.03020147E-05
   32.3899994         1.05595864E-05
   32.5050011         1.08186896E-05
   32.6199989         1.10791480E-05
   32.7350006         1.13407805E-05
   32.8499985         1.16034098E-05
   32.9650002         1.18668531E-05
   33.0800018         1.21309249E-05
   33.1949997         1.23954405E-05
   33.3100014         1.26602099E-05
   33.4249992         1.29250438E-05
   33.5400009         1.31897459E-05
   33.6549988         1.34541206E-05
   33.7700005         1.37179650E-05
   33.8849983         1.39810763E-05
   34.0000000         1.42432473E-05
   34.1150017         1.45042632E-05
   34.2299995         1.47639112E-05
   34.3450012         1.50219712E-05
   34.4599991         1.52782195E-05
   34.5750008         1.55324287E-05
   34.6899986         1.57843679E-05
   34.8050003         1.60338022E-05
   34.9199982         1.62804972E-05
   35.0349998         1.65242145E-05
   35.1500015         1.67647122E-05
   35.2649994         1.70017465E-05
   35.3800011         1.72350738E-05
   35.4949989         1.74644556E-05
   35.6100006         1.76896356E-05
   35.7249985         1.79103772E-05
   35.8400002         1.81264368E-05
   35.9550018         1.83375705E-05
   36.0699997         1.85435347E-05
   36.1850014         1.87440892E-05
   36.2999992         1.89389975E-05
   36.4150009         1.91280233E-05
   36.5299988         1.93109299E-05
   36.6450005         1.94874883E-05
   36.7599983         1.96574601E-05
   36.8750000         1.98206162E-05
   36.9900017         1.99767237E-05
   37.1049995         2.01255461E-05
   37.2200012         2.02668489E-05
   37.3349991         2.04003991E-05
   37.4500008         2.05259530E-05
   37.5649986         2.06432687E-05
   37.6800003         2.07521007E-05
   37.7949982         2.08521997E-05
   37.9099998         2.09433128E-05
   38.0250015         2.10251837E-05
   38.1399994         2.10975595E-05
   38.2550011         2.11601764E-05
   38.3699989         2.12127816E-05
   38.4850006         2.12551131E-05
   38.5999985         2.12869199E-05
   38.7150002         2.13079493E-05
   38.8300018         2.13179555E-05
   38.9449997         2.13166950E-05
   39.0600014         2.13039330E-05
   39.1749992         2.12794439E-05
   39.2900009         2.12429986E-05
   39.4049988         2.11943880E-05
   39.5200005         2.11333972E-05
   39.6349983         2.10598246E-05
   39.7500000         2.09734717E-05
   39.8650017         2.08741421E-05
   39.9799995         2.07616431E-05
   40.0950012         2.06357836E-05
   40.2099991         2.04963726E-05
   40.3250008         2.03432173E-05
   40.4399986         2.01761231E-05
   40.5550003         1.99948900E-05
   40.6699982         1.97993195E-05
   40.7849998         1.95892062E-05
   40.9000015         1.93643355E-05
   41.0149994         1.91244962E-05
   41.1300011         1.88694630E-05
   41.2449989         1.85990139E-05
   41.3600006         1.83129196E-05
   41.4749985         1.80109455E-05
   41.5900002         1.76928515E-05
   41.7050018         1.73583976E-05
   41.8199997         1.70073363E-05
   41.9350014         1.66394202E-05
   42.0499992         1.62544002E-05
   42.1650009         1.58520197E-05
   42.2799988         1.54320242E-05
   42.3950005         1.49941543E-05
   42.5099983         1.45381500E-05
   42.6250000         1.40637476E-05
   42.7400017         1.35706841E-05
   42.8549995         1.30586941E-05
   42.9700012         1.25275092E-05
   43.0849991         1.19768629E-05
   43.2000008         1.14064878E-05
   43.3149986         1.08161175E-05
   43.4300003         1.02054837E-05
   43.5449982         9.57432439E-06
   43.6599998         8.92237586E-06
   43.7750015         8.24938070E-06
   43.8899994         7.55508290E-06
   44.0050011         6.83923281E-06
   44.1199989         6.10158531E-06
   44.2350006         5.34190121E-06
   44.3499985         4.55995178E-06
   44.4650002         3.75551349E-06
   44.5800018         2.92837694E-06
   44.6949997         2.07834091E-06
   44.8100014         1.20522122E-06
   44.9249992         3.08846438E-07
   45.0400009        -6.10937832E-07
   45.1549988        -1.55426505E-06
   45.2700005        -2.52124414E-06
   45.3849983        -3.51196491E-06
   45.5000000        -4.52649056E-06
   45.6150017        -5.56485656E-06
   45.7299995        -6.62706771E-06
   45.8450012        -7.71310260E-06
   45.9599991        -8.82290624E-06
   46.0750008        -9.95639402E-06
   46.1899986        -1.11134450E-05
   46.3050003        -1.22939036E-05
   46.4199982        -1.34975999E-05
   46.5349998        -1.47243154E-05
   46.6500015        -1.59738083E-05
   46.7649994        -1.72458076E-05
   46.8800011        -1.85400186E-05
   46.9949989        -1.98561193E-05
   47.1100006        -2.11937568E-05
   47.2249985        -2.25525619E-05
   47.3400002        -2.39321453E-05
   47.4550018        -2.53320832E-05
   47.5699997        -2.67519372E-05
   47.6850014        -2.81912471E-05
   47.7999992        -2.96495291E-05
   47.9150009        -3.11262811E-05
   48.0299988        -3.26209774E-05
   48.1450005        -3.41330779E-05
   48.2599983        -3.56620149E-05
   48.3750000        -3.72072027E-05
   48.4900017        -3.87680411E-05
   48.6049995        -4.03439226E-05
   48.7200012        -4.19342032E-05
   48.8349991        -4.35382681E-05
   48.9500008        -4.51554406E-05
   49.0649986        -4.67850950E-05
   49.1800003        -4.84265693E-05
   49.2949982        -5.00792084E-05
   49.4099998        -5.17423796E-05
   49.5250015        -5.34154387E-05
   49.6399994        -5.50977929E-05
   49.7550011        -5.67888237E-05
   49.8699989        -5.84879708E-05
   49.9850006        -6.01946886E-05
   50.0999985        -6.19084676E-05
   50.2150002        -6.36288169E-05
   50.3300018        -6.53552997E-05
   50.4449997        -6.70874942E-05
   50.5600014        -6.88250511E-05
   50.6749992        -7.05676284E-05
   50.7900009        -7.23149424E-05
   50.9049988        -7.40667601E-05
   51.0200005        -7.58228925E-05
   51.1349983        -7.75831795E-05
   51.2500000        -7.93475265E-05
   51.3650017        -8.11158534E-05
   51.4799995        -8.28881748E-05
   51.5950012        -8.46644834E-05
   51.7099991        -8.64448812E-05
   51.8250008        -8.82294626E-05
   51.9399986        -9.00184023E-05
   52.0550003        -9.18118894E-05
   52.1699982        -9.36101496E-05
   52.2849998        -9.54134593E-05
   52.4000015        -9.72221242E-05
   52.5149994        -9.90364788E-05
   52.6300011        -1.00856902E-04
   52.7449989        -1.02683785E-04
   52.8600006        -1.04517560E-04
   52.9749985        -1.06358668E-04
   53.0900002        -1.08207547E-04
   53.2050018        -1.10064728E-04
   53.3199997        -1.11930669E-04
   53.4350014        -1.13805901E-04
   53.5499992        -1.15690927E-04
   53.6650009        -1.17586242E-04
   53.7799988        -1.19492353E-04
   53.8950005        -1.21409721E-04
   54.0099983        -1.23338803E-04
   54.1250000        -1.25279985E-04
   54.2400017        -1.27233696E-04
   54.3549995        -1.29200213E-04
   54.4700012        -1.31179826E-04
   54.5849991        -1.33172696E-04
   54.7000008        -1.35178969E-04
   54.8149986        -1.37198658E-04
   54.9300003        -1.39231663E-04
   55.0449982        -1.41277822E-04
   55.1599998        -1.43336816E-04
   55.2750015        -1.45408267E-04
   55.3899994        -1.47491621E-04
   55.5050011        -1.49586180E-04
   55.6199989        -1.51691143E-04
   55.7350006        -1.53805537E-04
   55.8499985        -1.55928326E-04
   55.9650002        -1.58058261E-04
   56.0800018        -1.60193958E-04
   56.1949997        -1.62333890E-04
   56.3100014        -1.64476412E-04
   56.4249992        -1.66619735E-04
   56.5400009        -1.68761850E-04
   56.6549988        -1.70900719E-04
   56.7700005        -1.73034059E-04
   56.8849983        -1.75159556E-04
   57.0000000        -1.77274618E-04
   57.1150017        -1.79376628E-04
   57.2299995        -1.81462819E-04
   57.3450012        -1.83530283E-04
   57.4599991        -1.85575904E-04
   57.5750008        -1.87596554E-04
   57.6899986        -1.89588929E-04
   57.8050003        -1.91549625E-04
   57.9199982        -1.93475120E-04
   58.0349998        -1.95361819E-04
   58.1500015        -1.97206013E-04
   58.2649994        -1.99003844E-04
   58.3800011        -2.00751529E-04
   58.4949989        -2.02445110E-04
   58.6100006        -2.04080628E-04
   58.7249985        -2.05654011E-04
   58.8400002        -2.07161298E-04
   58.9550018        -2.08598402E-04
   59.0699997        -2.09961261E-04
   59.1850014        -2.11245904E-04
   59.2999992        -2.12448300E-04
   59.4150009        -2.13564519E-04
   59.5299988        -2.14590662E-04
   59.6450005        -2.15522930E-04
   59.7599983        -2.16357614E-04
   59.8750000        -2.17091059E-04
   59.9900017        -2.17719746E-04
   60.1049995        -2.18240253E-04
   60.2200012        -2.18649322E-04
   60.3349991        -2.18943809E-04
   60.4500008        -2.19120673E-04
   60.5649986        -2.19177105E-04
   60.6800003        -2.19110399E-04
   60.7949982        -2.18918009E-04
   60.9099998        -2.18597561E-04
   61.0250015        -2.18146888E-04
   61.1399994        -2.17563982E-04
   61.2550011        -2.16846995E-04
   61.3699989        -2.15994311E-04
   61.4850006        -2.15004475E-04
   61.5999985        -2.13876265E-04
   61.7150002        -2.12608633E-04
   61.8300018        -2.11200793E-04
   61.9449997        -2.09652120E-04
   62.0600014        -2.07962323E-04
   62.1749992        -2.06131197E-04
   62.2900009        -2.04158932E-04
   62.4049988        -2.02045863E-04
   62.5200005        -1.99792586E-04
   62.6349983        -1.97400033E-04
   62.7500000        -1.94869295E-04
   62.8650017        -1.92201755E-04
   62.9799995        -1.89399099E-04
   63.0950012        -1.86463207E-04
   63.2099991        -1.83396274E-04
   63.3250008        -1.80200703E-04
   63.4399986        -1.76879141E-04
   63.5550003        -1.73434571E-04
   63.6699982        -1.69870124E-04
   63.7849998        -1.66189202E-04
   63.9000015        -1.62395503E-04
   64.0149994        -1.58492854E-04
   64.1299973        -1.54485431E-04
   64.2450027        -1.50377542E-04
   64.3600006        -1.46173828E-04
   64.4749985        -1.41879078E-04
   64.5899963        -1.37498399E-04
   64.7050018        -1.33037058E-04
   64.8199997        -1.28500658E-04
   64.9349976        -1.23895006E-04
   65.0500031        -1.19226170E-04
   65.1650009        -1.14500486E-04
   65.2799988        -1.09724577E-04
   65.3949966        -1.04905252E-04
   65.5100021        -1.00049649E-04
   65.6250000        -9.51651382E-05
   65.7399979        -9.02593747E-05
   65.8550034        -8.53402671E-05
   65.9700012        -8.04159572E-05
   66.0849991        -7.54947978E-05
   66.1999969        -7.05854109E-05
   66.3150024        -6.56967241E-05
   66.4300003        -6.08377486E-05
   66.5449982        -5.60177868E-05
   66.6600037        -5.12462357E-05
   66.7750015        -4.65327394E-05
   66.8899994        -4.18870768E-05
   67.0049973        -3.73191542E-05
   67.1200027        -3.28390452E-05
   67.2350006        -2.84568414E-05
   67.3499985        -2.41827984E-05
   67.4649963        -2.00271970E-05
   67.5800018        -1.60004165E-05
   67.6949997        -1.21128323E-05
   67.8099976        -8.37480184E-06
   67.9250031        -4.79669325E-06
   68.0400009        -1.38888208E-06
   68.1549988         1.83838711E-06
   68.2699966         4.87494253E-06
   68.3850021         7.71065606E-06
   68.5000000         1.03356251E-05
   68.6149979         1.27400599E-05
   68.7300034         1.49144180E-05
   68.8450012         1.68493680E-05
   68.9599991         1.85357967E-05
   69.0749969         1.99649694E-05
   69.1900024         2.11284896E-05
   69.3050003         2.20182665E-05
   69.4199982         2.26266893E-05
   69.5350037         2.29464786E-05
   69.6500015         2.29709767E-05
   69.7649994         2.26939810E-05
   69.8799973         2.21098198E-05
   69.9950027         2.12134182E-05
   70.1100006         2.00003306E-05
   70.2249985         1.84667115E-05
   70.3399963         1.66094542E-05
   70.4550018         1.44260957E-05
   70.5699997         1.19149154E-05
   70.6849976         9.07485810E-06
   70.8000031         5.90566924E-06
   70.9150009         2.40780719E-06
   71.0299988        -1.41756391E-06
   71.1449966        -5.56848499E-06
   71.2600021        -1.00422403E-05
   71.3750000        -1.48354029E-05
   71.4899979        -1.99438327E-05
   71.6050034        -2.53626040E-05
   71.7200012        -3.10861833E-05
   71.8349991        -3.71082569E-05
   71.9499969        -4.34219291E-05
   72.0650024        -5.00196074E-05
   72.1800003        -5.68930045E-05
   72.2949982        -6.40333164E-05
   72.4100037        -7.14311245E-05
   72.5250015        -7.90764316E-05
   72.6399994        -8.69587093E-05
   72.7549973        -9.50669491E-05
   72.8700027        -1.03389597E-04
   72.9850006        -1.11914691E-04
   73.0999985        -1.20629884E-04
   73.2149963        -1.29522421E-04
   73.3300018        -1.38579213E-04
   73.4449997        -1.47786923E-04
   73.5599976        -1.57131901E-04
   73.6750031        -1.66600308E-04
   73.7900009        -1.76178146E-04
   73.9049988        -1.85851299E-04
   74.0199966        -1.95605608E-04
   74.1350021        -2.05426855E-04
   74.2500000        -2.15300868E-04
   74.3649979        -2.25213589E-04
   74.4800034        -2.35150976E-04
   74.5950012        -2.45099305E-04
   74.7099991        -2.55044841E-04
   74.8249969        -2.64974311E-04
   74.9400024        -2.74874561E-04
   75.0550003        -2.84732814E-04
   75.1699982        -2.94536585E-04
   75.2850037        -3.04273766E-04
   75.4000015        -3.13932629E-04
   75.5149994        -3.23501823E-04
   75.6299973        -3.32970347E-04
   75.7450027        -3.42327752E-04
   75.8600006        -3.51563882E-04
   75.9749985        -3.60669015E-04
   76.0899963        -3.69633955E-04
   76.2050018        -3.78449768E-04
   76.3199997        -3.87108099E-04
   76.4349976        -3.95600946E-04
   76.5500031        -4.03920742E-04
   76.6650009        -4.12060239E-04
   76.7799988        -4.20012686E-04
   76.8949966        -4.27771709E-04
   77.0100021        -4.35331254E-04
   77.1250000        -4.42685588E-04
   77.2399979        -4.49829560E-04
   77.3550034        -4.56758018E-04
   77.4700012        -4.63466451E-04
   77.5849991        -4.69950348E-04
   77.6999969        -4.76205721E-04
   77.8150024        -4.82228701E-04
   77.9300003        -4.88015736E-04
   78.0449982        -4.93563479E-04
   78.1600037        -4.98868758E-04
   78.2750015        -5.03928517E-04
   78.3899994        -5.08739904E-04
   78.5049973        -5.13300125E-04
   78.6200027        -5.17606386E-04
   78.7350006        -5.21656242E-04
   78.8499985        -5.25446958E-04
   78.9649963        -5.28975856E-04
   79.0800018        -5.32240374E-04
   79.1949997        -5.35237661E-04
   79.3099976        -5.37965039E-04
   79.4250031        -5.40419482E-04
   79.5400009        -5.42598194E-04
   79.6549988        -5.44497860E-04
   79.7699966        -5.46115334E-04
   79.8850021        -5.47447125E-04
   80.0000000        -5.48489741E-04
   80.1149979        -5.49239398E-04
   80.2300034        -5.49692253E-04
   80.3450012        -5.49844466E-04
   80.4599991        -5.49691555E-04
   80.5749969        -5.49229502E-04
   80.6900024        -5.48453594E-04
   80.8050003        -5.47359290E-04
   80.9199982        -5.45941759E-04
   81.0350037        -5.44195995E-04
   81.1500015        -5.42117166E-04
   81.2649994        -5.39699686E-04
   81.3799973        -5.36938489E-04
   81.4950027        -5.33828046E-04
   81.6100006        -5.30362478E-04
   81.7249985        -5.26536256E-04
   81.8399963        -5.22343442E-04
   81.9550018        -5.17778040E-04
   82.0699997        -5.12833882E-04
   82.1849976        -5.07504854E-04
   82.3000031        -5.01784671E-04
   82.4150009        -4.95666871E-04
   82.5299988        -4.89145168E-04
   82.6449966        -4.82213072E-04
   82.7600021        -4.74864122E-04
   82.8750000        -4.67091915E-04
   82.9899979        -4.58889990E-04
   83.1050034        -4.50252031E-04
   83.2200012        -4.41171753E-04
   83.3349991        -4.31642839E-04
   83.4499969        -4.21659439E-04
   83.5650024        -4.11215588E-04
   83.6800003        -4.00305464E-04
   83.7949982        -3.88923654E-04
   83.9100037        -3.77064920E-04
   84.0250015        -3.64724139E-04
   84.1399994        -3.51896480E-04
   84.2549973        -3.38577636E-04
   84.3700027        -3.24763329E-04
   84.4850006        -3.10449774E-04
   84.5999985        -2.95633508E-04
   84.7149963        -2.80311389E-04
   84.8300018        -2.64480710E-04
   84.9449997        -2.48139142E-04
   85.0599976        -2.31284939E-04
   85.1750031        -2.13916603E-04
   85.2900009        -1.96033187E-04
   85.4049988        -1.77634327E-04
   85.5199966        -1.58720140E-04
   85.6350021        -1.39291311E-04
   85.7500000        -1.19349039E-04
   85.8649979        -9.88952670E-05
   85.9800034        -7.79325928E-05
   86.0950012        -5.64641377E-05
   86.2099991        -3.44938671E-05
   86.3249969        -1.20264522E-05
   86.4400024         1.09327011E-05
   86.5550003         3.43772626E-05
   86.6699982         5.83001820E-05
   86.7850037         8.26934702E-05
   86.9000015         1.07548301E-04
   87.0149994         1.32854882E-04
   87.1299973         1.58602517E-04
   87.2450027         1.84779536E-04
   87.3600006         2.11373335E-04
   87.4749985         2.38370296E-04
   87.5899963         2.65755865E-04
   87.7050018         2.93514342E-04
   87.8199997         3.21629224E-04
   87.9349976         3.50082817E-04
   88.0500031         3.78856668E-04
   88.1650009         4.07931162E-04
   88.2799988         4.37285722E-04
   88.3949966         4.66898899E-04
   88.5100021         4.96748311E-04
   88.6250000         5.26810414E-04
   88.7399979         5.57061168E-04
   88.8550034         5.87475079E-04
   88.9700012         6.18026301E-04
   89.0849991         6.48687885E-04
   89.1999969         6.79432182E-04
   89.3150024         7.10230612E-04
   89.4300003         7.41053838E-04
   89.5449982         7.71872059E-04
   89.6600037         8.02654540E-04
   89.7750015         8.33370141E-04
   89.8899994         8.63986905E-04
   90.0049973         8.94472585E-04
   90.1200027         9.24794353E-04
   90.2350006         9.54919029E-04
   90.3499985         9.84813320E-04
   90.4649963         1.01444346E-03
   90.5800018         1.04377570E-03
   90.6949997         1.07277615E-03
   90.8099976         1.10141130E-03
   90.9250031         1.12964725E-03
   91.0400009         1.15745061E-03
   91.1549988         1.18478853E-03
   91.2699966         1.21162797E-03
   91.3850021         1.23793713E-03
   91.5000000         1.26368448E-03
   91.6149979         1.28883892E-03
   91.7300034         1.31337089E-03
   91.8450012         1.33725069E-03
   91.9599991         1.36045052E-03
   92.0749969         1.38294313E-03
   92.1900024         1.40470243E-03
   92.3050003         1.42570375E-03
   92.4199982         1.44592323E-03
   92.5350037         1.46533921E-03
   92.6500015         1.48393051E-03
   92.7649994         1.50167791E-03
   92.8799973         1.51856348E-03
   92.9950027         1.53457152E-03
   93.1100006         1.54968665E-03
   93.2249985         1.56389677E-03
   93.3399963         1.57719024E-03
   93.4550018         1.58955809E-03
   93.5699997         1.60099252E-03
   93.6849976         1.61148794E-03
   93.8000031         1.62104052E-03
   93.9150009         1.62964826E-03
   94.0299988         1.63731095E-03
   94.1449966         1.64403080E-03
   94.2600021         1.64981093E-03
   94.3750000         1.65465707E-03
   94.4899979         1.65857666E-03
   94.6050034         1.66157889E-03
   94.7200012         1.66367425E-03
   94.8349991         1.66487531E-03
   94.9499969         1.66519650E-03
   95.0650024         1.66465319E-03
   95.1800003         1.66326249E-03
   95.2949982         1.66104303E-03
   95.4100037         1.65801437E-03
   95.5250015         1.65419781E-03
   95.6399994         1.64961524E-03
   95.7549973         1.64428970E-03
   95.8700027         1.63824519E-03
   95.9850006         1.63150637E-03
   96.0999985         1.62409828E-03
   96.2149963         1.61604723E-03
   96.3300018         1.60737894E-03
   96.4449997         1.59811997E-03
   96.5599976         1.58829731E-03
   96.6750031         1.57793728E-03
   96.7900009         1.56706653E-03
   96.9049988         1.55571150E-03
   97.0199966         1.54389767E-03
   97.1350021         1.53165101E-03
   97.2500000         1.51899620E-03
   97.3649979         1.50595733E-03
   97.4800034         1.49255793E-03
   97.5950012         1.47882022E-03
   97.7099991         1.46476529E-03
   97.8249969         1.45041384E-03
   97.9400024         1.43578416E-03
   98.0550003         1.42089394E-03
   98.1699982         1.40575925E-03
   98.2850037         1.39039452E-03
   98.4000015         1.37481280E-03
   98.5149994         1.35902467E-03
   98.6299973         1.34304003E-03
   98.7450027         1.32686587E-03
   98.8600006         1.31050823E-03
   98.9749985         1.29397062E-03
   99.0899963         1.27725489E-03
   99.2050018         1.26036047E-03
   99.3199997         1.24328549E-03
   99.4349976         1.22602563E-03
   99.5500031         1.20857428E-03
   99.6650009         1.19092409E-03
   99.7799988         1.17306458E-03
   99.8949966         1.15498388E-03
   100.010002         1.13666826E-03
   100.125000         1.11810223E-03
   100.239998         1.09926879E-03
   100.355003         1.08014897E-03
   100.470001         1.06072298E-03
   100.584999         1.04096893E-03
   100.699997         1.02086412E-03
   100.815002         1.00038410E-03
   100.930000         9.79504082E-04
   101.044998         9.58197808E-04
   101.160004         9.36438562E-04
   101.275002         9.14198637E-04
   101.389999         8.91450036E-04
   101.504997         8.68164061E-04
   101.620003         8.44312075E-04
   101.735001         8.19865207E-04
   101.849998         7.94794527E-04
   101.964996         7.69071397E-04
   102.080002         7.42667704E-04
   102.195000         7.15555507E-04
   102.309998         6.87707681E-04
   102.425003         6.59097917E-04
   102.540001         6.29700837E-04
   102.654999         5.99492283E-04
   102.769997         5.68449264E-04
   102.885002         5.36550418E-04
   103.000000         5.03775780E-04
   103.114998         4.70107130E-04
   103.230003         4.35528462E-04
   103.345001         4.00025310E-04
   103.459999         3.63585656E-04
   103.574997         3.26199632E-04
   103.690002         2.87859992E-04
   103.805000         2.48561555E-04
   103.919998         2.08302197E-04
   104.035004         1.67082108E-04
   104.150002         1.24904269E-04
   104.264999         8.17746841E-05
   104.379997         3.77020406E-05
   104.495003        -7.30198735E-06
   104.610001        -5.32228369E-05
   104.724998        -1.00042904E-04
   104.839996        -1.47741594E-04
   104.955002        -1.96295441E-04
   105.070000        -2.45677744E-04
   105.184998        -2.95859209E-04
   105.300003        -3.46807181E-04
   105.415001        -3.98486387E-04
   105.529999        -4.50858584E-04
   105.644997        -5.03882708E-04
   105.760002        -5.57515072E-04
   105.875000        -6.11709082E-04
   105.989998        -6.66415785E-04
   106.105003        -7.21583376E-04
   106.220001        -7.77158188E-04
   106.334999        -8.33083817E-04
   106.449997        -8.89301824E-04
   106.565002        -9.45751672E-04
   106.680000        -1.00237096E-03
   106.794998        -1.05909549E-03
   106.910004        -1.11585949E-03
   107.025002        -1.17259577E-03
   107.139999        -1.22923590E-03
   107.254997        -1.28570991E-03
   107.370003        -1.34194759E-03
   107.485001        -1.39787735E-03
   107.599998        -1.45342737E-03
   107.714996        -1.50852534E-03
   107.830002        -1.56309875E-03
   107.945000        -1.61707518E-03
   108.059998        -1.67038233E-03
   108.175003        -1.72294839E-03
   108.290001        -1.77470199E-03
   108.404999        -1.82557246E-03
   108.519997        -1.87549018E-03
   108.635002        -1.92438683E-03
   108.750000        -1.97219523E-03
   108.864998        -2.01884960E-03
   108.980003        -2.06428627E-03
   109.095001        -2.10844260E-03
   109.209999        -2.15125876E-03
   109.324997        -2.19267653E-03
   109.440002        -2.23264052E-03
   109.555000        -2.27109739E-03
   109.669998        -2.30799615E-03
   109.785004        -2.34328909E-03
   109.900002        -2.37693125E-03
   110.014999        -2.40888074E-03
   110.129997        -2.43909820E-03
   110.245003        -2.46754824E-03
   110.360001        -2.49419827E-03
   110.474998        -2.51901918E-03
   110.589996        -2.54198536E-03
   110.705002        -2.56307470E-03
   110.820000        -2.58226879E-03
   110.934998        -2.59955274E-03
   111.050003        -2.61491560E-03
   111.165001        -2.62834947E-03
   111.279999        -2.63985107E-03
   111.394997        -2.64941994E-03
   111.510002        -2.65706005E-03
   111.625000        -2.66277860E-03
   111.739998        -2.66658678E-03
   111.855003        -2.66849971E-03
   111.970001        -2.66853441E-03
   112.084999        -2.66671367E-03
   112.199997        -2.66306219E-03
   112.315002        -2.65760906E-03
   112.430000        -2.65038549E-03
   112.544998        -2.64142663E-03
   112.660004        -2.63077067E-03
   112.775002        -2.61845835E-03
   112.889999        -2.60453369E-03
   113.004997        -2.58904300E-03
   113.120003        -2.57203495E-03
   113.235001        -2.55356170E-03
   113.349998        -2.53367587E-03
   113.464996        -2.51243380E-03
   113.580002        -2.48989300E-03
   113.695000        -2.46611261E-03
   113.809998        -2.44115409E-03
   113.925003        -2.41507962E-03
   114.040001        -2.38795299E-03
   114.154999        -2.35983869E-03
   114.269997        -2.33080285E-03
   114.385002        -2.30091182E-03
   114.500000        -2.27023242E-03
   114.614998        -2.23883195E-03
   114.730003        -2.20677792E-03
   114.845001        -2.17413786E-03
   114.959999        -2.14097882E-03
   115.074997        -2.10736785E-03
   115.190002        -2.07337085E-03
   115.305000        -2.03905371E-03
   115.419998        -2.00448069E-03
   115.535004        -1.96971488E-03
   115.650002        -1.93481869E-03
   115.764999        -1.89985265E-03
   115.879997        -1.86487543E-03
   115.995003        -1.82994467E-03
   116.110001        -1.79511507E-03
   116.224998        -1.76044018E-03
   116.339996        -1.72597077E-03
   116.455002        -1.69175596E-03
   116.570000        -1.65784161E-03
   116.684998        -1.62427162E-03
   116.800003        -1.59108755E-03
   116.915001        -1.55832770E-03
   117.029999        -1.52602803E-03
   117.144997        -1.49422162E-03
   117.260002        -1.46293838E-03
   117.375000        -1.43220602E-03
   117.489998        -1.40204863E-03
   117.605003        -1.37248822E-03
   117.720001        -1.34354271E-03
   117.834999        -1.31522818E-03
   117.949997        -1.28755684E-03
   118.065002        -1.26053893E-03
   118.180000        -1.23418123E-03
   118.294998        -1.20848767E-03
   118.410004        -1.18345977E-03
   118.525002        -1.15909602E-03
   118.639999        -1.13539235E-03
   118.754997        -1.11234200E-03
   118.870003        -1.08993612E-03
   118.985001        -1.06816308E-03
   119.099998        -1.04700914E-03
   119.214996        -1.02645822E-03
   119.330002        -1.00649241E-03
   119.445000        -9.87092033E-04
   119.559998        -9.68234963E-04
   119.675003        -9.49898153E-04
   119.790001        -9.32056806E-04
   119.904999        -9.14684846E-04
   120.019997        -8.97754799E-04
   120.135002        -8.81238491E-04
   120.250000        -8.65106646E-04
   120.364998        -8.49329692E-04
   120.480003        -8.33877246E-04
   120.595001        -8.18718574E-04
   120.709999        -8.03822768E-04
   120.824997        -7.89159210E-04
   120.940002        -7.74696819E-04
   121.055000        -7.60405324E-04
   121.169998        -7.46254460E-04
   121.285004        -7.32214889E-04
   121.400002        -7.18257506E-04
   121.514999        -7.04354374E-04
   121.629997        -6.90478075E-04
   121.745003        -6.76602416E-04
   121.860001        -6.62702310E-04
   121.974998        -6.48753834E-04
   122.089996        -6.34734286E-04
   122.205002        -6.20622188E-04
   122.320000        -6.06397865E-04
   122.434998        -5.92042634E-04
   122.550003        -5.77539788E-04
   122.665001        -5.62873902E-04
   122.779999        -5.48031356E-04
   122.894997        -5.32999984E-04
   123.010002        -5.17769600E-04
   123.125000        -5.02331590E-04
   123.239998        -4.86678793E-04
   123.355003        -4.70805913E-04
   123.470001        -4.54709399E-04
   123.584999        -4.38386982E-04
   123.699997        -4.21837962E-04
   123.815002        -4.05063562E-04
   123.930000        -3.88065877E-04
   124.044998        -3.70848604E-04
   124.160004        -3.53416661E-04
   124.275002        -3.35776218E-04
   124.389999        -3.17934289E-04
   124.504997        -2.99899519E-04
   124.620003        -2.81680754E-04
   124.735001        -2.63287919E-04
   124.849998        -2.44731840E-04
   124.964996        -2.26023752E-04
   125.080002        -2.07175355E-04
   125.195000        -1.88199221E-04
   125.309998        -1.69107632E-04
   125.425003        -1.49913365E-04
   125.540001        -1.30629458E-04
   125.654999        -1.11268775E-04
   125.769997        -9.18440055E-05
   125.885002        -7.23678386E-05
   126.000000        -5.28524979E-05
   126.114998        -3.33100907E-05
   126.230003        -1.37522584E-05
   126.345001         5.81017230E-06
   126.459999         2.53665494E-05
   126.574997         4.49070358E-05
   126.690002         6.44223765E-05
   126.805000         8.39038403E-05
   126.919998         1.03343627E-04
   127.035004         1.22734287E-04
   127.150002         1.42069417E-04
   127.264999         1.61343254E-04
   127.379997         1.80550443E-04
   127.495003         1.99686794E-04
   127.610001         2.18748348E-04
   127.724998         2.37731962E-04
   127.839996         2.56635307E-04
   127.955002         2.75456172E-04
   128.070007         2.94192752E-04
   128.184998         3.12844233E-04
   128.300003         3.31409858E-04
   128.414993         3.49889044E-04
   128.529999         3.68281500E-04
   128.645004         3.86586937E-04
   128.759995         4.04805120E-04
   128.875000         4.22935991E-04
   128.990005         4.40978329E-04
   129.104996         4.58931143E-04
   129.220001         4.76792862E-04
   129.335007         4.94561042E-04
   129.449997         5.12232655E-04
   129.565002         5.29803510E-04
   129.679993         5.47268486E-04
   129.794998         5.64621063E-04
   129.910004         5.81853616E-04
   130.024994         5.98956889E-04
   130.139999         6.15920173E-04
   130.255005         6.32731186E-04
   130.369995         6.49375375E-04
   130.485001         6.65836793E-04
   130.600006         6.82097510E-04
   130.714996         6.98137272E-04
   130.830002         7.13933608E-04
   130.945007         7.29462074E-04
   131.059998         7.44695950E-04
   131.175003         7.59605842E-04
   131.289993         7.74160260E-04
   131.404999         7.88324978E-04
   131.520004         8.02063500E-04
   131.634995         8.15336534E-04
   131.750000         8.28102347E-04
   131.865005         8.40316701E-04
   131.979996         8.51932506E-04
   132.095001         8.62900226E-04
   132.210007         8.73167824E-04
   132.324997         8.82680702E-04
   132.440002         8.91381758E-04
   132.554993         8.99211678E-04
   132.669998         9.06108296E-04
   132.785004         9.12007177E-04
   132.899994         9.16841964E-04
   133.014999         9.20544437E-04
   133.130005         9.23043117E-04
   133.244995         9.24266293E-04
   133.360001         9.24138818E-04
   133.475006         9.22585081E-04
   133.589996         9.19527316E-04
   133.705002         9.14886536E-04
   133.820007         9.08582471E-04
   133.934998         9.00533982E-04
   134.050003         8.90658703E-04
   134.164993         8.78873747E-04
   134.279999         8.65096110E-04
   134.395004         8.49241682E-04
   134.509995         8.31226527E-04
   134.625000         8.10966420E-04
   134.740005         7.88378238E-04
   134.854996         7.63378339E-04
   134.970001         7.35884707E-04
   135.085007         7.05815386E-04
   135.199997         6.73089817E-04
   135.315002         6.37629302E-04
   135.429993         5.99356077E-04
   135.544998         5.58194355E-04
   135.660004         5.14070620E-04
   135.774994         4.66913480E-04
   135.889999         4.16654657E-04
   136.005005         3.63227504E-04
   136.119995         3.06569185E-04
   136.235001         2.46619544E-04
   136.350006         1.83322642E-04
   136.464996         1.16625830E-04
   136.580002         4.64804471E-05
   136.695007        -2.71579192E-05
   136.809998        -1.04328828E-04
   136.925003        -1.85067911E-04
   137.039993        -2.69405718E-04
   137.154999        -3.57366924E-04
   137.270004        -4.48971929E-04
   137.384995        -5.44234237E-04
   137.500000        -6.43162522E-04
   137.615005        -7.45758298E-04
   137.729996        -8.52018187E-04
   137.845001        -9.61931422E-04
   137.960007        -1.07548037E-03
   138.074997        -1.19264121E-03
   138.190002        -1.31338264E-03
   138.304993        -1.43766636E-03
   138.419998        -1.56544638E-03
   138.535004        -1.69666950E-03
   138.649994        -1.83127425E-03
   138.764999        -1.96919218E-03
   138.880005        -2.11034645E-03
   138.994995        -2.25465233E-03
   139.110001        -2.40201689E-03
   139.225006        -2.55233888E-03
   139.339996        -2.70550884E-03
   139.455002        -2.86140898E-03
   139.570007        -3.01991380E-03
   139.684998        -3.18088802E-03
   139.800003        -3.34418984E-03
   139.914993        -3.50966770E-03
   140.029999        -3.67716234E-03
   140.145004        -3.84650566E-03
   140.259995        -4.01752256E-03
   140.375000        -4.19003004E-03
   140.490005        -4.36383393E-03
   140.604996        -4.53873724E-03
   140.720001        -4.71453089E-03
   140.835007        -4.89099976E-03
   140.949997        -5.06792404E-03
   141.065002        -5.24507230E-03
   141.179993        -5.42220939E-03
   141.294998        -5.59909362E-03
   141.410004        -5.77547448E-03
   141.524994        -5.95109956E-03
   141.639999        -6.12570671E-03
   141.755005        -6.29903097E-03
   141.869995        -6.47080224E-03
   141.985001        -6.64074393E-03
   142.100006        -6.80857757E-03
   142.214996        -6.97402097E-03
   142.330002        -7.13678543E-03
   142.445007        -7.29658315E-03
   142.559998        -7.45312311E-03
   142.675003        -7.60610960E-03
   142.789993        -7.75524694E-03
   142.904999        -7.90024176E-03
   143.020004        -8.04079324E-03
   143.134995        -8.17660801E-03
   143.250000        -8.30738712E-03
   143.365005        -8.43283907E-03
   143.479996        -8.55266489E-03
   143.595001        -8.66657682E-03
   143.710007        -8.77428241E-03
   143.824997        -8.87549855E-03
   143.940002        -8.96994025E-03
   144.054993        -9.05733090E-03
   144.169998        -9.13739391E-03
   144.285004        -9.20986477E-03
   144.399994        -9.27447714E-03
   144.514999        -9.33097675E-03
   144.630005        -9.37911030E-03
   144.744995        -9.41863749E-03
   144.860001        -9.44932178E-03
   144.975006        -9.47093312E-03
   145.089996        -9.48325451E-03
   145.205002        -9.48607549E-03
   145.320007        -9.47919395E-03
   145.434998        -9.46241803E-03
   145.550003        -9.43556614E-03
   145.664993        -9.39846877E-03
   145.779999        -9.35096294E-03
   145.895004        -9.29289870E-03
   146.009995        -9.22413822E-03
   146.125000        -9.14455485E-03
   146.240005        -9.05403122E-03
   146.354996        -8.95246770E-03
   146.470001        -8.83976929E-03
   146.585007        -8.71585868E-03
   146.699997        -8.58066790E-03
   146.815002        -8.43414664E-03
   146.929993        -8.27625021E-03
   147.044998        -8.10695440E-03
   147.160004        -7.92624056E-03
   147.274994        -7.73410685E-03
   147.389999        -7.53056584E-03
   147.505005        -7.31564080E-03
   147.619995        -7.08936807E-03
   147.735001        -6.85179792E-03
   147.850006        -6.60299277E-03
   147.964996        -6.34302944E-03
   148.080002        -6.07199594E-03
   148.195007        -5.78999612E-03
   148.309998        -5.49714174E-03
   148.425003        -5.19356038E-03
   148.539993        -4.87939222E-03
   148.654999        -4.55478719E-03
   148.770004        -4.21991013E-03
   148.884995        -3.87493800E-03
   149.000000        -3.52005591E-03
   149.115005        -3.15546407E-03
   149.229996        -2.78137089E-03
   149.345001        -2.39799893E-03
   149.460007        -2.00557918E-03
   149.574997        -1.60435517E-03
   149.690002        -1.19457836E-03
   149.804993        -7.76513712E-04
   149.919998        -3.50432703E-04
   150.035004         8.33820086E-05
   150.149994         5.24639385E-04
   150.264999         9.73039074E-04
   150.380005         1.42827141E-03
   150.494995         1.89001975E-03
   150.610001         2.35795905E-03
   150.725006         2.83175614E-03
   150.839996         3.31106992E-03
   150.955002         3.79555230E-03
   151.070007         4.28485079E-03
   151.184998         4.77860356E-03
   151.300003         5.27644577E-03
   151.414993         5.77800535E-03
   151.529999         6.28290605E-03
   151.645004         6.79076556E-03
   151.759995         7.30119646E-03
   151.875000         7.81381037E-03
   151.990005         8.32821149E-03
   152.104996         8.84400215E-03
   152.220001         9.36078280E-03
   152.335007         9.87814926E-03
   152.449997         1.03956982E-02
   152.565002         1.09130181E-02
   152.679993         1.14297047E-02
   152.794998         1.19453464E-02
   152.910004         1.24595333E-02
   153.024994         1.29718548E-02
   153.139999         1.34819001E-02
   153.255005         1.39892586E-02
   153.369995         1.44935232E-02
   153.485001         1.49942860E-02
   153.600006         1.54911401E-02
   153.714996         1.59836840E-02
   153.830002         1.64715182E-02
   153.945007         1.69542413E-02
   154.059998         1.74314622E-02
   154.175003         1.79027878E-02
   154.289993         1.83678363E-02
   154.404999         1.88262239E-02
   154.520004         1.92775726E-02
   154.634995         1.97215155E-02
   154.750000         2.01576855E-02
   154.865005         2.05857232E-02
   154.979996         2.10052766E-02
   155.095001         2.14160047E-02
   155.210007         2.18175687E-02
   155.324997         2.22096369E-02
   155.440002         2.25918926E-02
   155.554993         2.29640231E-02
   155.669998         2.33257189E-02
   155.785004         2.36766879E-02
   155.899994         2.40166485E-02
   156.014999         2.43453253E-02
   156.130005         2.46624537E-02
   156.244995         2.49677747E-02
   156.360001         2.52610482E-02
   156.475006         2.55420431E-02
   156.589996         2.58105341E-02
   156.705002         2.60663144E-02
   156.820007         2.63091847E-02
   156.934998         2.65389606E-02
   157.050003         2.67554652E-02
   157.164993         2.69585419E-02
   157.279999         2.71480419E-02
   157.395004         2.73238271E-02
   157.509995         2.74857730E-02
   157.625000         2.76337732E-02
   157.740005         2.77677327E-02
   157.854996         2.78875642E-02
   157.970001         2.79931985E-02
   158.085007         2.80845799E-02
   158.199997         2.81616673E-02
   158.315002         2.82244254E-02
   158.429993         2.82728411E-02
   158.544998         2.83069108E-02
   158.660004         2.83266418E-02
   158.774994         2.83320565E-02
   158.889999         2.83231959E-02
   159.005005         2.83001028E-02
   159.119995         2.82628424E-02
   159.235001         2.82114893E-02
   159.350006         2.81461310E-02
   159.464996         2.80668642E-02
   159.580002         2.79738009E-02
   159.695007         2.78670676E-02
   159.809998         2.77467985E-02
   159.925003         2.76131406E-02
   160.039993         2.74662524E-02
   160.154999         2.73063015E-02
   160.270004         2.71334685E-02
   160.384995         2.69479454E-02
   160.500000         2.67499313E-02
   160.615005         2.65396368E-02
   160.729996         2.63172798E-02
   160.845001         2.60830875E-02
   160.960007         2.58373022E-02
   161.074997         2.55801622E-02
   161.190002         2.53119227E-02
   161.304993         2.50328444E-02
   161.419998         2.47431919E-02
   161.535004         2.44432408E-02
   161.649994         2.41332706E-02
   161.764999         2.38135625E-02
   161.880005         2.34844126E-02
   161.994995         2.31461115E-02
   162.110001         2.27989592E-02
   162.225006         2.24432629E-02
   162.339996         2.20793225E-02
   162.455002         2.17074547E-02
   162.570007         2.13279668E-02
   162.684998         2.09411718E-02
   162.800003         2.05473881E-02
   162.914993         2.01469306E-02
   163.029999         1.97401196E-02
   163.145004         1.93272624E-02
   163.259995         1.89086832E-02
   163.375000         1.84847005E-02
   163.490005         1.80556178E-02
   163.604996         1.76217575E-02
   163.720001         1.71834249E-02
   163.835007         1.67409293E-02
   163.949997         1.62945781E-02
   164.065002         1.58446711E-02
   164.179993         1.53915081E-02
   164.294998         1.49353836E-02
   164.410004         1.44765871E-02
   164.524994         1.40154045E-02
   164.639999         1.35521153E-02
   164.755005         1.30869970E-02
   164.869995         1.26203140E-02
   164.985001         1.21523328E-02
   165.100006         1.16833085E-02
   165.214996         1.12134926E-02
   165.330002         1.07431300E-02
   165.445007         1.02724545E-02
   165.559998         9.80169699E-03
   165.675003         9.33107827E-03
   165.789993         8.86081159E-03
   165.904999         8.39110650E-03
   166.020004         7.92215765E-03
   166.134995         7.45415874E-03
   166.250000         6.98728906E-03
   166.365005         6.52172370E-03
   166.479996         6.05762703E-03
   166.595001         5.59515739E-03
   166.710007         5.13446284E-03
   166.824997         4.67568543E-03
   166.940002         4.21895506E-03
   167.054993         3.76439514E-03
   167.169998         3.31212091E-03
   167.285004         2.86223833E-03
   167.399994         2.41484540E-03
   167.514999         1.97003339E-03
   167.630005         1.52788218E-03
   167.744995         1.08846626E-03
   167.860001         6.51849958E-04
   167.975006         2.18090252E-04
   168.089996        -2.12764135E-04
   168.205002        -6.40670769E-04
   168.320007        -1.06559682E-03
   168.434998        -1.48751540E-03
   168.550003        -1.90640776E-03
   168.664993        -2.32226169E-03
   168.779999        -2.73507112E-03
   168.895004        -3.14483652E-03
   169.009995        -3.55156651E-03
   169.125000        -3.95527203E-03
   169.240005        -4.35597217E-03
   169.354996        -4.75369068E-03
   169.470001        -5.14845736E-03
   169.585007        -5.54030668E-03
   169.699997        -5.92927542E-03
   169.815002        -6.31540688E-03
   169.929993        -6.69874810E-03
   170.044998        -7.07934983E-03
   170.160004        -7.45726377E-03
   170.274994        -7.83254765E-03
   170.389999        -8.20525922E-03
   170.505005        -8.57546087E-03
   170.619995        -8.94321594E-03
   170.735001        -9.30858962E-03
   170.850006        -9.67164431E-03
   170.964996        -1.00324480E-02
   171.080002        -1.03910659E-02
   171.195007        -1.07475631E-02
   171.309998        -1.11020068E-02
   171.425003        -1.14544593E-02
   171.539993        -1.18049840E-02
   171.654999        -1.21536423E-02
   171.770004        -1.25004966E-02
   171.884995        -1.28456028E-02
   172.000000        -1.31890150E-02
   172.115005        -1.35307852E-02
   172.229996        -1.38709620E-02
   172.345001        -1.42095918E-02
   172.460007        -1.45467175E-02
   172.574997        -1.48823736E-02
   172.690002        -1.52165936E-02
   172.804993        -1.55494036E-02
   172.919998        -1.58808306E-02
   173.035004        -1.62108857E-02
   173.149994        -1.65395886E-02
   173.264999        -1.68669391E-02
   173.380005        -1.71929412E-02
   173.494995        -1.75175853E-02
   173.610001        -1.78408585E-02
   173.725006        -1.81627367E-02
   173.839996        -1.84832029E-02
   173.955002        -1.88022107E-02
   174.070007        -1.91197284E-02
   174.184998        -1.94357038E-02
   174.300003        -1.97500791E-02
   174.414993        -2.00627968E-02
   174.529999        -2.03737784E-02
   174.645004        -2.06829514E-02
   174.759995        -2.09902339E-02
   174.875000        -2.12955270E-02
   174.990005        -2.15987302E-02
   175.104996        -2.18997393E-02
   175.220001        -2.21984368E-02
   175.335007        -2.24947017E-02
   175.449997        -2.27883998E-02
   175.565002        -2.30793972E-02
   175.679993        -2.33675465E-02
   175.794998        -2.36526988E-02
   175.910004        -2.39346921E-02
   176.024994        -2.42133606E-02
   176.139999        -2.44885292E-02
   176.255005        -2.47600172E-02
   176.369995        -2.50276402E-02
   176.485001        -2.52912007E-02
   176.600006        -2.55505033E-02
   176.714996        -2.58053374E-02
   176.830002        -2.60554925E-02
   176.945007        -2.63007507E-02
   177.059998        -2.65408903E-02
   177.175003        -2.67756823E-02
   177.289993        -2.70048864E-02
   177.404999        -2.72282735E-02
   177.520004        -2.74455920E-02
   177.634995        -2.76565999E-02
   177.750000        -2.78610419E-02
   177.865005        -2.80586649E-02
   177.979996        -2.82492042E-02
   178.095001        -2.84324046E-02
   178.210007        -2.86079980E-02
   178.324997        -2.87757143E-02
   178.440002        -2.89352853E-02
   178.554993        -2.90864352E-02
   178.669998        -2.92288959E-02
   178.785004        -2.93623898E-02
   178.899994        -2.94866413E-02
   179.014999        -2.96013784E-02
   179.130005        -2.97063198E-02
   179.244995        -2.98011918E-02
   179.360001        -2.98857186E-02
   179.475006        -2.99596284E-02
   179.589996        -3.00226454E-02
   179.705002        -3.00745051E-02
   179.820007        -3.01149338E-02
   179.934998        -3.01436670E-02
   180.050003        -3.01604420E-02
   180.164993        -3.01649999E-02
   180.279999        -3.01570855E-02
   180.395004        -3.01364474E-02
   180.509995        -3.01028453E-02
   180.625000        -3.00560314E-02
   180.740005        -2.99957711E-02
   180.854996        -2.99218372E-02
   180.970001        -2.98340078E-02
   181.085007        -2.97320653E-02
   181.199997        -2.96158046E-02
   181.315002        -2.94850245E-02
   181.429993        -2.93395296E-02
   181.544998        -2.91791409E-02
   181.660004        -2.90036835E-02
   181.774994        -2.88129915E-02
   181.889999        -2.86069121E-02
   182.005005        -2.83852946E-02
   182.119995        -2.81480066E-02
   182.235001        -2.78949216E-02
   182.350006        -2.76259296E-02
   182.464996        -2.73409206E-02
   182.580002        -2.70398073E-02
   182.695007        -2.67225076E-02
   182.809998        -2.63889562E-02
   182.925003        -2.60390956E-02
   183.039993        -2.56728753E-02
   183.154999        -2.52902731E-02
   183.270004        -2.48912629E-02
   183.384995        -2.44758427E-02
   183.500000        -2.40440220E-02
   183.615005        -2.35958155E-02
   183.729996        -2.31312606E-02
   183.845001        -2.26504002E-02
   183.960007        -2.21532956E-02
   184.074997        -2.16400232E-02
   184.190002        -2.11106669E-02
   184.304993        -2.05653235E-02
   184.419998        -2.00041085E-02
   184.535004        -1.94271449E-02
   184.649994        -1.88345686E-02
   184.764999        -1.82265323E-02
   184.880005        -1.76031962E-02
   184.994995        -1.69647373E-02
   185.110001        -1.63113493E-02
   185.225006        -1.56432185E-02
   185.339996        -1.49605637E-02
   185.455002        -1.42636057E-02
   185.570007        -1.35525782E-02
   185.684998        -1.28277307E-02
   185.800003        -1.20893111E-02
   185.914993        -1.13375904E-02
   186.029999        -1.05728442E-02
   186.145004        -9.79535934E-03
   186.259995        -9.00543574E-03
   186.375000        -8.20337329E-03
   186.490005        -7.38949096E-03
   186.604996        -6.56410959E-03
   186.720001        -5.72755840E-03
   186.835007        -4.88017732E-03
   186.949997        -4.02231142E-03
   187.065002        -3.15431296E-03
   187.179993        -2.27654143E-03
   187.294998        -1.38936052E-03
   187.410004        -4.93139960E-04
   187.524994         4.11746092E-04
   187.639999         1.32491929E-03
   187.755005         2.24599126E-03
   187.869995         3.17457132E-03
   187.985001         4.11027297E-03
   188.100006         5.05269412E-03
   188.214996         6.00143848E-03
   188.330002         6.95610419E-03
   188.445007         7.91628752E-03
   188.559998         8.88157636E-03
   188.675003         9.85157304E-03
   188.789993         1.08258631E-02
   188.904999         1.18040368E-02
   189.020004         1.27856843E-02
   189.134995         1.37703959E-02
   189.250000         1.47577599E-02
   189.365005         1.57473665E-02
   189.479996         1.67388078E-02
   189.595001         1.77316796E-02
   189.710007         1.87255777E-02
   189.824997         1.97200961E-02
   189.940002         2.07148325E-02
   190.054993         2.17093881E-02
   190.169998         2.27033664E-02
   190.285004         2.36963760E-02
   190.399994         2.46880222E-02
   190.514999         2.56779194E-02
   190.630005         2.66656838E-02
   190.744995         2.76509300E-02
   190.860001         2.86332890E-02
   190.975006         2.96123866E-02
   191.089996         3.05878520E-02
   191.205002         3.15593220E-02
   191.320007         3.25264372E-02
   191.434998         3.34888436E-02
   191.550003         3.44461873E-02
   191.664993         3.53981405E-02
   191.779999         3.63443494E-02
   191.895004         3.72844897E-02
   192.009995         3.82182300E-02
   192.125000         3.91452536E-02
   192.240005         4.00652513E-02
   192.354996         4.09779064E-02
   192.470001         4.18829285E-02
   192.585007         4.27800119E-02
   192.699997         4.36688699E-02
   192.815002         4.45492230E-02
   192.929993         4.54207994E-02
   193.044998         4.62833233E-02
   193.160004         4.71365340E-02
   193.274994         4.79801744E-02
   193.389999         4.88139987E-02
   193.505005         4.96377647E-02
   193.619995         5.04512489E-02
   193.735001         5.12542166E-02
   193.850006         5.20464405E-02
   193.964996         5.28277270E-02
   194.080002         5.35978600E-02
   194.195007         5.43566495E-02
   194.309998         5.51038980E-02
   194.425003         5.58394343E-02
   194.539993         5.65630756E-02
   194.654999         5.72746582E-02
   194.770004         5.79740182E-02
   194.884995         5.86610176E-02
   195.000000         5.93355037E-02
   195.115005         5.99973425E-02
   195.229996         6.06464036E-02
   195.345001         6.12825565E-02
   195.460007         6.19057007E-02
   195.574997         6.25157133E-02
   195.690002         6.31125048E-02
   195.804993         6.36959672E-02
   195.919998         6.42660260E-02
   196.035004         6.48225918E-02
   196.149994         6.53655827E-02
   196.264999         6.58949465E-02
   196.380005         6.64106011E-02
   196.494995         6.69125095E-02
   196.610001         6.74006119E-02
   196.725006         6.78748637E-02
   196.839996         6.83352426E-02
   196.955002         6.87816963E-02
   197.070007         6.92142099E-02
   197.184998         6.96327537E-02
   197.300003         7.00372979E-02
   197.414993         7.04278499E-02
   197.529999         7.08043799E-02
   197.645004         7.11668879E-02
   197.759995         7.15153515E-02
   197.875000         7.18498006E-02
   197.990005         7.21702054E-02
   198.104996         7.24765733E-02
   198.220001         7.27689192E-02
   198.335007         7.30472431E-02
   198.449997         7.33115524E-02
   198.565002         7.35618472E-02
   198.679993         7.37981647E-02
   198.794998         7.40204826E-02
   198.910004         7.42288232E-02
   199.024994         7.44231939E-02
   199.139999         7.46036246E-02
   199.255005         7.47701004E-02
   199.369995         7.49226436E-02
   199.485001         7.50612617E-02
   199.600006         7.51859546E-02
   199.714996         7.52967298E-02
   199.830002         7.53936023E-02
   199.945007         7.54765496E-02
   200.059998         7.55455866E-02
   200.175003         7.56007135E-02
   200.289993         7.56419227E-02
   200.404999         7.56692067E-02
   200.520004         7.56825432E-02
   200.634995         7.56819397E-02
   200.750000         7.56673738E-02
   200.865005         7.56388158E-02
   200.979996         7.55962655E-02
   201.095001         7.55396783E-02
   201.210007         7.54690692E-02
   201.324997         7.53843561E-02
   201.440002         7.52855539E-02
   201.554993         7.51726255E-02
   201.669998         7.50455260E-02
   201.785004         7.49042332E-02
   201.899994         7.47487098E-02
   202.014999         7.45789036E-02
   202.130005         7.43947923E-02
   202.244995         7.41963312E-02
   202.360001         7.39834905E-02
   202.475006         7.37562105E-02
   202.589996         7.35144466E-02
   202.705002         7.32581839E-02
   202.820007         7.29873627E-02
   202.934998         7.27019459E-02
   203.050003         7.24018961E-02
   203.164993         7.20871761E-02
   203.279999         7.17577338E-02
   203.395004         7.14135468E-02
   203.509995         7.10545853E-02
   203.625000         7.06808195E-02
   203.740005         7.02922195E-02
   203.854996         6.98887482E-02
   203.970001         6.94704056E-02
   204.085007         6.90371618E-02
   204.199997         6.85890168E-02
   204.315002         6.81259334E-02
   204.429993         6.76479340E-02
   204.544998         6.71550035E-02
   204.660004         6.66471571E-02
   204.774994         6.61243945E-02
   204.889999         6.55867308E-02
   205.005005         6.50342032E-02
   205.119995         6.44668341E-02
   205.235001         6.38846457E-02
   205.350006         6.32877052E-02
   205.464996         6.26760423E-02
   205.580002         6.20497279E-02
   205.695007         6.14088252E-02
   205.809998         6.07534163E-02
   205.925003         6.00835793E-02
   206.039993         5.93994111E-02
   206.154999         5.87010197E-02
   206.270004         5.79884946E-02
   206.384995         5.72619736E-02
   206.500000         5.65215945E-02
   206.615005         5.57674803E-02
   206.729996         5.49997985E-02
   206.845001         5.42186946E-02
   206.960007         5.34243509E-02
   207.074997         5.26169389E-02
   207.190002         5.17966673E-02
   207.304993         5.09637296E-02
   207.419998         5.01183495E-02
   207.535004         4.92607541E-02
   207.649994         4.83911783E-02
   207.764999         4.75098789E-02
   207.880005         4.66171205E-02
   207.994995         4.57131788E-02
   208.110001         4.47983406E-02
   208.225006         4.38729115E-02
   208.339996         4.29372005E-02
   208.455002         4.19915281E-02
   208.570007         4.10362370E-02
   208.684998         4.00716811E-02
   208.800003         3.90982106E-02
   208.914993         3.81162018E-02
   209.029999         3.71260382E-02
   209.145004         3.61281149E-02
   209.259995         3.51228341E-02
   209.375000         3.41106281E-02
   209.490005         3.30919139E-02
   209.604996         3.20671350E-02
   209.720001         3.10367439E-02
   209.835007         3.00012026E-02
   209.949997         2.89609879E-02
   210.065002         2.79165767E-02
   210.179993         2.68684607E-02
   210.294998         2.58171447E-02
   210.410004         2.47631352E-02
   210.524994         2.37069540E-02
   210.639999         2.26491224E-02
   210.755005         2.15901770E-02
   210.869995         2.05306523E-02
   210.985001         1.94710977E-02
   211.100006         1.84120629E-02
   211.214996         1.73540991E-02
   211.330002         1.62977669E-02
   211.445007         1.52436327E-02
   211.559998         1.41922571E-02
   211.675003         1.31442109E-02
   211.789993         1.21000661E-02
   211.904999         1.10603925E-02
   212.020004         1.00257657E-02
   212.134995         8.99675302E-03
   212.250000         7.97392800E-03
   212.365005         6.95786253E-03
   212.479996         5.94912237E-03
   212.595001         4.94827097E-03
   212.710007         3.95587180E-03
   212.824997         2.97247991E-03
   212.940002         1.99864618E-03
   213.054993         1.03491452E-03
   213.169998         8.18246044E-05
   213.285004        -8.60094558E-04
   213.399994        -1.79032097E-03
   213.514999        -2.70834402E-03
   213.630005        -3.61365988E-03
   213.744995        -4.50577587E-03
   213.860001        -5.38421283E-03
   213.975006        -6.24849973E-03
   214.089996        -7.09818117E-03
   214.205002        -7.93281011E-03
   214.320007        -8.75195675E-03
   214.434998        -9.55520291E-03
   214.550003        -1.03421416E-02
   214.664993        -1.11123864E-02
   214.779999        -1.18655581E-02
   214.895004        -1.26013011E-02
   215.009995        -1.33192688E-02
   215.125000        -1.40191345E-02
   215.240005        -1.47005860E-02
   215.354996        -1.53633282E-02
   215.470001        -1.60070844E-02
   215.585007        -1.66315921E-02
   215.699997        -1.72366109E-02
   215.815002        -1.78219136E-02
   215.929993        -1.83872879E-02
   216.044998        -1.89325511E-02
   216.160004        -1.94575228E-02
   216.274994        -1.99620500E-02
   216.389999        -2.04459913E-02
   216.505005        -2.09092312E-02
   216.619995        -2.13516615E-02
   216.735001        -2.17731986E-02
   216.850006        -2.21737735E-02
   216.964996        -2.25533359E-02
   217.080002        -2.29118485E-02
   217.195007        -2.32492965E-02
   217.309998        -2.35656779E-02
   217.425003        -2.38610096E-02
   217.539993        -2.41353214E-02
   217.654999        -2.43886616E-02
   217.770004        -2.46210955E-02
   217.884995        -2.48327032E-02
   218.000000        -2.50235740E-02
   218.115005        -2.51938235E-02
   218.229996        -2.53435634E-02
   218.345001        -2.54729390E-02
   218.460007        -2.55821012E-02
   218.574997        -2.56712064E-02
   218.690002        -2.57404372E-02
   218.804993        -2.57899761E-02
   218.919998        -2.58200243E-02
   219.035004        -2.58307979E-02
   219.149994        -2.58225184E-02
   219.264999        -2.57954132E-02
   219.380005        -2.57497337E-02
   219.494995        -2.56857313E-02
   219.610001        -2.56036706E-02
   219.725006        -2.55038273E-02
   219.839996        -2.53864843E-02
   219.955002        -2.52519324E-02
   220.070007        -2.51004677E-02
   220.184998        -2.49324068E-02
   220.300003        -2.47480590E-02
   220.414993        -2.45477445E-02
   220.529999        -2.43317969E-02
   220.645004        -2.41005458E-02
   220.759995        -2.38543302E-02
   220.875000        -2.35934965E-02
   220.990005        -2.33183876E-02
   221.104996        -2.30293609E-02
   221.220001        -2.27267649E-02
   221.335007        -2.24109590E-02
   221.449997        -2.20823064E-02
   221.565002        -2.17411704E-02
   221.679993        -2.13879086E-02
   221.794998        -2.10228898E-02
   221.910004        -2.06464753E-02
   222.024994        -2.02590376E-02
   222.139999        -1.98609363E-02
   222.255005        -1.94525421E-02
   222.369995        -1.90342180E-02
   222.485001        -1.86063256E-02
   222.600006        -1.81692280E-02
   222.714996        -1.77232809E-02
   222.830002        -1.72688439E-02
   222.945007        -1.68062691E-02
   223.059998        -1.63359065E-02
   223.175003        -1.58581026E-02
   223.289993        -1.53732002E-02
   223.404999        -1.48815364E-02
   223.520004        -1.43834436E-02
   223.634995        -1.38792517E-02
   223.750000        -1.33692864E-02
   223.865005        -1.28538627E-02
   223.979996        -1.23332925E-02
   224.095001        -1.18078860E-02
   224.210007        -1.12779466E-02
   224.324997        -1.07437652E-02
   224.440002        -1.02056330E-02
   224.554993        -9.66383331E-03
   224.669998        -9.11863893E-03
   224.785004        -8.57032649E-03
   224.899994        -8.01915675E-03
   225.014999        -7.46538816E-03
   225.130005        -6.90926611E-03
   225.244995        -6.35103742E-03
   225.360001        -5.79093583E-03
   225.475006        -5.22919372E-03
   225.589996        -4.66603274E-03
   225.705002        -4.10167035E-03
   225.820007        -3.53631633E-03
   225.934998        -2.97017302E-03
   226.050003        -2.40343949E-03
   226.164993        -1.83630548E-03
   226.279999        -1.26895506E-03
   226.395004        -7.01566692E-04
   226.509995        -1.34315444E-04
   226.625000         4.32629546E-04
   226.740005         9.99108655E-04
   226.854996         1.56496488E-03
   226.970001         2.13004742E-03
   227.085007         2.69421074E-03
   227.199997         3.25731444E-03
   227.315002         3.81922349E-03
   227.429993         4.37980983E-03
   227.544998         4.93894750E-03
   227.660004         5.49651962E-03
   227.774994         6.05240650E-03
   227.889999         6.60649966E-03
   228.005005         7.15869386E-03
   228.119995         7.70888664E-03
   228.235001         8.25698022E-03
   228.350006         8.80288053E-03
   228.464996         9.34649538E-03
   228.580002         9.88773629E-03
   228.695007         1.04265213E-02
   228.809998         1.09627647E-02
   228.925003         1.14963893E-02
   229.039993         1.20273130E-02
   229.154999         1.25554660E-02
   229.270004         1.30807711E-02
   229.384995         1.36031583E-02
   229.500000         1.41225588E-02
   229.615005         1.46388998E-02
   229.729996         1.51521135E-02
   229.845001         1.56621393E-02
   229.960007         1.61689017E-02
   230.074997         1.66723430E-02
   230.190002         1.71723906E-02
   230.304993         1.76689811E-02
   230.419998         1.81620494E-02
   230.535004         1.86515208E-02
   230.649994         1.91373322E-02
   230.764999         1.96194053E-02
   230.880005         2.00976692E-02
   230.994995         2.05720477E-02
   231.110001         2.10424569E-02
   231.225006         2.15088222E-02
   231.339996         2.19710525E-02
   231.455002         2.24290583E-02
   231.570007         2.28827484E-02
   231.684998         2.33320203E-02
   231.800003         2.37767771E-02
   231.914993         2.42169034E-02
   232.029999         2.46522985E-02
   232.145004         2.50828341E-02
   232.259995         2.55083945E-02
   232.375000         2.59288475E-02
   232.490005         2.63440572E-02
   232.604996         2.67538857E-02
   232.720001         2.71581840E-02
   232.835007         2.75567919E-02
   232.949997         2.79495586E-02
   233.065002         2.83363089E-02
   233.179993         2.87168715E-02
   233.294998         2.90910620E-02
   233.410004         2.94586904E-02
   233.524994         2.98195574E-02
   233.639999         3.01734600E-02
   233.755005         3.05201877E-02
   233.869995         3.08595207E-02
   233.985001         3.11912335E-02
   234.100006         3.15150917E-02
   234.214996         3.18308510E-02
   234.330002         3.21382657E-02
   234.445007         3.24370787E-02
   234.559998         3.27270366E-02
   234.675003         3.30078639E-02
   234.789993         3.32792960E-02
   234.904999         3.35410498E-02
   235.020004         3.37928347E-02
   235.134995         3.40343714E-02
   235.250000         3.42653580E-02
   235.365005         3.44854966E-02
   235.479996         3.46944779E-02
   235.595001         3.48919965E-02
   235.710007         3.50777395E-02
   235.824997         3.52513902E-02
   235.940002         3.54126357E-02
   236.054993         3.55611369E-02
   236.169998         3.56965847E-02
   236.285004         3.58186439E-02
   236.399994         3.59269977E-02
   236.514999         3.60213034E-02
   236.630005         3.61012407E-02
   236.744995         3.61664854E-02
   236.860001         3.62167060E-02
   236.975006         3.62515785E-02
   237.089996         3.62707786E-02
   237.205002         3.62739973E-02
   237.320007         3.62609103E-02
   237.434998         3.62312086E-02
   237.550003         3.61845866E-02
   237.664993         3.61207463E-02
   237.779999         3.60393971E-02
   237.895004         3.59402448E-02
   238.009995         3.58230174E-02
   238.125000         3.56874429E-02
   238.240005         3.55332568E-02
   238.354996         3.53602134E-02
   238.470001         3.51680629E-02
   238.585007         3.49565819E-02
   238.699997         3.47255319E-02
   238.815002         3.44747230E-02
   238.929993         3.42039503E-02
   239.044998         3.39130349E-02
   239.160004         3.36017981E-02
   239.274994         3.32700871E-02
   239.389999         3.29177640E-02
   239.505005         3.25447023E-02
   239.619995         3.21507826E-02
   239.735001         3.17359306E-02
   239.850006         3.13000493E-02
   239.964996         3.08430810E-02
   240.080002         3.03649902E-02
   240.195007         2.98657510E-02
   240.309998         2.93453485E-02
   240.425003         2.88038030E-02
   240.539993         2.82411408E-02
   240.654999         2.76574120E-02
   240.770004         2.70526893E-02
   240.884995         2.64270585E-02
   241.000000         2.57806256E-02
   241.115005         2.51135100E-02
   241.229996         2.44258661E-02
   241.345001         2.37178579E-02
   241.460007         2.29896680E-02
   241.574997         2.22414974E-02
   241.690002         2.14735717E-02
   241.804993         2.06861272E-02
   241.919998         1.98794343E-02
   242.035004         1.90537646E-02
   242.149994         1.82094201E-02
   242.264999         1.73467137E-02
   242.380005         1.64659824E-02
   242.494995         1.55675709E-02
   242.610001         1.46518582E-02
   242.725006         1.37192290E-02
   242.839996         1.27700837E-02
   242.955002         1.18048461E-02
   243.070007         1.08239492E-02
   243.184998         9.82784480E-03
   243.300003         8.81699938E-03
   243.414993         7.79189589E-03
   243.529999         6.75302930E-03
   243.645004         5.70090674E-03
   243.759995         4.63605486E-03
   243.875000         3.55900312E-03
   243.990005         2.47030286E-03
   244.104996         1.37051113E-03
   244.220001         2.60200119E-04
   244.335007        -8.60051019E-04
   244.449997        -1.98965194E-03
   244.565002        -3.12800007E-03
   244.679993        -4.27448703E-03
   244.794998        -5.42849302E-03
   244.910004        -6.58939593E-03
   245.024994        -7.75656011E-03
   245.139999        -8.92934389E-03
   245.255005        -1.01071009E-02
   245.369995        -1.12891803E-02
   245.485001        -1.24749243E-02
