  -18.8999996         0.00000000    
  -18.7849998         0.00000000    
  -18.6700001         0.00000000    
  -18.5550003         1.58436965E-21
  -18.4400005         9.62723446E-21
  -18.3250008         3.19470433E-20
  -18.2099991         7.54761079E-20
  -18.0949993         1.39532483E-19
  -17.9799995         2.09202869E-19
  -17.8649998         2.53401843E-19
  -17.7500000         2.31761170E-19
  -17.6350002         1.11703672E-19
  -17.5200005        -1.07569132E-19
  -17.4050007        -3.72413772E-19
  -17.2900009        -5.64955414E-19
  -17.1749992        -5.17515727E-19
  -17.0599995        -5.78443396E-20
  -16.9449997         9.17275884E-19
  -16.8299999         2.35392793E-18
  -16.7150002         3.96314598E-18
  -16.6000004         5.18440702E-18
  -16.4850006         5.22068592E-18
  -16.3700008         3.16487802E-18
  -16.2549992        -1.78175366E-18
  -16.1399994        -1.00231874E-17
  -16.0249996        -2.12630979E-17
  -15.9099998        -3.42469317E-17
  -15.7950001        -4.66233205E-17
  -15.6800003        -5.49847004E-17
  -15.5649996        -5.51183596E-17
  -15.4499998        -4.24579930E-17
  -15.3350000        -1.26811404E-17
  -15.2200003         3.76409994E-17
  -15.1049995         1.10456835E-16
  -14.9899998         2.05825618E-16
  -14.8750000         3.21775905E-16
  -14.7600002         4.54473834E-16
  -14.6450005         5.98685640E-16
  -14.5299997         7.48460547E-16
  -14.4150000         8.97914852E-16
  -14.3000002         1.04197377E-15
  -14.1850004         1.17693492E-15
  -14.0699997         1.30074795E-15
  -13.9549999         1.41296107E-15
  -13.8400002         1.51435176E-15
  -13.7250004         1.60632260E-15
  -13.6099997         1.69019315E-15
  -13.4949999         1.76654481E-15
  -13.3800001         1.83476146E-15
  -13.2650003         1.89287427E-15
  -13.1499996         1.93775494E-15
  -13.0349998         1.96562254E-15
  -12.9200001         1.97275964E-15
  -12.8050003         1.95628866E-15
  -12.6899996         1.91482534E-15
  -12.5749998         1.84885884E-15
  -12.4600000         1.76074189E-15
  -12.3450003         1.65426096E-15
  -12.2299995         1.53383542E-15
  -12.1149998         1.40347377E-15
  -12.0000000         1.26567591E-15
  -11.8850002         1.12049637E-15
  -11.7700005         9.64977521E-16
  -11.6549997         7.93109824E-16
  -11.5400000         5.96406539E-16
  -11.4250002         3.65079829E-16
  -11.3100004         8.96999024E-17
  -11.1949997        -2.36869270E-16
  -11.0799999        -6.17528470E-16
  -10.9650002        -1.04930336E-15
  -10.8500004        -1.52227057E-15
  -10.7349997        -2.01925857E-15
  -10.6199999        -2.51641948E-15
  -10.5050001        -2.98462393E-15
  -10.3900003        -3.39152161E-15
  -10.2749996        -3.70398826E-15
  -10.1599998        -3.89063239E-15
  -10.0450001        -3.92403514E-15
  -9.93000031        -3.78246586E-15
  -9.81499958        -3.45089905E-15
  -9.69999981        -2.92132516E-15
  -9.58500004        -2.19244589E-15
  -9.47000027        -1.26898273E-15
  -9.35499954        -1.60866711E-16
  -9.23999977         1.11745700E-15
  -9.12500000         2.54737811E-15
  -9.01000023         4.10608200E-15
  -8.89500046         5.76619585E-15
  -8.77999973         7.49530815E-15
  -8.66499996         9.25568063E-15
  -8.55000019         1.10044208E-14
  -8.43500042         1.26943921E-14
  -8.31999969         1.42758899E-14
  -8.20499992         1.56989764E-14
  -8.09000015         1.69161340E-14
  -7.97499990         1.78847314E-14
  -7.86000013         1.85687918E-14
  -7.74499989         1.89395500E-14
  -7.63000011         1.89746171E-14
  -7.51499987         1.86557482E-14
  -7.40000010         1.79657179E-14
  -7.28499985         1.68850394E-14
  -7.17000008         1.53894570E-14
  -7.05499983         1.34491425E-14
  -6.94000006         1.10305433E-14
  -6.82499981         8.10094687E-15
  -6.71000004         4.63576558E-15
  -6.59499979         6.27508001E-16
  -6.48000002        -3.90494132E-15
  -6.36499977        -8.90865124E-15
  -6.25000000        -1.42925002E-14
  -6.13500023        -1.99282238E-14
  -6.01999998        -2.56577291E-14
  -5.90500021        -3.13067985E-14
  -5.78999996        -3.67040755E-14
  -5.67500019        -4.17031996E-14
  -5.55999994        -4.62052136E-14
  -5.44500017        -5.01775000E-14
  -5.32999992        -5.36662051E-14
  -5.21500015        -5.67989496E-14
  -5.09999990        -5.97769244E-14
  -4.98500013        -6.28562008E-14
  -4.86999989        -6.63204843E-14
  -4.75500011        -7.04488009E-14
  -4.63999987        -7.54832327E-14
  -4.52500010        -8.16018192E-14
  -4.40999985        -8.89018541E-14
  -4.29500008        -9.73968830E-14
  -4.17999983        -1.07029423E-13
  -4.06500006        -1.17697966E-13
  -3.95000005        -1.29294931E-13
  -3.83500004        -1.41749243E-13
  -3.72000003        -1.55066173E-13
  -3.60500002        -1.69356323E-13
  -3.49000001        -1.84846401E-13
  -3.37500000        -2.01867684E-13
  -3.25999999        -2.20820405E-13
  -3.14499998        -2.42116846E-13
  -3.02999997        -2.66110837E-13
  -2.91499996        -2.93023472E-13
  -2.79999995        -3.22877982E-13
  -2.68499994        -3.55457634E-13
  -2.56999993        -3.90296790E-13
  -2.45499992        -4.26713867E-13
  -2.33999991        -4.63886362E-13
  -2.22499990        -5.00964667E-13
  -2.10999990        -5.37210792E-13
  -1.99500000        -5.72145087E-13
  -1.88000000        -6.05677888E-13
  -1.76499999        -6.38203141E-13
  -1.64999998        -6.70631899E-13
  -1.53499997        -7.04350098E-13
  -1.41999996        -7.41093168E-13
  -1.30499995        -7.82741818E-13
  -1.19000006        -8.31054192E-13
  -1.07500005        -8.87363100E-13
 -0.959999979        -9.52272766E-13
 -0.845000029        -1.02540101E-12
 -0.730000019        -1.10520577E-12
 -0.615000010        -1.18893719E-12
 -0.500000000        -1.27274038E-12
 -0.384999990        -1.35192367E-12
 -0.270000011        -1.42138309E-12
 -0.155000001        -1.47615806E-12
  -3.99999991E-02    -1.51207204E-12
   7.50000030E-02    -1.52639555E-12
  0.189999998        -1.51845919E-12
  0.305000007        -1.49014102E-12
  0.419999987        -1.44615613E-12
  0.535000026        -1.39409252E-12
  0.649999976        -1.34415417E-12
  0.764999986        -1.30860427E-12
  0.879999995        -1.30092692E-12
  0.995000005        -1.33475934E-12
   1.11000001        -1.42267285E-12
   1.22500002        -1.57490416E-12
   1.34000003        -1.79814670E-12
   1.45500004        -2.09452052E-12
   1.57000005        -2.46082430E-12
   1.68499994        -2.88815261E-12
   1.79999995        -3.36193790E-12
   1.91499996        -3.86242947E-12
   2.02999997        -4.36558168E-12
   2.14499998        -4.84429120E-12
   2.25999999        -5.26987091E-12
   2.37500000        -5.61363673E-12
   2.49000001        -5.84845106E-12
   2.60500002        -5.95007377E-12
   2.72000003        -5.89819079E-12
   2.83500004        -5.67701441E-12
   2.95000005        -5.27540208E-12
   3.06500006        -4.68649555E-12
   3.18000007        -3.90695289E-12
   3.29500008        -2.93590131E-12
   3.41000009        -1.77381037E-12
   3.52500010        -4.21519807E-13
   3.64000010         1.12031955E-12
   3.75500011         2.85113686E-12
   3.86999989         4.76942747E-12
   3.98499990         6.87070409E-12
   4.09999990         9.14431551E-12
   4.21500015         1.15692317E-11
   4.32999992         1.41089605E-11
   4.44500017         1.67059370E-11
   4.55999994         1.92758760E-11
   4.67500019         2.17026466E-11
   4.78999996         2.38343512E-11
   4.90500021         2.54812820E-11
   5.01999998         2.64164367E-11
   5.13500023         2.63791419E-11
   5.25000000         2.50822245E-11
   5.36499977         2.22229526E-11
   5.48000002         1.74976717E-11
   5.59499979         1.06198392E-11
   5.71000004         1.34083456E-12
   5.82499981        -1.05274010E-11
   5.94000006        -2.50890350E-11
   6.05499983        -4.23416788E-11
   6.17000008        -6.21559471E-11
   6.28499985        -8.42586834E-11
   6.40000010        -1.08221411E-10
   6.51499987        -1.33455247E-10
   6.63000011        -1.59213379E-10
   6.74499989        -1.84601751E-10
   6.86000013        -2.08598319E-10
   6.97499990        -2.30080607E-10
   7.09000015        -2.47861065E-10
   7.20499992        -2.60728744E-10
   7.32000017        -2.67496303E-10
   7.43499994        -2.67049688E-10
   7.55000019        -2.58398913E-10
   7.66499996        -2.40727105E-10
   7.78000021        -2.13435311E-10
   7.89499998        -1.76181125E-10
   8.01000023        -1.28908231E-10
   8.12500000        -7.18654858E-11
   8.23999977        -5.61381453E-12
   8.35499954         6.89802521E-11
   8.47000027         1.50764456E-10
   8.58500004         2.38334380E-10
   8.69999981         3.30079603E-10
   8.81499958         4.24241225E-10
   8.93000031         5.18978860E-10
   9.04500008         6.12444429E-10
   9.15999985         7.02859992E-10
   9.27499962         7.88596743E-10
   9.39000034         8.68251193E-10
   9.50500011         9.40715839E-10
   9.61999989         1.00524022E-09
   9.73499966         1.06148079E-09
   9.85000038         1.10953446E-09
   9.96500015         1.14995657E-09
   10.0799999         1.18375965E-09
   10.1949997         1.21239263E-09
   10.3100004         1.23770183E-09
   10.4250002         1.26187205E-09
   10.5400000         1.28735222E-09
   10.6549997         1.31676547E-09
   10.7700005         1.35280964E-09
   10.8850002         1.39814860E-09
   11.0000000         1.45530255E-09
   11.1149998         1.52653901E-09
   11.2299995         1.61377156E-09
   11.3450003         1.71846903E-09
   11.4600000         1.84158244E-09
   11.5749998         1.98349071E-09
   11.6899996         2.14397167E-09
   11.8050003         2.32219866E-09
   11.9200001         2.51676435E-09
   12.0349998         2.72573475E-09
   12.1499996         2.94672708E-09
   12.2650003         3.17701598E-09
   12.3800001         3.41365780E-09
   12.4949999         3.65363340E-09
   12.6099997         3.89400068E-09
   12.7250004         4.13205203E-09
   12.8400002         4.36546665E-09
   12.9549999         4.59245841E-09
   13.0699997         4.81189799E-09
   13.1850004         5.02341990E-09
   13.3000002         5.22749621E-09
   13.4150000         5.42547562E-09
   13.5299997         5.61958924E-09
   13.6450005         5.81291415E-09
   13.7600002         6.00930461E-09
   13.8750000         6.21328233E-09
   13.9899998         6.42989972E-09
   14.1049995         6.66457334E-09
   14.2200003         6.92290092E-09
   14.3350000         7.21046733E-09
   14.4499998         7.53264473E-09
   14.5649996         7.89440158E-09
   14.6800003         8.30012947E-09
   14.7950001         8.75348594E-09
   14.9099998         9.25727139E-09
   15.0249996         9.81334569E-09
   15.1400003         1.04225766E-08
   15.2550001         1.10848379E-08
   15.3699999         1.17990426E-08
   15.4849997         1.25632242E-08
   15.6000004         1.33746481E-08
   15.7150002         1.42299594E-08
   15.8299999         1.51253552E-08
   15.9449997         1.60567648E-08
   16.0599995         1.70200565E-08
   16.1749992         1.80112192E-08
   16.2900009         1.90265563E-08
   16.4050007         2.00628456E-08
   16.5200005         2.11174829E-08
   16.6350002         2.21885870E-08
   16.7500000         2.32750725E-08
   16.8649998         2.43766820E-08
   16.9799995         2.54939874E-08
   17.0949993         2.66283315E-08
   17.2099991         2.77817591E-08
   17.3250008         2.89568991E-08
   17.4400005         3.01568264E-08
   17.5550003         3.13849107E-08
   17.6700001         3.26446461E-08
   17.7849998         3.39394788E-08
   17.8999996         3.52726559E-08
   18.0149994         3.66470552E-08
   18.1299992         3.80650746E-08
   18.2450008         3.95285085E-08
   18.3600006         4.10384828E-08
   18.4750004         4.25953957E-08
   18.5900002         4.41989236E-08
   18.7049999         4.58480329E-08
   18.8199997         4.75410431E-08
   18.9349995         4.92756911E-08
   19.0499992         5.10492448E-08
   19.1650009         5.28586348E-08
   19.2800007         5.47005641E-08
   19.3950005         5.65716611E-08
   19.5100002         5.84685900E-08
   19.6250000         6.03881958E-08
   19.7399998         6.23275795E-08
   19.8549995         6.42842082E-08
   19.9699993         6.62559643E-08
   20.0849991         6.82411496E-08
   20.2000008         7.02385066E-08
   20.3150005         7.22472109E-08
   20.4300003         7.42667652E-08
   20.5450001         7.62969776E-08
   20.6599998         7.83378056E-08
   20.7749996         8.03893130E-08
   20.8899994         8.24515283E-08
   21.0049992         8.45243306E-08
   21.1200008         8.66073506E-08
   21.2350006         8.86999132E-08
   21.3500004         9.08009241E-08
   21.4650002         9.29088628E-08
   21.5799999         9.50217469E-08
   21.6949997         9.71371179E-08
   21.8099995         9.92521052E-08
   21.9249992         1.01363455E-07
   22.0400009         1.03467592E-07
   22.1550007         1.05560730E-07
   22.2700005         1.07638961E-07
   22.3850002         1.09698327E-07
   22.5000000         1.11734927E-07
   22.6149998         1.13744996E-07
   22.7299995         1.15724959E-07
   22.8449993         1.17671476E-07
   22.9599991         1.19581443E-07
   23.0750008         1.21452018E-07
   23.1900005         1.23280500E-07
   23.3050003         1.25064375E-07
   23.4200001         1.26801098E-07
   23.5349998         1.28488111E-07
   23.6499996         1.30122643E-07
   23.7649994         1.31701640E-07
   23.8799992         1.33221619E-07
   23.9950008         1.34678558E-07
   24.1100006         1.36067868E-07
   24.2250004         1.37384220E-07
   24.3400002         1.38621644E-07
   24.4549999         1.39773476E-07
   24.5699997         1.40832398E-07
   24.6849995         1.41790522E-07
   24.7999992         1.42639593E-07
   24.9150009         1.43371096E-07
   25.0300007         1.43976422E-07
   25.1450005         1.44447114E-07
   25.2600002         1.44775143E-07
   25.3750000         1.44953091E-07
   25.4899998         1.44974308E-07
   25.6049995         1.44833152E-07
   25.7199993         1.44525217E-07
   25.8349991         1.44047277E-07
   25.9500008         1.43397543E-07
   26.0650005         1.42575502E-07
   26.1800003         1.41582035E-07
   26.2950001         1.40419189E-07
   26.4099998         1.39090119E-07
   26.5249996         1.37598789E-07
   26.6399994         1.35949804E-07
   26.7549992         1.34148067E-07
   26.8700008         1.32198508E-07
   26.9850006         1.30105803E-07
   27.1000004         1.27874060E-07
   27.2150002         1.25506574E-07
   27.3299999         1.23005577E-07
   27.4449997         1.20372079E-07
   27.5599995         1.17605687E-07
   27.6749992         1.14704562E-07
   27.7900009         1.11665507E-07
   27.9050007         1.08483839E-07
   28.0200005         1.05153688E-07
   28.1350002         1.01668100E-07
   28.2500000         9.80192638E-08
   28.3649998         9.41987608E-08
   28.4799995         9.01978154E-08
   28.5949993         8.60076526E-08
   28.7099991         8.16196604E-08
   28.8250008         7.70257458E-08
   28.9400005         7.22185121E-08
   29.0550003         6.71915146E-08
   29.1700001         6.19393532E-08
   29.2849998         5.64576652E-08
   29.3999996         5.07434166E-08
   29.5149994         4.47947031E-08
   29.6299992         3.86108567E-08
   29.7450008         3.21922364E-08
   29.8600006         2.55402863E-08
   29.9750004         1.86572908E-08
   30.0900002         1.15463052E-08
   30.2049999         4.21106705E-09
   30.3199997        -3.34427352E-09
   30.4349995        -1.11150591E-08
   30.5499992        -1.90963334E-08
   30.6650009        -2.72828746E-08
   30.7800007        -3.56692311E-08
   30.8950005        -4.42498624E-08
   31.0100002        -5.30190860E-08
   31.1250000        -6.19711145E-08
   31.2399998        -7.11001391E-08
   31.3549995        -8.04003477E-08
   31.4699993        -8.98660133E-08
   31.5849991        -9.94914515E-08
   31.7000008        -1.09271213E-07
   31.8150005        -1.19199946E-07
   31.9300003        -1.29272664E-07
   32.0449982        -1.39484641E-07
   32.1599998        -1.49831621E-07
   32.2750015        -1.60309781E-07
   32.3899994        -1.70915897E-07
   32.5050011        -1.81647124E-07
   32.6199989        -1.92501346E-07
   32.7350006        -2.03476802E-07
   32.8499985        -2.14572268E-07
   32.9650002        -2.25786849E-07
   33.0800018        -2.37119750E-07
   33.1949997        -2.48570188E-07
   33.3100014        -2.60137057E-07
   33.4249992        -2.71818834E-07
   33.5400009        -2.83613218E-07
   33.6549988        -2.95516998E-07
   33.7700005        -3.07525738E-07
   33.8849983        -3.19633870E-07
   34.0000000        -3.31834315E-07
   34.1150017        -3.44118405E-07
   34.2299995        -3.56476164E-07
   34.3450012        -3.68895911E-07
   34.4599991        -3.81364771E-07
   34.5750008        -3.93868447E-07
   34.6899986        -4.06391621E-07
   34.8050003        -4.18918148E-07
   34.9199982        -4.31431374E-07
   35.0349998        -4.43914331E-07
   35.1500015        -4.56350278E-07
   35.2649994        -4.68722959E-07
   35.3800011        -4.81016798E-07
   35.4949989        -4.93217158E-07
   35.6100006        -5.05310766E-07
   35.7249985        -5.17285571E-07
   35.8400002        -5.29130944E-07
   35.9550018        -5.40837789E-07
   36.0699997        -5.52398376E-07
   36.1850014        -5.63805997E-07
   36.2999992        -5.75055310E-07
   36.4150009        -5.86141596E-07
   36.5299988        -5.97060989E-07
   36.6450005        -6.07809625E-07
   36.7599983        -6.18383581E-07
   36.8750000        -6.28778423E-07
   36.9900017        -6.38988695E-07
   37.1049995        -6.49008030E-07
   37.2200012        -6.58827844E-07
   37.3349991        -6.68438076E-07
   37.4500008        -6.77826392E-07
   37.5649986        -6.86978296E-07
   37.6800003        -6.95876736E-07
   37.7949982        -7.04502440E-07
   37.9099998        -7.12834037E-07
   38.0250015        -7.20848050E-07
   38.1399994        -7.28519410E-07
   38.2550011        -7.35821345E-07
   38.3699989        -7.42726627E-07
   38.4850006        -7.49206947E-07
   38.5999985        -7.55234225E-07
   38.7150002        -7.60780893E-07
   38.8300018        -7.65820346E-07
   38.9449997        -7.70327347E-07
   39.0600014        -7.74278590E-07
   39.1749992        -7.77652929E-07
   39.2900009        -7.80431947E-07
   39.4049988        -7.82599727E-07
   39.5200005        -7.84143197E-07
   39.6349983        -7.85052009E-07
   39.7500000        -7.85318662E-07
   39.8650017        -7.84937981E-07
   39.9799995        -7.83907240E-07
   40.0950012        -7.82225982E-07
   40.2099991        -7.79895117E-07
   40.3250008        -7.76917375E-07
   40.4399986        -7.73296335E-07
   40.5550003        -7.69036774E-07
   40.6699982        -7.64144204E-07
   40.7849998        -7.58624424E-07
   40.9000015        -7.52483970E-07
   41.0149994        -7.45729778E-07
   41.1300011        -7.38369181E-07
   41.2449989        -7.30409909E-07
   41.3600006        -7.21860602E-07
   41.4749985        -7.12730468E-07
   41.5900002        -7.03029741E-07
   41.7050018        -6.92769788E-07
   41.8199997        -6.81963058E-07
   41.9350014        -6.70623251E-07
   42.0499992        -6.58765146E-07
   42.1650009        -6.46404601E-07
   42.2799988        -6.33558273E-07
   42.3950005        -6.20243100E-07
   42.5099983        -6.06476419E-07
   42.6250000        -5.92275114E-07
   42.7400017        -5.77655442E-07
   42.8549995        -5.62632977E-07
   42.9700012        -5.47221475E-07
   43.0849991        -5.31433272E-07
   43.2000008        -5.15278884E-07
   43.3149986        -4.98766781E-07
   43.4300003        -4.81902873E-07
   43.5449982        -4.64691738E-07
   43.6599998        -4.47135932E-07
   43.7750015        -4.29236735E-07
   43.8899994        -4.10994772E-07
   44.0050011        -3.92410783E-07
   44.1199989        -3.73485562E-07
   44.2350006        -3.54221527E-07
   44.3499985        -3.34622996E-07
   44.4650002        -3.14696535E-07
   44.5800018        -2.94452235E-07
   44.6949997        -2.73903510E-07
   44.8100014        -2.53067554E-07
   44.9249992        -2.31965799E-07
   45.0400009        -2.10623909E-07
   45.1549988        -1.89071372E-07
   45.2700005        -1.67341696E-07
   45.3849983        -1.45471873E-07
   45.5000000        -1.23501650E-07
   45.6150017        -1.01473091E-07
   45.7299995        -7.94298245E-08
   45.8450012        -5.74162939E-08
   45.9599991        -3.54773810E-08
   46.0750008        -1.36571767E-08
   46.1899986         8.00135158E-09
   46.3050003         2.94565545E-08
   46.4199982         5.06690512E-08
   46.5349998         7.16011996E-08
   46.6500015         9.22181940E-08
   46.7649994         1.12487008E-07
   46.8800011         1.32377295E-07
   46.9949989         1.51860249E-07
   47.1100006         1.70909047E-07
   47.2249985         1.89498252E-07
   47.3400002         2.07603065E-07
   47.4550018         2.25199727E-07
   47.5699997         2.42264122E-07
   47.6850014         2.58771877E-07
   47.7999992         2.74697783E-07
   47.9150009         2.90014952E-07
   48.0299988         3.04695561E-07
   48.1450005         3.18710107E-07
   48.2599983         3.32026872E-07
   48.3750000         3.44612630E-07
   48.4900017         3.56432338E-07
   48.6049995         3.67449303E-07
   48.7200012         3.77624872E-07
   48.8349991         3.86919169E-07
   48.9500008         3.95290982E-07
   49.0649986         4.02697907E-07
   49.1800003         4.09096998E-07
   49.2949982         4.14445083E-07
   49.4099998         4.18698818E-07
   49.5250015         4.21815514E-07
   49.6399994         4.23752880E-07
   49.7550011         4.24470187E-07
   49.8699989         4.23928583E-07
   49.9850006         4.22091148E-07
   50.0999985         4.18922866E-07
   50.2150002         4.14391934E-07
   50.3300018         4.08469134E-07
   50.4449997         4.01128233E-07
   50.5600014         3.92347346E-07
   50.6749992         3.82106691E-07
   50.7900009         3.70391177E-07
   50.9049988         3.57189265E-07
   51.0200005         3.42493479E-07
   51.1349983         3.26300523E-07
   51.2500000         3.08610709E-07
   51.3650017         2.89428016E-07
   51.4799995         2.68759635E-07
   51.5950012         2.46615571E-07
   51.7099991         2.23008684E-07
   51.8250008         1.97954051E-07
   51.9399986         1.71468955E-07
   52.0550003         1.43572265E-07
   52.1699982         1.14284830E-07
   52.2849998         8.36291605E-08
   52.4000015         5.16287706E-08
   52.5149994         1.83084055E-08
   52.6300011        -1.63049254E-08
   52.7449989        -5.21841308E-08
   52.8600006        -8.93005989E-08
   52.9749985        -1.27623053E-07
   53.0900002        -1.67119438E-07
   53.2050018        -2.07755804E-07
   53.3199997        -2.49494605E-07
   53.4350014        -2.92295567E-07
   53.5499992        -3.36113800E-07
   53.6650009        -3.80901241E-07
   53.7799988        -4.26605311E-07
   53.8950005        -4.73167347E-07
   54.0099983        -5.20523884E-07
   54.1250000        -5.68605401E-07
   54.2400017        -6.17337037E-07
   54.3549995        -6.66637447E-07
   54.4700012        -7.16419265E-07
   54.5849991        -7.66588414E-07
   54.7000008        -8.17044224E-07
   54.8149986        -8.67680569E-07
   54.9300003        -9.18384956E-07
   55.0449982        -9.69038297E-07
   55.1599998        -1.01951741E-06
   55.2750015        -1.06969287E-06
   55.3899994        -1.11943029E-06
   55.5050011        -1.16859155E-06
   55.6199989        -1.21703488E-06
   55.7350006        -1.26461396E-06
   55.8499985        -1.31117986E-06
   55.9650002        -1.35658229E-06
   56.0800018        -1.40066857E-06
   56.1949997        -1.44328476E-06
   56.3100014        -1.48427580E-06
   56.4249992        -1.52348525E-06
   56.5400009        -1.56075521E-06
   56.6549988        -1.59592912E-06
   56.7700005        -1.62884760E-06
   56.8849983        -1.65935205E-06
   57.0000000        -1.68728332E-06
   57.1150017        -1.71248166E-06
   57.2299995        -1.73478668E-06
   57.3450012        -1.75403761E-06
   57.4599991        -1.77007234E-06
   57.5750008        -1.78272660E-06
   57.6899986        -1.79183519E-06
   57.8050003        -1.79723099E-06
   57.9199982        -1.79874519E-06
   58.0349998        -1.79620747E-06
   58.1500015        -1.78944561E-06
   58.2649994        -1.77828622E-06
   58.3800011        -1.76255548E-06
   58.4949989        -1.74207912E-06
   58.6100006        -1.71668307E-06
   58.7249985        -1.68619351E-06
   58.8400002        -1.65043923E-06
   58.9550018        -1.60924992E-06
   59.0699997        -1.56245744E-06
   59.1850014        -1.50989706E-06
   59.2999992        -1.45140734E-06
   59.4150009        -1.38683197E-06
   59.5299988        -1.31601928E-06
   59.6450005        -1.23882353E-06
   59.7599983        -1.15510511E-06
   59.8750000        -1.06473135E-06
   59.9900017        -9.67574692E-07
   60.1049995        -8.63515083E-07
   60.2200012        -7.52438382E-07
   60.3349991        -6.34238177E-07
   60.4500008        -5.08813457E-07
   60.5649986        -3.76070318E-07
   60.6800003        -2.35921817E-07
   60.7949982        -8.82872797E-08
   60.9099998         6.69047964E-08
   61.0250015         2.29719703E-07
   61.1399994         4.00213708E-07
   61.2550011         5.78435049E-07
   61.3699989         7.64425181E-07
   61.4850006         9.58216219E-07
   61.5999985         1.15983096E-06
   61.7150002         1.36928520E-06
   61.8300018         1.58658497E-06
   61.9449997         1.81172891E-06
   62.0600014         2.04470621E-06
   62.1749992         2.28549766E-06
   62.2900009         2.53407438E-06
   62.4049988         2.79040205E-06
   62.5200005         3.05443541E-06
   62.6349983         3.32612376E-06
   62.7500000         3.60540753E-06
   62.8650017         3.89222032E-06
   62.9799995         4.18648870E-06
   63.0950012         4.48813171E-06
   63.2099991         4.79706114E-06
   63.3250008         5.11318149E-06
   63.4399986         5.43638862E-06
   63.5550003         5.76656521E-06
   63.6699982         6.10358575E-06
   63.7849998         6.44731017E-06
   63.9000015         6.79758614E-06
   64.0149994         7.15424494E-06
   64.1299973         7.51710377E-06
   64.2450027         7.88596208E-06
   64.3600006         8.26060204E-06
   64.4749985         8.64078538E-06
   64.5899963         9.02625652E-06
   64.7050018         9.41674080E-06
   64.8199997         9.81193807E-06
   64.9349976         1.02115309E-05
   65.0500031         1.06151783E-05
   65.1650009         1.10225192E-05
   65.2799988         1.14331724E-05
   65.3949966         1.18467424E-05
   65.5100021         1.22628144E-05
   65.6250000         1.26809591E-05
   65.7399979         1.31007355E-05
   65.8550034         1.35216878E-05
   65.9700012         1.39433487E-05
   66.0849991         1.43652414E-05
   66.1999969         1.47868786E-05
   66.3150024         1.52077628E-05
   66.4300003         1.56273927E-05
   66.5449982         1.60452546E-05
   66.6600037         1.64608300E-05
   66.7750015         1.68735951E-05
   66.8899994         1.72830223E-05
   67.0049973         1.76885751E-05
   67.1200027         1.80897132E-05
   67.2350006         1.84858964E-05
   67.3499985         1.88765716E-05
   67.4649963         1.92611878E-05
   67.5800018         1.96391829E-05
   67.6949997         2.00099948E-05
   67.8099976         2.03730560E-05
   67.9250031         2.07277953E-05
   68.0400009         2.10736343E-05
   68.1549988         2.14099982E-05
   68.2699966         2.17363049E-05
   68.3850021         2.20519760E-05
   68.5000000         2.23564275E-05
   68.6149979         2.26490793E-05
   68.7300034         2.29293473E-05
   68.8450012         2.31966515E-05
   68.9599991         2.34504059E-05
   69.0749969         2.36900323E-05
   69.1900024         2.39149504E-05
   69.3050003         2.41245871E-05
   69.4199982         2.43183713E-05
   69.5350037         2.44957391E-05
   69.6500015         2.46561376E-05
   69.7649994         2.47990138E-05
   69.8799973         2.49238310E-05
   69.9950027         2.50300600E-05
   70.1100006         2.51171823E-05
   70.2249985         2.51846886E-05
   70.3399963         2.52320897E-05
   70.4550018         2.52589107E-05
   70.5699997         2.52646896E-05
   70.6849976         2.52489881E-05
   70.8000031         2.52113878E-05
   70.9150009         2.51514903E-05
   71.0299988         2.50689172E-05
   71.1449966         2.49633104E-05
   71.2600021         2.48343385E-05
   71.3750000         2.46816908E-05
   71.4899979         2.45050778E-05
   71.6050034         2.43042359E-05
   71.7200012         2.40789268E-05
   71.8349991         2.38289304E-05
   71.9499969         2.35540519E-05
   72.0650024         2.32541224E-05
   72.1800003         2.29289926E-05
   72.2949982         2.25785370E-05
   72.4100037         2.22026520E-05
   72.5250015         2.18012574E-05
   72.6399994         2.13742951E-05
   72.7549973         2.09217251E-05
   72.8700027         2.04435310E-05
   72.9850006         1.99397145E-05
   73.0999985         1.94103031E-05
   73.2149963         1.88553386E-05
   73.3300018         1.82748918E-05
   73.4449997         1.76690501E-05
   73.5599976         1.70379280E-05
   73.6750031         1.63816549E-05
   73.7900009         1.57003815E-05
   73.9049988         1.49942798E-05
   74.0199966         1.42635390E-05
   74.1350021         1.35083710E-05
   74.2500000         1.27290077E-05
   74.3649979         1.19257011E-05
   74.4800034         1.10987221E-05
   74.5950012         1.02483718E-05
   74.7099991         9.37496407E-06
   74.8249969         8.47884075E-06
   74.9400024         7.56036161E-06
   75.0550003         6.61990907E-06
   75.1699982         5.65788832E-06
   75.2850037         4.67472273E-06
   75.4000015         3.67086113E-06
   75.5149994         2.64676896E-06
   75.6299973         1.60293132E-06
   75.7450027         5.39854170E-07
   75.8600006        -5.41939244E-07
   75.9749985        -1.64190737E-06
   76.0899963        -2.75949265E-06
   76.2050018        -3.89411798E-06
   76.3199997        -5.04520222E-06
   76.4349976        -6.21214485E-06
   76.5500031        -7.39433426E-06
   76.6650009        -8.59115426E-06
   76.7799988        -9.80197365E-06
   76.8949966        -1.10261553E-05
   77.0100021        -1.22630581E-05
   77.1250000        -1.35120235E-05
   77.2399979        -1.47723895E-05
   77.3550034        -1.60434811E-05
   77.4700012        -1.73246117E-05
   77.5849991        -1.86150883E-05
   77.6999969        -1.99142069E-05
   77.8150024        -2.12212508E-05
   77.9300003        -2.25354925E-05
   78.0449982        -2.38561952E-05
   78.1600037        -2.51826095E-05
   78.2750015        -2.65139752E-05
   78.3899994        -2.78495136E-05
   78.5049973        -2.91884244E-05
   78.6200027        -3.05299072E-05
   78.7350006        -3.18731400E-05
   78.8499985        -3.32172895E-05
   78.9649963        -3.45615044E-05
   79.0800018        -3.59049300E-05
   79.1949997        -3.72466930E-05
   79.3099976        -3.85859094E-05
   79.4250031        -3.99216842E-05
   79.5400009        -4.12531153E-05
   79.6549988        -4.25792896E-05
   79.7699966        -4.38992756E-05
   79.8850021        -4.52121385E-05
   80.0000000        -4.65169287E-05
   80.1149979        -4.78126822E-05
   80.2300034        -4.90984312E-05
   80.3450012        -5.03731935E-05
   80.4599991        -5.16359942E-05
   80.5749969        -5.28858473E-05
   80.6900024        -5.41217705E-05
   80.8050003        -5.53427672E-05
   80.9199982        -5.65478549E-05
   81.0350037        -5.77360479E-05
   81.1500015        -5.89063638E-05
   81.2649994        -6.00578314E-05
   81.3799973        -6.11894793E-05
   81.4950027        -6.23003652E-05
   81.6100006        -6.33895397E-05
   81.7249985        -6.44561005E-05
   81.8399963        -6.54991381E-05
   81.9550018        -6.65177868E-05
   82.0699997        -6.75111805E-05
   82.1849976        -6.84785045E-05
   82.3000031        -6.94189366E-05
   82.4150009        -7.03316909E-05
   82.5299988        -7.12160108E-05
   82.6449966        -7.20711396E-05
   82.7600021        -7.28963860E-05
   82.8750000        -7.36910442E-05
   82.9899979        -7.44544668E-05
   83.1050034        -7.51860207E-05
   83.2200012        -7.58850947E-05
   83.3349991        -7.65511213E-05
   83.4499969        -7.71835621E-05
   83.5650024        -7.77818859E-05
   83.6800003        -7.83456126E-05
   83.7949982        -7.88743055E-05
   83.9100037        -7.93675281E-05
   84.0250015        -7.98249312E-05
   84.1399994        -8.02461655E-05
   84.2549973        -8.06309472E-05
   84.3700027        -8.09790290E-05
   84.4850006        -8.12902144E-05
   84.5999985        -8.15643434E-05
   84.7149963        -8.18013068E-05
   84.8300018        -8.20010391E-05
   84.9449997        -8.21635258E-05
   85.0599976        -8.22887887E-05
   85.1750031        -8.23768787E-05
   85.2900009        -8.24279196E-05
   85.4049988        -8.24420422E-05
   85.5199966        -8.24194503E-05
   85.6350021        -8.23603623E-05
   85.7500000        -8.22650400E-05
   85.8649979        -8.21337890E-05
   85.9800034        -8.19669294E-05
   86.0950012        -8.17648252E-05
   86.2099991        -8.15278690E-05
   86.3249969        -8.12564467E-05
   86.4400024        -8.09510020E-05
   86.5550003        -8.06119788E-05
   86.6699982        -8.02398499E-05
   86.7850037        -7.98351175E-05
   86.9000015        -7.93982981E-05
   87.0149994        -7.89299156E-05
   87.1299973        -7.84305375E-05
   87.2450027        -7.79007169E-05
   87.3600006        -7.73410356E-05
   87.4749985        -7.67520687E-05
   87.5899963        -7.61344199E-05
   87.7050018        -7.54886860E-05
   87.8199997        -7.48154707E-05
   87.9349976        -7.41153999E-05
   88.0500031        -7.33890629E-05
   88.1650009        -7.26370999E-05
   88.2799988        -7.18601223E-05
   88.3949966        -7.10587337E-05
   88.5100021        -7.02335528E-05
   88.6250000        -6.93851762E-05
   88.7399979        -6.85141931E-05
   88.8550034        -6.76211712E-05
   88.9700012        -6.67066779E-05
   89.0849991        -6.57712662E-05
   89.1999969        -6.48154601E-05
   89.3150024        -6.38397760E-05
   89.4300003        -6.28447233E-05
   89.5449982        -6.18307822E-05
   89.6600037        -6.07984111E-05
   89.7750015        -5.97480503E-05
   89.8899994        -5.86801216E-05
   90.0049973        -5.75950035E-05
   90.1200027        -5.64930488E-05
   90.2350006        -5.53745813E-05
   90.3499985        -5.42398957E-05
   90.4649963        -5.30892430E-05
   90.5800018        -5.19228561E-05
   90.6949997        -5.07409277E-05
   90.8099976        -4.95436216E-05
   90.9250031        -4.83310650E-05
   91.0400009        -4.71033491E-05
   91.1549988        -4.58605282E-05
   91.2699966        -4.46026061E-05
   91.3850021        -4.33295500E-05
   91.5000000        -4.20412725E-05
   91.6149979        -4.07376574E-05
   91.7300034        -3.94185445E-05
   91.8450012        -3.80837300E-05
   91.9599991        -3.67329812E-05
   92.0749969        -3.53660253E-05
   92.1900024        -3.39825565E-05
   92.3050003        -3.25822439E-05
   92.4199982        -3.11647091E-05
   92.5350037        -2.97295574E-05
   92.6500015        -2.82763576E-05
   92.7649994        -2.68046497E-05
   92.8799973        -2.53139588E-05
   92.9950027        -2.38037956E-05
   93.1100006        -2.22736671E-05
   93.2249985        -2.07230732E-05
   93.3399963        -1.91515246E-05
   93.4550018        -1.75585283E-05
   93.5699997        -1.59436058E-05
   93.6849976        -1.43063053E-05
   93.8000031        -1.26461773E-05
   93.9150009        -1.09628072E-05
   94.0299988        -9.25580025E-06
   94.1449966        -7.52478763E-06
   94.2600021        -5.76943739E-06
   94.3750000        -3.98945622E-06
   94.4899979        -2.18459036E-06
   94.6050034        -3.54629179E-07
   94.7200012         1.50059554E-06
   94.8349991         3.38122004E-06
   94.9499969         5.28732789E-06
   95.0650024         7.21897732E-06
   95.1800003         9.17619218E-06
   95.2949982         1.11589688E-05
   95.4100037         1.31672814E-05
   95.5250015         1.52010634E-05
   95.6399994         1.72602304E-05
   95.7549973         1.93446722E-05
   95.8700027         2.14542524E-05
   95.9850006         2.35888165E-05
   96.0999985         2.57481879E-05
   96.2149963         2.79321775E-05
   96.3300018         3.01405871E-05
   96.4449997         3.23732020E-05
   96.5599976         3.46297966E-05
   96.6750031         3.69101290E-05
   96.7900009         3.92139409E-05
   96.9049988         4.15409559E-05
   97.0199966         4.38908864E-05
   97.1350021         4.62633980E-05
   97.2500000         4.86581412E-05
   97.3649979         5.10747232E-05
   97.4800034         5.35127183E-05
   97.5950012         5.59716609E-05
   97.7099991         5.84510271E-05
   97.8249969         6.09502385E-05
   97.9400024         6.34686585E-05
   98.0550003         6.60055739E-05
   98.1699982         6.85601990E-05
   98.2850037         7.11316461E-05
   98.4000015         7.37189403E-05
   98.5149994         7.63209755E-05
   98.6299973         7.89365586E-05
   98.7450027         8.15643580E-05
   98.8600006         8.42029185E-05
   98.9749985         8.68506686E-05
   99.0899963         8.95059056E-05
   99.2050018         9.21668034E-05
   99.3199997         9.48313973E-05
   99.4349976         9.74976356E-05
   99.5500031         1.00163335E-04
   99.6650009         1.02826220E-04
   99.7799988         1.05483909E-04
   99.8949966         1.08133943E-04
   100.010002         1.10773806E-04
   100.125000         1.13400922E-04
   100.239998         1.16012736E-04
   100.355003         1.18606651E-04
   100.470001         1.21180099E-04
   100.584999         1.23730541E-04
   100.699997         1.26255516E-04
   100.815002         1.28752596E-04
   100.930000         1.31219465E-04
   101.044998         1.33653928E-04
   101.160004         1.36053888E-04
   101.275002         1.38417352E-04
   101.389999         1.40742515E-04
   101.504997         1.43027719E-04
   101.620003         1.45271420E-04
   101.735001         1.47472238E-04
   101.849998         1.49628991E-04
   101.964996         1.51740605E-04
   102.080002         1.53806162E-04
   102.195000         1.55824921E-04
   102.309998         1.57796239E-04
   102.425003         1.59719653E-04
   102.540001         1.61594784E-04
   102.654999         1.63421384E-04
   102.769997         1.65199323E-04
   102.885002         1.66928570E-04
   103.000000         1.68609156E-04
   103.114998         1.70241241E-04
   103.230003         1.71825013E-04
   103.345001         1.73360750E-04
   103.459999         1.74848814E-04
   103.574997         1.76289614E-04
   103.690002         1.77683571E-04
   103.805000         1.79031194E-04
   103.919998         1.80333009E-04
   104.035004         1.81589552E-04
   104.150002         1.82801421E-04
   104.264999         1.83969198E-04
   104.379997         1.85093508E-04
   104.495003         1.86174992E-04
   104.610001         1.87214246E-04
   104.724998         1.88211925E-04
   104.839996         1.89168670E-04
   104.955002         1.90085091E-04
   105.070000         1.90961830E-04
   105.184998         1.91799467E-04
   105.300003         1.92598556E-04
   105.415001         1.93359636E-04
   105.529999         1.94083201E-04
   105.644997         1.94769716E-04
   105.760002         1.95419605E-04
   105.875000         1.96033245E-04
   105.989998         1.96610941E-04
   106.105003         1.97152985E-04
   106.220001         1.97659669E-04
   106.334999         1.98131194E-04
   106.449997         1.98567781E-04
   106.565002         1.98969574E-04
   106.680000         1.99336762E-04
   106.794998         1.99669434E-04
   106.910004         1.99967704E-04
   107.025002         2.00231734E-04
   107.139999         2.00461654E-04
   107.254997         2.00657654E-04
   107.370003         2.00820010E-04
   107.485001         2.00949013E-04
   107.599998         2.01045070E-04
   107.714996         2.01108647E-04
   107.830002         2.01140312E-04
   107.945000         2.01140661E-04
   108.059998         2.01110437E-04
   108.175003         2.01050440E-04
   108.290001         2.00961542E-04
   108.404999         2.00844719E-04
   108.519997         2.00701019E-04
   108.635002         2.00531533E-04
   108.750000         2.00337396E-04
   108.864998         2.00119757E-04
   108.980003         1.99879796E-04
   109.095001         1.99618604E-04
   109.209999         1.99337257E-04
   109.324997         1.99036716E-04
   109.440002         1.98717811E-04
   109.555000         1.98381225E-04
   109.669998         1.98027497E-04
   109.785004         1.97656904E-04
   109.900002         1.97269503E-04
   110.014999         1.96865134E-04
   110.129997         1.96443347E-04
   110.245003         1.96003355E-04
   110.360001         1.95544126E-04
   110.474998         1.95064218E-04
   110.589996         1.94561871E-04
   110.705002         1.94034976E-04
   110.820000         1.93481072E-04
   110.934998         1.92897307E-04
   111.050003         1.92280582E-04
   111.165001         1.91627420E-04
   111.279999         1.90934123E-04
   111.394997         1.90196719E-04
   111.510002         1.89410988E-04
   111.625000         1.88572536E-04
   111.739998         1.87676851E-04
   111.855003         1.86719248E-04
   111.970001         1.85695040E-04
   112.084999         1.84599514E-04
   112.199997         1.83428041E-04
   112.315002         1.82176082E-04
   112.430000         1.80839328E-04
   112.544998         1.79413677E-04
   112.660004         1.77895359E-04
   112.775002         1.76280955E-04
   112.889999         1.74567438E-04
   113.004997         1.72752247E-04
   113.120003         1.70833257E-04
   113.235001         1.68808911E-04
   113.349998         1.66678175E-04
   113.464996         1.64440615E-04
   113.580002         1.62096345E-04
   113.695000         1.59646093E-04
   113.809998         1.57091214E-04
   113.925003         1.54433597E-04
   114.040001         1.51675718E-04
   114.154999         1.48820560E-04
   114.269997         1.45871614E-04
   114.385002         1.42832752E-04
   114.500000         1.39708296E-04
   114.614998         1.36502800E-04
   114.730003         1.33221096E-04
   114.845001         1.29868233E-04
   114.959999         1.26449362E-04
   115.074997         1.22969665E-04
   115.190002         1.19434335E-04
   115.305000         1.15848452E-04
   115.419998         1.12216898E-04
   115.535004         1.08544285E-04
   115.650002         1.04834879E-04
   115.764999         1.01092541E-04
   115.879997         9.73206261E-05
   115.995003         9.35219869E-05
   116.110001         8.96988640E-05
   116.224998         8.58528874E-05
   116.339996         8.19850538E-05
   116.455002         7.80956907E-05
   116.570000         7.41844633E-05
   116.684998         7.02503603E-05
   116.800003         6.62916573E-05
   116.915001         6.23059823E-05
   117.029999         5.82903558E-05
   117.144997         5.42411799E-05
   117.260002         5.01543254E-05
   117.375000         4.60252195E-05
   117.489998         4.18488962E-05
   117.605003         3.76201024E-05
   117.720001         3.33333592E-05
   117.834999         2.89831078E-05
   117.949997         2.45637584E-05
   118.065002         2.00698123E-05
   118.180000         1.54959271E-05
   118.294998         1.08370550E-05
   118.410004         6.08850769E-06
   118.525002         1.24608664E-06
   118.639999        -3.69383451E-06
   118.754997        -8.73418776E-06
   118.870003        -1.38771502E-05
   118.985001        -1.91240433E-05
   119.099998        -2.44752737E-05
   119.214996        -2.99302483E-05
   119.330002        -3.54873991E-05
   119.445000        -4.11440742E-05
   119.559998        -4.68966100E-05
   119.675003        -5.27401899E-05
   119.790001        -5.86690367E-05
   119.904999        -6.46762564E-05
   120.019997        -7.07539366E-05
   120.135002        -7.68931714E-05
   120.250000        -8.30840800E-05
   120.364998        -8.93159304E-05
   120.480003        -9.55771829E-05
   120.595001        -1.01855636E-04
   120.709999        -1.08138440E-04
   120.824997        -1.14412331E-04
   120.940002        -1.20663710E-04
   121.055000        -1.26878746E-04
   121.169998        -1.33043577E-04
   121.285004        -1.39144366E-04
   121.400002        -1.45167534E-04
   121.514999        -1.51099783E-04
   121.629997        -1.56928305E-04
   121.745003        -1.62640907E-04
   121.860001        -1.68226135E-04
   121.974998        -1.73673412E-04
   122.089996        -1.78973205E-04
   122.205002        -1.84117031E-04
   122.320000        -1.89097627E-04
   122.434998        -1.93909058E-04
   122.550003        -1.98546710E-04
   122.665001        -2.03007352E-04
   122.779999        -2.07289151E-04
   122.894997        -2.11391685E-04
   123.010002        -2.15315929E-04
   123.125000        -2.19064197E-04
   123.239998        -2.22640185E-04
   123.355003        -2.26048840E-04
   123.470001        -2.29296391E-04
   123.584999        -2.32390099E-04
   123.699997        -2.35338273E-04
   123.815002        -2.38150053E-04
   123.930000        -2.40835361E-04
   124.044998        -2.43404633E-04
   124.160004        -2.45868723E-04
   124.275002        -2.48238677E-04
   124.389999        -2.50525685E-04
   124.504997        -2.52740661E-04
   124.620003        -2.54894403E-04
   124.735001        -2.56997184E-04
   124.849998        -2.59058754E-04
   124.964996        -2.61088077E-04
   125.080002        -2.63093185E-04
   125.195000        -2.65081122E-04
   125.309998        -2.67057825E-04
   125.425003        -2.69027980E-04
   125.540001        -2.70994904E-04
   125.654999        -2.72960577E-04
   125.769997        -2.74925638E-04
   125.885002        -2.76889332E-04
   126.000000        -2.78849533E-04
   126.114998        -2.80802866E-04
   126.230003        -2.82744673E-04
   126.345001        -2.84669251E-04
   126.459999        -2.86569790E-04
   126.574997        -2.88438634E-04
   126.690002        -2.90267315E-04
   126.805000        -2.92046869E-04
   126.919998        -2.93767749E-04
   127.035004        -2.95420381E-04
   127.150002        -2.96994986E-04
   127.264999        -2.98482075E-04
   127.379997        -2.99872481E-04
   127.495003        -3.01157706E-04
   127.610001        -3.02329892E-04
   127.724998        -3.03382287E-04
   127.839996        -3.04309127E-04
   127.955002        -3.05105961E-04
   128.070007        -3.05769732E-04
   128.184998        -3.06298869E-04
   128.300003        -3.06693430E-04
   128.414993        -3.06955073E-04
   128.529999        -3.07087292E-04
   128.645004        -3.07095353E-04
   128.759995        -3.06986272E-04
   128.875000        -3.06768779E-04
   128.990005        -3.06453323E-04
   129.104996        -3.06051894E-04
   129.220001        -3.05577938E-04
   129.335007        -3.05046182E-04
   129.449997        -3.04472574E-04
   129.565002        -3.03873880E-04
   129.679993        -3.03267734E-04
   129.794998        -3.02672357E-04
   129.910004        -3.02106200E-04
   130.024994        -3.01587919E-04
   130.139999        -3.01135937E-04
   130.255005        -3.00768384E-04
   130.369995        -3.00502637E-04
   130.485001        -3.00355285E-04
   130.600006        -3.00341635E-04
   130.714996        -3.00475804E-04
   130.830002        -3.00770276E-04
   130.945007        -3.01235879E-04
   131.059998        -3.01881548E-04
   131.175003        -3.02714237E-04
   131.289993        -3.03738838E-04
   131.404999        -3.04958085E-04
   131.520004        -3.06372531E-04
   131.634995        -3.07980517E-04
   131.750000        -3.09778203E-04
   131.865005        -3.11759533E-04
   131.979996        -3.13916389E-04
   132.095001        -3.16238700E-04
   132.210007        -3.18714476E-04
   132.324997        -3.21330182E-04
   132.440002        -3.24070745E-04
   132.554993        -3.26919864E-04
   132.669998        -3.29860166E-04
   132.785004        -3.32873635E-04
   132.899994        -3.35941586E-04
   133.014999        -3.39045102E-04
   133.130005        -3.42165207E-04
   133.244995        -3.45283246E-04
   133.360001        -3.48380941E-04
   133.475006        -3.51440831E-04
   133.589996        -3.54446471E-04
   133.705002        -3.57382582E-04
   133.820007        -3.60235485E-04
   133.934998        -3.62992956E-04
   134.050003        -3.65644722E-04
   134.164993        -3.68182402E-04
   134.279999        -3.70599621E-04
   134.395004        -3.72892129E-04
   134.509995        -3.75057862E-04
   134.625000        -3.77096818E-04
   134.740005        -3.79011239E-04
   134.854996        -3.80805344E-04
   134.970001        -3.82485450E-04
   135.085007        -3.84059706E-04
   135.199997        -3.85538093E-04
   135.315002        -3.86932166E-04
   135.429993        -3.88254819E-04
   135.544998        -3.89520254E-04
   135.660004        -3.90743633E-04
   135.774994        -3.91940761E-04
   135.889999        -3.93127877E-04
   136.005005        -3.94321512E-04
   136.119995        -3.95538023E-04
   136.235001        -3.96793446E-04
   136.350006        -3.98103322E-04
   136.464996        -3.99482262E-04
   136.580002        -4.00943973E-04
   136.695007        -4.02500766E-04
   136.809998        -4.04163497E-04
   136.925003        -4.05941362E-04
   137.039993        -4.07841668E-04
   137.154999        -4.09869739E-04
   137.270004        -4.12028807E-04
   137.384995        -4.14319860E-04
   137.500000        -4.16741823E-04
   137.615005        -4.19291231E-04
   137.729996        -4.21962613E-04
   137.845001        -4.24748258E-04
   137.960007        -4.27638530E-04
   138.074997        -4.30621905E-04
   138.190002        -4.33685083E-04
   138.304993        -4.36813309E-04
   138.419998        -4.39990428E-04
   138.535004        -4.43199184E-04
   138.649994        -4.46421560E-04
   138.764999        -4.49638930E-04
   138.880005        -4.52832406E-04
   138.994995        -4.55983187E-04
   139.110001        -4.59072762E-04
   139.225006        -4.62083233E-04
   139.339996        -4.64997778E-04
   139.455002        -4.67800623E-04
   139.570007        -4.70477506E-04
   139.684998        -4.73015825E-04
   139.800003        -4.75404900E-04
   139.914993        -4.77636029E-04
   140.029999        -4.79702721E-04
   140.145004        -4.81600699E-04
   140.259995        -4.83328040E-04
   140.375000        -4.84885357E-04
   140.490005        -4.86275501E-04
   140.604996        -4.87503741E-04
   140.720001        -4.88577585E-04
   140.835007        -4.89506638E-04
   140.949997        -4.90302511E-04
   141.065002        -4.90978535E-04
   141.179993        -4.91549494E-04
   141.294998        -4.92031395E-04
   141.410004        -4.92441352E-04
   141.524994        -4.92797175E-04
   141.639999        -4.93116793E-04
   141.755005        -4.93418542E-04
   141.869995        -4.93720523E-04
   141.985001        -4.94040200E-04
   142.100006        -4.94394277E-04
   142.214996        -4.94798413E-04
   142.330002        -4.95266751E-04
   142.445007        -4.95811750E-04
   142.559998        -4.96444234E-04
   142.675003        -4.97172761E-04
   142.789993        -4.98003676E-04
   142.904999        -4.98941110E-04
   143.020004        -4.99986752E-04
   143.134995        -5.01139788E-04
   143.250000        -5.02397190E-04
   143.365005        -5.03753370E-04
   143.479996        -5.05200354E-04
   143.595001        -5.06728073E-04
   143.710007        -5.08324243E-04
   143.824997        -5.09974547E-04
   143.940002        -5.11663093E-04
   144.054993        -5.13372303E-04
   144.169998        -5.15083259E-04
   144.285004        -5.16775879E-04
   144.399994        -5.18429442E-04
   144.514999        -5.20022644E-04
   144.630005        -5.21533831E-04
   144.744995        -5.22941351E-04
   144.860001        -5.24223724E-04
   144.975006        -5.25360054E-04
   145.089996        -5.26329794E-04
   145.205002        -5.27113734E-04
   145.320007        -5.27693366E-04
   145.434998        -5.28051576E-04
   145.550003        -5.28172764E-04
   145.664993        -5.28042903E-04
   145.779999        -5.27649710E-04
   145.895004        -5.26982592E-04
   146.009995        -5.26033051E-04
   146.125000        -5.24794334E-04
   146.240005        -5.23261842E-04
   146.354996        -5.21432725E-04
   146.470001        -5.19306050E-04
   146.585007        -5.16882923E-04
   146.699997        -5.14165906E-04
   146.815002        -5.11159538E-04
   146.929993        -5.07869816E-04
   147.044998        -5.04304364E-04
   147.160004        -5.00472030E-04
   147.274994        -4.96383116E-04
   147.389999        -4.92048857E-04
   147.505005        -4.87481710E-04
   147.619995        -4.82694712E-04
   147.735001        -4.77701513E-04
   147.850006        -4.72516404E-04
   147.964996        -4.67153790E-04
   148.080002        -4.61628457E-04
   148.195007        -4.55955218E-04
   148.309998        -4.50148742E-04
   148.425003        -4.44223726E-04
   148.539993        -4.38194518E-04
   148.654999        -4.32075205E-04
   148.770004        -4.25879320E-04
   148.884995        -4.19619988E-04
   149.000000        -4.13309608E-04
   149.115005        -4.06959938E-04
   149.229996        -4.00582241E-04
   149.345001        -3.94186645E-04
   149.460007        -3.87782755E-04
   149.574997        -3.81379330E-04
   149.690002        -3.74984491E-04
   149.804993        -3.68605542E-04
   149.919998        -3.62249091E-04
   150.035004        -3.55920987E-04
   150.149994        -3.49626702E-04
   150.264999        -3.43370775E-04
   150.380005        -3.37157137E-04
   150.494995        -3.30989249E-04
   150.610001        -3.24870081E-04
   150.725006        -3.18802078E-04
   150.839996        -3.12787743E-04
   150.955002        -3.06829024E-04
   151.070007        -3.00927990E-04
   151.184998        -2.95086473E-04
   151.300003        -2.89306510E-04
   151.414993        -2.83590460E-04
   151.529999        -2.77940504E-04
   151.645004        -2.72359379E-04
   151.759995        -2.66849907E-04
   151.875000        -2.61415407E-04
   151.990005        -2.56059458E-04
   152.104996        -2.50786281E-04
   152.220001        -2.45600328E-04
   152.335007        -2.40506881E-04
   152.449997        -2.35511456E-04
   152.565002        -2.30620397E-04
   152.679993        -2.25840398E-04
   152.794998        -2.21178692E-04
   152.910004        -2.16642933E-04
   153.024994        -2.12240891E-04
   153.139999        -2.07980876E-04
   153.255005        -2.03871110E-04
   153.369995        -1.99920265E-04
   153.485001        -1.96136723E-04
   153.600006        -1.92529260E-04
   153.714996        -1.89106388E-04
   153.830002        -1.85876765E-04
   153.945007        -1.82848584E-04
   154.059998        -1.80029805E-04
   154.175003        -1.77427981E-04
   154.289993        -1.75049980E-04
   154.404999        -1.72902262E-04
   154.520004        -1.70990534E-04
   154.634995        -1.69319857E-04
   154.750000        -1.67894526E-04
   154.865005        -1.66718237E-04
   154.979996        -1.65793783E-04
   155.095001        -1.65123478E-04
   155.210007        -1.64708938E-04
   155.324997        -1.64550889E-04
   155.440002        -1.64649449E-04
   155.554993        -1.65004254E-04
   155.669998        -1.65613994E-04
   155.785004        -1.66477141E-04
   155.899994        -1.67591541E-04
   156.014999        -1.68954779E-04
   156.130005        -1.70564366E-04
   156.244995        -1.72417320E-04
   156.360001        -1.74510860E-04
   156.475006        -1.76842077E-04
   156.589996        -1.79408249E-04
   156.705002        -1.82206917E-04
   156.820007        -1.85235636E-04
   156.934998        -1.88492195E-04
   157.050003        -1.91974759E-04
   157.164993        -1.95681961E-04
   157.279999        -1.99612754E-04
   157.395004        -2.03766365E-04
   157.509995        -2.08142534E-04
   157.625000        -2.12741666E-04
   157.740005        -2.17564404E-04
   157.854996        -2.22611794E-04
   157.970001        -2.27885510E-04
   158.085007        -2.33387109E-04
   158.199997        -2.39118555E-04
   158.315002        -2.45082017E-04
   158.429993        -2.51279824E-04
   158.544998        -2.57714302E-04
   158.660004        -2.64387549E-04
   158.774994        -2.71301775E-04
   158.889999        -2.78459105E-04
   159.005005        -2.85861519E-04
   159.119995        -2.93510850E-04
   159.235001        -3.01408407E-04
   159.350006        -3.09555151E-04
   159.464996        -3.17951548E-04
   159.580002        -3.26597481E-04
   159.695007        -3.35491903E-04
   159.809998        -3.44633416E-04
   159.925003        -3.54019925E-04
   160.039993        -3.63648782E-04
   160.154999        -3.73516610E-04
   160.270004        -3.83619190E-04
   160.384995        -3.93951952E-04
   160.500000        -4.04509279E-04
   160.615005        -4.15285002E-04
   160.729996        -4.26272221E-04
   160.845001        -4.37463546E-04
   160.960007        -4.48850944E-04
   161.074997        -4.60426090E-04
   161.190002        -4.72179847E-04
   161.304993        -4.84102842E-04
   161.419998        -4.96185385E-04
   161.535004        -5.08417550E-04
   161.649994        -5.20788657E-04
   161.764999        -5.33288054E-04
   161.880005        -5.45904855E-04
   161.994995        -5.58628002E-04
   162.110001        -5.71446202E-04
   162.225006        -5.84348338E-04
   162.339996        -5.97323000E-04
   162.455002        -6.10358897E-04
   162.570007        -6.23444619E-04
   162.684998        -6.36568700E-04
   162.800003        -6.49719790E-04
   162.914993        -6.62886770E-04
   163.029999        -6.76058873E-04
   163.145004        -6.89225213E-04
   163.259995        -7.02375080E-04
   163.375000        -7.15498521E-04
   163.490005        -7.28585932E-04
   163.604996        -7.41627824E-04
   163.720001        -7.54615641E-04
   163.835007        -7.67541176E-04
   163.949997        -7.80396746E-04
   164.065002        -7.93175248E-04
   164.179993        -8.05870513E-04
   164.294998        -8.18477536E-04
   164.410004        -8.30991892E-04
   164.524994        -8.43410438E-04
   164.639999        -8.55731312E-04
   164.755005        -8.67953291E-04
   164.869995        -8.80076492E-04
   164.985001        -8.92102253E-04
   165.100006        -9.04033193E-04
   165.214996        -9.15872806E-04
   165.330002        -9.27625573E-04
   165.445007        -9.39297548E-04
   165.559998        -9.50895424E-04
   165.675003        -9.62427759E-04
   165.789993        -9.73903341E-04
   165.904999        -9.85332066E-04
   166.020004        -9.96725168E-04
   166.134995        -1.00809417E-03
   166.250000        -1.01945188E-03
   166.365005        -1.03081088E-03
   166.479996        -1.04218454E-03
   166.595001        -1.05358637E-03
   166.710007        -1.06502965E-03
   166.824997        -1.07652752E-03
   166.940002        -1.08809269E-03
   167.054993        -1.09973794E-03
   167.169998        -1.11147470E-03
   167.285004        -1.12331437E-03
   167.399994        -1.13526708E-03
   167.514999        -1.14734261E-03
   167.630005        -1.15954923E-03
   167.744995        -1.17189356E-03
   167.860001        -1.18438166E-03
   167.975006        -1.19701796E-03
   168.089996        -1.20980537E-03
   168.205002        -1.22274586E-03
   168.320007        -1.23583910E-03
   168.434998        -1.24908471E-03
   168.550003        -1.26248098E-03
   168.664993        -1.27602473E-03
   168.779999        -1.28971168E-03
   168.895004        -1.30353752E-03
   169.009995        -1.31749676E-03
   169.125000        -1.33158301E-03
   169.240005        -1.34578999E-03
   169.354996        -1.36011094E-03
   169.470001        -1.37453922E-03
   169.585007        -1.38906704E-03
   169.699997        -1.40368799E-03
   169.815002        -1.41839590E-03
   169.929993        -1.43318577E-03
   170.044998        -1.44805224E-03
   170.160004        -1.46299216E-03
   170.274994        -1.47800171E-03
   170.389999        -1.49307947E-03
   170.505005        -1.50822464E-03
   170.619995        -1.52343744E-03
   170.735001        -1.53871940E-03
   170.850006        -1.55407353E-03
   170.964996        -1.56950392E-03
   171.080002        -1.58501603E-03
   171.195007        -1.60061754E-03
   171.309998        -1.61631650E-03
   171.425003        -1.63212290E-03
   171.539993        -1.64804910E-03
   171.654999        -1.66410615E-03
   171.770004        -1.68030767E-03
   171.884995        -1.69666740E-03
   172.000000        -1.71320117E-03
   172.115005        -1.72992435E-03
   172.229996        -1.74685370E-03
   172.345001        -1.76400586E-03
   172.460007        -1.78139808E-03
   172.574997        -1.79904792E-03
   172.690002        -1.81697286E-03
   172.804993        -1.83519092E-03
   172.919998        -1.85371912E-03
   173.035004        -1.87257479E-03
   173.149994        -1.89177471E-03
   173.264999        -1.91133504E-03
   173.380005        -1.93127105E-03
   173.494995        -1.95159856E-03
   173.610001        -1.97233167E-03
   173.725006        -1.99348410E-03
   173.839996        -2.01506889E-03
   173.955002        -2.03709910E-03
   174.070007        -2.05958518E-03
   174.184998        -2.08253856E-03
   174.300003        -2.10596970E-03
   174.414993        -2.12988816E-03
   174.529999        -2.15430255E-03
   174.645004        -2.17922125E-03
   174.759995        -2.20465125E-03
   174.875000        -2.23059952E-03
   174.990005        -2.25707307E-03
   175.104996        -2.28407769E-03
   175.220001        -2.31161923E-03
   175.335007        -2.33970373E-03
   175.449997        -2.36833701E-03
   175.565002        -2.39752512E-03
   175.679993        -2.42727366E-03
   175.794998        -2.45758891E-03
   175.910004        -2.48847692E-03
   176.024994        -2.51994329E-03
   176.139999        -2.55199545E-03
   176.255005        -2.58463854E-03
   176.369995        -2.61787907E-03
   176.485001        -2.65172310E-03
   176.600006        -2.68617761E-03
   176.714996        -2.72124982E-03
   176.830002        -2.75694649E-03
   176.945007        -2.79327412E-03
   177.059998        -2.83023948E-03
   177.175003        -2.86784931E-03
   177.289993        -2.90610781E-03
   177.404999        -2.94502033E-03
   177.520004        -2.98458990E-03
   177.634995        -3.02481884E-03
   177.750000        -3.06570902E-03
   177.865005        -3.10726115E-03
   177.979996        -3.14947357E-03
   178.095001        -3.19234421E-03
   178.210007        -3.23586864E-03
   178.324997        -3.28004011E-03
   178.440002        -3.32485139E-03
   178.554993        -3.37029155E-03
   178.669998        -3.41634848E-03
   178.785004        -3.46300774E-03
   178.899994        -3.51025374E-03
   179.014999        -3.55806760E-03
   179.130005        -3.60643072E-03
   179.244995        -3.65532027E-03
   179.360001        -3.70471319E-03
   179.475006        -3.75458505E-03
   179.589996        -3.80490976E-03
   179.705002        -3.85565963E-03
   179.820007        -3.90680600E-03
   179.934998        -3.95831978E-03
   180.050003        -4.01016977E-03
   180.164993        -4.06232616E-03
   180.279999        -4.11475729E-03
   180.395004        -4.16743243E-03
   180.509995        -4.22032177E-03
   180.625000        -4.27339412E-03
   180.740005        -4.32662060E-03
   180.854996        -4.37997188E-03
   180.970001        -4.43341909E-03
   181.085007        -4.48693568E-03
   181.199997        -4.54049557E-03
   181.315002        -4.59407270E-03
   181.429993        -4.64764424E-03
   181.544998        -4.70118737E-03
   181.660004        -4.75468067E-03
   181.774994        -4.80810227E-03
   181.889999        -4.86143213E-03
   182.005005        -4.91465162E-03
   182.119995        -4.96774027E-03
   182.235001        -5.02067991E-03
   182.350006        -5.07345144E-03
   182.464996        -5.12603903E-03
   182.580002        -5.17842127E-03
   182.695007        -5.23058139E-03
   182.809998        -5.28249843E-03
   182.925003        -5.33415284E-03
   183.039993        -5.38552320E-03
   183.154999        -5.43658622E-03
   183.270004        -5.48731769E-03
   183.384995        -5.53769199E-03
   183.500000        -5.58768213E-03
   183.615005        -5.63725876E-03
   183.729996        -5.68639347E-03
   183.845001        -5.73505182E-03
   183.960007        -5.78320166E-03
   184.074997        -5.83080621E-03
   184.190002        -5.87782962E-03
   184.304993        -5.92423091E-03
   184.419998        -5.96997142E-03
   184.535004        -6.01500785E-03
   184.649994        -6.05929783E-03
   184.764999        -6.10279711E-03
   184.880005        -6.14546239E-03
   184.994995        -6.18724665E-03
   185.110001        -6.22810563E-03
   185.225006        -6.26799371E-03
   185.339996        -6.30686665E-03
   185.455002        -6.34467788E-03
   185.570007        -6.38138410E-03
   185.684998        -6.41694199E-03
   185.800003        -6.45131012E-03
   185.914993        -6.48444472E-03
   186.029999        -6.51630713E-03
   186.145004        -6.54685777E-03
   186.259995        -6.57606311E-03
   186.375000        -6.60388917E-03
   186.490005        -6.63030474E-03
   186.604996        -6.65528234E-03
   186.720001        -6.67879498E-03
   186.835007        -6.70081889E-03
   186.949997        -6.72133220E-03
   187.065002        -6.74031815E-03
   187.179993        -6.75775995E-03
   187.294998        -6.77364646E-03
   187.410004        -6.78796647E-03
   187.524994        -6.80071395E-03
   187.639999        -6.81188563E-03
   187.755005        -6.82148011E-03
   187.869995        -6.82950020E-03
   187.985001        -6.83595007E-03
   188.100006        -6.84083719E-03
   188.214996        -6.84417272E-03
   188.330002        -6.84596831E-03
   188.445007        -6.84624026E-03
   188.559998        -6.84500439E-03
   188.675003        -6.84228074E-03
   188.789993        -6.83809211E-03
   188.904999        -6.83246320E-03
   189.020004        -6.82541914E-03
   189.134995        -6.81698788E-03
   189.250000        -6.80719921E-03
   189.365005        -6.79608341E-03
   189.479996        -6.78367075E-03
   189.595001        -6.76999241E-03
   189.710007        -6.75508054E-03
   189.824997        -6.73896819E-03
   189.940002        -6.72168657E-03
   190.054993        -6.70326874E-03
   190.169998        -6.68374589E-03
   190.285004        -6.66314969E-03
   190.399994        -6.64151134E-03
   190.514999        -6.61886111E-03
   190.630005        -6.59522787E-03
   190.744995        -6.57063955E-03
   190.860001        -6.54512038E-03
   190.975006        -6.51869550E-03
   191.089996        -6.49138680E-03
   191.205002        -6.46321382E-03
   191.320007        -6.43419754E-03
   191.434998        -6.40435424E-03
   191.550003        -6.37370069E-03
   191.664993        -6.34225225E-03
   191.779999        -6.31002197E-03
   191.895004        -6.27702102E-03
   192.009995        -6.24326058E-03
   192.125000        -6.20874995E-03
   192.240005        -6.17349707E-03
   192.354996        -6.13750843E-03
   192.470001        -6.10079290E-03
   192.585007        -6.06335793E-03
   192.699997        -6.02521049E-03
   192.815002        -5.98635944E-03
   192.929993        -5.94681501E-03
   193.044998        -5.90658700E-03
   193.160004        -5.86568797E-03
   193.274994        -5.82412910E-03
   193.389999        -5.78192296E-03
   193.505005        -5.73908538E-03
   193.619995        -5.69563359E-03
   193.735001        -5.65158576E-03
   193.850006        -5.60696051E-03
   193.964996        -5.56178065E-03
   194.080002        -5.51607041E-03
   194.195007        -5.46985352E-03
   194.309998        -5.42315748E-03
   194.425003        -5.37601067E-03
   194.539993        -5.32844011E-03
   194.654999        -5.28047746E-03
   194.770004        -5.23215439E-03
   194.884995        -5.18350163E-03
   195.000000        -5.13455179E-03
   195.115005        -5.08533372E-03
   195.229996        -5.03588002E-03
   195.345001        -4.98621818E-03
   195.460007        -4.93637752E-03
   195.574997        -4.88638738E-03
   195.690002        -4.83627291E-03
   195.804993        -4.78606112E-03
   195.919998        -4.73577483E-03
   196.035004        -4.68543638E-03
   196.149994        -4.63506253E-03
   196.264999        -4.58467146E-03
   196.380005        -4.53427527E-03
   196.494995        -4.48388606E-03
   196.610001        -4.43351362E-03
   196.725006        -4.38316399E-03
   196.839996        -4.33284184E-03
   196.955002        -4.28254949E-03
   197.070007        -4.23228741E-03
   197.184998        -4.18205326E-03
   197.300003        -4.13183961E-03
   197.414993        -4.08163900E-03
   197.529999        -4.03144071E-03
   197.645004        -3.98123497E-03
   197.759995        -3.93100828E-03
   197.875000        -3.88074573E-03
   197.990005        -3.83043336E-03
   198.104996        -3.78005579E-03
   198.220001        -3.72959813E-03
   198.335007        -3.67904315E-03
   198.449997        -3.62837687E-03
   198.565002        -3.57758254E-03
   198.679993        -3.52664618E-03
   198.794998        -3.47555126E-03
   198.910004        -3.42428475E-03
   199.024994        -3.37283383E-03
   199.139999        -3.32118548E-03
   199.255005        -3.26933037E-03
   199.369995        -3.21725872E-03
   199.485001        -3.16496426E-03
   199.600006        -3.11244233E-03
   199.714996        -3.05969059E-03
   199.830002        -3.00670741E-03
   199.945007        -2.95349373E-03
   200.059998        -2.90005165E-03
   200.175003        -2.84638559E-03
   200.289993        -2.79250066E-03
   200.404999        -2.73840548E-03
   200.520004        -2.68411171E-03
   200.634995        -2.62963166E-03
   200.750000        -2.57498026E-03
   200.865005        -2.52017402E-03
   200.979996        -2.46523134E-03
   201.095001        -2.41017295E-03
   201.210007        -2.35501910E-03
   201.324997        -2.29979004E-03
   201.440002        -2.24450813E-03
   201.554993        -2.18919641E-03
   201.669998        -2.13387725E-03
   201.785004        -2.07857625E-03
   201.899994        -2.02331785E-03
   202.014999        -1.96812698E-03
   202.130005        -1.91303005E-03
   202.244995        -1.85805152E-03
   202.360001        -1.80321594E-03
   202.475006        -1.74854812E-03
   202.589996        -1.69407134E-03
   202.705002        -1.63980597E-03
   202.820007        -1.58577459E-03
   202.934998        -1.53199874E-03
   203.050003        -1.47849752E-03
   203.164993        -1.42528955E-03
   203.279999        -1.37239310E-03
   203.395004        -1.31982483E-03
   203.509995        -1.26760057E-03
   203.625000        -1.21573545E-03
   203.740005        -1.16424356E-03
   203.854996        -1.11313735E-03
   203.970001        -1.06243079E-03
   204.085007        -1.01213600E-03
   204.199997        -9.62264719E-04
   204.315002        -9.12829477E-04
   204.429993        -8.63842783E-04
   204.544998        -8.15318141E-04
   204.660004        -7.67268823E-04
   204.774994        -7.19709205E-04
   204.889999        -6.72654074E-04
   205.005005        -6.26118563E-04
   205.119995        -5.80118503E-04
   205.235001        -5.34671242E-04
   205.350006        -4.89795348E-04
   205.464996        -4.45512444E-04
   205.580002        -4.01844998E-04
   205.695007        -3.58818448E-04
   205.809998        -3.16459744E-04
   205.925003        -2.74796534E-04
   206.039993        -2.33859842E-04
   206.154999        -1.93679909E-04
   206.270004        -1.54288689E-04
   206.384995        -1.15718773E-04
   206.500000        -7.80030823E-05
   206.615005        -4.11752335E-05
   206.729996        -5.27040902E-06
   206.845001         2.96769667E-05
   206.960007         6.36327386E-05
   207.074997         9.65628496E-05
   207.190002         1.28434927E-04
   207.304993         1.59219038E-04
   207.419998         1.88885853E-04
   207.535004         2.17408728E-04
   207.649994         2.44763825E-04
   207.764999         2.70929973E-04
   207.880005         2.95888807E-04
   207.994995         3.19626444E-04
   208.110001         3.42131330E-04
   208.225006         3.63397005E-04
   208.339996         3.83420003E-04
   208.455002         4.02201782E-04
   208.570007         4.19748249E-04
   208.684998         4.36068629E-04
   208.800003         4.51178639E-04
   208.914993         4.65097430E-04
   209.029999         4.77848283E-04
   209.145004         4.89459373E-04
   209.259995         4.99961665E-04
   209.375000         5.09389676E-04
   209.490005         5.17779961E-04
   209.604996         5.25171810E-04
   209.720001         5.31606027E-04
   209.835007         5.37126267E-04
   209.949997         5.41777990E-04
   210.065002         5.45606541E-04
   210.179993         5.48659591E-04
   210.294998         5.50983299E-04
   210.410004         5.52624115E-04
   210.524994         5.53626043E-04
   210.639999         5.54032391E-04
   210.755005         5.53882390E-04
   210.869995         5.53213060E-04
   210.985001         5.52059733E-04
   211.100006         5.50454075E-04
   211.214996         5.48425247E-04
   211.330002         5.45998162E-04
   211.445007         5.43195056E-04
   211.559998         5.40032750E-04
   211.675003         5.36525156E-04
   211.789993         5.32680831E-04
   211.904999         5.28506527E-04
   212.020004         5.24002884E-04
   212.134995         5.19168330E-04
   212.250000         5.13997918E-04
   212.365005         5.08484023E-04
   212.479996         5.02617797E-04
   212.595001         4.96388471E-04
   212.710007         4.89782891E-04
   212.824997         4.82788455E-04
   212.940002         4.75390494E-04
   213.054993         4.67574428E-04
   213.169998         4.59326606E-04
   213.285004         4.50632739E-04
   213.399994         4.41479962E-04
   213.514999         4.31858818E-04
   213.630005         4.21760342E-04
   213.744995         4.11179935E-04
   213.860001         4.00115183E-04
   213.975006         3.88568325E-04
   214.089996         3.76542856E-04
   214.205002         3.64048057E-04
   214.320007         3.51094233E-04
   214.434998         3.37696023E-04
   214.550003         3.23871325E-04
   214.664993         3.09640775E-04
   214.779999         2.95028847E-04
   214.895004         2.80062784E-04
   215.009995         2.64772534E-04
   215.125000         2.49189965E-04
   215.240005         2.33349128E-04
   215.354996         2.17286317E-04
   215.470001         2.01037532E-04
   215.585007         1.84641263E-04
   215.699997         1.68134779E-04
   215.815002         1.51555840E-04
   215.929993         1.34941467E-04
   216.044998         1.18328855E-04
   216.160004         1.01754398E-04
   216.274994         8.52545636E-05
   216.389999         6.88642176E-05
   216.505005         5.26170006E-05
   216.619995         3.65447122E-05
   216.735001         2.06790719E-05
   216.850006         5.04846548E-06
   216.964996        -1.03189432E-05
   217.080002        -2.53973285E-05
   217.195007        -4.01630459E-05
   217.309998        -5.45944604E-05
   217.425003        -6.86720741E-05
   217.539993        -8.23759328E-05
   217.654999        -9.56883086E-05
   217.770004        -1.08592540E-04
   217.884995        -1.21070421E-04
   218.000000        -1.33106965E-04
   218.115005        -1.44685488E-04
   218.229996        -1.55790651E-04
   218.345001        -1.66407539E-04
   218.460007        -1.76521309E-04
   218.574997        -1.86117250E-04
   218.690002        -1.95180502E-04
   218.804993        -2.03695148E-04
   218.919998        -2.11642953E-04
   219.035004        -2.19004651E-04
   219.149994        -2.25756899E-04
   219.264999        -2.31875660E-04
   219.380005        -2.37332468E-04
   219.494995        -2.42097594E-04
   219.610001        -2.46137992E-04
   219.725006        -2.49417499E-04
   219.839996        -2.51896330E-04
   219.955002        -2.53531529E-04
   220.070007        -2.54276034E-04
   220.184998        -2.54078535E-04
   220.300003        -2.52883736E-04
   220.414993        -2.50633253E-04
   220.529999        -2.47264834E-04
   220.645004        -2.42711976E-04
   220.759995        -2.36907654E-04
   220.875000        -2.29782425E-04
   220.990005        -2.21264592E-04
   221.104996        -2.11280916E-04
   221.220001        -1.99758724E-04
   221.335007        -1.86626494E-04
   221.449997        -1.71811291E-04
   221.565002        -1.55243135E-04
   221.679993        -1.36853792E-04
   221.794998        -1.16577168E-04
   221.910004        -9.43507621E-05
   222.024994        -7.01170939E-05
   222.139999        -4.38227871E-05
   222.255005        -1.54177669E-05
   222.369995         1.51412160E-05
   222.485001         4.78914444E-05
   222.600006         8.28650154E-05
   222.714996         1.20087709E-04
   222.830002         1.59582502E-04
   222.945007         2.01365227E-04
   223.059998         2.45447794E-04
   223.175003         2.91837961E-04
   223.289993         3.40539060E-04
   223.404999         3.91550449E-04
   223.520004         4.44867823E-04
   223.634995         5.00484370E-04
   223.750000         5.58391388E-04
   223.865005         6.18578226E-04
   223.979996         6.81033300E-04
   224.095001         7.45743571E-04
   224.210007         8.12696875E-04
   224.324997         8.81880347E-04
   224.440002         9.53279901E-04
   224.554993         1.02688174E-03
   224.669998         1.10267103E-03
   224.785004         1.18063320E-03
   224.899994         1.26075186E-03
   225.014999         1.34300929E-03
   225.130005         1.42738712E-03
   225.244995         1.51386403E-03
   225.360001         1.60241721E-03
   225.475006         1.69302186E-03
   225.589996         1.78564957E-03
   225.705002         1.88026798E-03
   225.820007         1.97684229E-03
   225.934998         2.07533455E-03
   226.050003         2.17569969E-03
   226.164993         2.27789138E-03
   226.279999         2.38185702E-03
   226.395004         2.48754025E-03
   226.509995         2.59487983E-03
   226.625000         2.70381127E-03
   226.740005         2.81426683E-03
   226.854996         2.92617711E-03
   226.970001         3.03946924E-03
   227.085007         3.15406965E-03
   227.199997         3.26990499E-03
   227.315002         3.38690123E-03
   227.429993         3.50498362E-03
   227.544998         3.62407905E-03
   227.660004         3.74411698E-03
   227.774994         3.86502920E-03
   227.889999         3.98675120E-03
   228.005005         4.10922198E-03
   228.119995         4.23238566E-03
   228.235001         4.35619103E-03
   228.350006         4.48059198E-03
   228.464996         4.60554520E-03
   228.580002         4.73101158E-03
   228.695007         4.85695945E-03
   228.809998         4.98335762E-03
   228.925003         5.11018140E-03
   229.039993         5.23740752E-03
   229.154999         5.36501780E-03
   229.270004         5.49299549E-03
   229.384995         5.62132569E-03
   229.500000         5.74999535E-03
   229.615005         5.87898958E-03
   229.729996         6.00829441E-03
   229.845001         6.13789493E-03
   229.960007         6.26777392E-03
   230.074997         6.39791228E-03
   230.190002         6.52828766E-03
   230.304993         6.65887585E-03
   230.419998         6.78964844E-03
   230.535004         6.92057377E-03
   230.649994         7.05161598E-03
   230.764999         7.18273781E-03
   230.880005         7.31389830E-03
   230.994995         7.44505273E-03
   231.110001         7.57615454E-03
   231.225006         7.70715345E-03
   231.339996         7.83799961E-03
   231.455002         7.96863623E-03
   231.570007         8.09900928E-03
   231.684998         8.22906196E-03
   231.800003         8.35874025E-03
   231.914993         8.48798640E-03
   232.029999         8.61674454E-03
   232.145004         8.74496251E-03
   232.259995         8.87258351E-03
   232.375000         8.99955723E-03
   232.490005         9.12582874E-03
   232.604996         9.25135054E-03
   232.720001         9.37607046E-03
   232.835007         9.49993916E-03
   232.949997         9.62291099E-03
   233.065002         9.74494033E-03
   233.179993         9.86598153E-03
   233.294998         9.98599362E-03
   233.410004         1.01049328E-02
   233.524994         1.02227610E-02
   233.639999         1.03394352E-02
   233.755005         1.04549127E-02
   233.869995         1.05691543E-02
   233.985001         1.06821181E-02
   234.100006         1.07937614E-02
   234.214996         1.09040430E-02
   234.330002         1.10129211E-02
   234.445007         1.11203548E-02
   234.559998         1.12263020E-02
   234.675003         1.13307210E-02
   234.789993         1.14335697E-02
   234.904999         1.15348073E-02
   235.020004         1.16343917E-02
   235.134995         1.17322840E-02
   235.250000         1.18284477E-02
   235.365005         1.19228447E-02
   235.479996         1.20154396E-02
   235.595001         1.21062007E-02
   235.710007         1.21950991E-02
   235.824997         1.22821070E-02
   235.940002         1.23672038E-02
   236.054993         1.24503728E-02
   236.169998         1.25315981E-02
   236.285004         1.26108741E-02
   236.399994         1.26882000E-02
   236.514999         1.27635747E-02
   236.630005         1.28370058E-02
   236.744995         1.29085090E-02
   236.860001         1.29781021E-02
   236.975006         1.30458083E-02
   237.089996         1.31116584E-02
   237.205002         1.31756887E-02
   237.320007         1.32379383E-02
   237.434998         1.32984510E-02
   237.550003         1.33572761E-02
   237.664993         1.34144640E-02
   237.779999         1.34700648E-02
   237.895004         1.35241374E-02
   238.009995         1.35767348E-02
   238.125000         1.36279101E-02
   238.240005         1.36777181E-02
   238.354996         1.37262065E-02
   238.470001         1.37734264E-02
   238.585007         1.38194198E-02
   238.699997         1.38642257E-02
   238.815002         1.39078805E-02
   238.929993         1.39504112E-02
   239.044998         1.39918393E-02
   239.160004         1.40321767E-02
   239.274994         1.40714273E-02
   239.389999         1.41095864E-02
   239.505005         1.41466418E-02
   239.619995         1.41825695E-02
   239.735001         1.42173432E-02
   239.850006         1.42509220E-02
   239.964996         1.42832659E-02
   240.080002         1.43143227E-02
   240.195007         1.43440394E-02
   240.309998         1.43723516E-02
   240.425003         1.43991997E-02
   240.539993         1.44245140E-02
   240.654999         1.44482236E-02
   240.770004         1.44702597E-02
   240.884995         1.44905504E-02
   241.000000         1.45090343E-02
   241.115005         1.45256463E-02
   241.229996         1.45403314E-02
   241.345001         1.45530421E-02
   241.460007         1.45637346E-02
   241.574997         1.45723736E-02
   241.690002         1.45789357E-02
   241.804993         1.45834023E-02
   241.919998         1.45857669E-02
   242.035004         1.45860305E-02
   242.149994         1.45842042E-02
   242.264999         1.45803066E-02
   242.380005         1.45743666E-02
   242.494995         1.45664262E-02
   242.610001         1.45565309E-02
   242.725006         1.45447394E-02
   242.839996         1.45311132E-02
   242.955002         1.45157212E-02
   243.070007         1.44986361E-02
   243.184998         1.44799342E-02
   243.300003         1.44596938E-02
   243.414993         1.44379949E-02
   243.529999         1.44149205E-02
   243.645004         1.43905496E-02
   243.759995         1.43649643E-02
   243.875000         1.43382410E-02
   243.990005         1.43104577E-02
   244.104996         1.42816920E-02
   244.220001         1.42520200E-02
   244.335007         1.42215071E-02
   244.449997         1.41902221E-02
   244.565002         1.41582247E-02
   244.679993         1.41255688E-02
   244.794998         1.40923019E-02
   244.910004         1.40584642E-02
   245.024994         1.40240900E-02
   245.139999         1.39892111E-02
   245.255005         1.39538553E-02
   245.369995         1.39180459E-02
   245.485001         1.38817970E-02
