  -18.8999996         0.00000000    
  -18.7849998         0.00000000    
  -18.6700001         0.00000000    
  -18.5550003         3.32263871E-22
  -18.4400005         2.33098931E-21
  -18.3250008         9.35753561E-21
  -18.2099991         2.81926223E-20
  -18.0949993         7.06371466E-20
  -17.9799995         1.54708740E-19
  -17.8649998         3.04145031E-19
  -17.7500000         5.44366269E-19
  -17.6350002         8.93148266E-19
  -17.5200005         1.34546489E-18
  -17.4050007         1.85434868E-18
  -17.2900009         2.31259165E-18
  -17.1749992         2.54257619E-18
  -17.0599995         2.30214415E-18
  -16.9449997         1.31235037E-18
  -16.8299999        -6.91860120E-19
  -16.7150002        -3.89341176E-18
  -16.6000004        -8.31882390E-18
  -16.4850006        -1.37733265E-17
  -16.3700008        -1.98011008E-17
  -16.2549992        -2.56826825E-17
  -16.1399994        -3.04752297E-17
  -16.0249996        -3.30935971E-17
  -15.9099998        -3.24235345E-17
  -15.7950001        -2.74535455E-17
  -15.6800003        -1.74100244E-17
  -15.5649996        -1.88037344E-18
  -15.4499998         1.90892407E-17
  -15.3350000         4.49320307E-17
  -15.2200003         7.45414537E-17
  -15.1049995         1.06297175E-16
  -14.9899998         1.38133233E-16
  -14.8750000         1.67640420E-16
  -14.7600002         1.92190042E-16
  -14.6450005         2.09064884E-16
  -14.5299997         2.15583093E-16
  -14.4150000         2.09205690E-16
  -14.3000002         1.87622576E-16
  -14.1850004         1.48819361E-16
  -14.0699997         9.11285426E-17
  -13.9549999         1.32699887E-17
  -13.8400002        -8.56162639E-17
  -13.7250004        -2.05947617E-16
  -13.6099997        -3.47688125E-16
  -13.4949999        -5.10354821E-16
  -13.3800001        -6.93039710E-16
  -13.2650003        -8.94444769E-16
  -13.1499996        -1.11292220E-15
  -13.0349998        -1.34651409E-15
  -12.9200001        -1.59298448E-15
  -12.8050003        -1.84985071E-15
  -12.6899996        -2.11441552E-15
  -12.5749998        -2.38381711E-15
  -12.4600000        -2.65509952E-15
  -12.3450003        -2.92531256E-15
  -12.2299995        -3.19163285E-15
  -12.1149998        -3.45149218E-15
  -12.0000000        -3.70270543E-15
  -11.8850002        -3.94356983E-15
  -11.7700005        -4.17294085E-15
  -11.6549997        -4.39026452E-15
  -11.5400000        -4.59557006E-15
  -11.4250002        -4.78942667E-15
  -11.3100004        -4.97286098E-15
  -11.1949997        -5.14723541E-15
  -11.0799999        -5.31409243E-15
  -10.9650002        -5.47497660E-15
  -10.8500004        -5.63124613E-15
  -10.7349997        -5.78390561E-15
  -10.6199999        -5.93348316E-15
  -10.5050001        -6.07998937E-15
  -10.3900003        -6.22296218E-15
  -10.2749996        -6.36162316E-15
  -10.1599998        -6.49511132E-15
  -10.0450001        -6.62280281E-15
  -9.93000031        -6.74464384E-15
  -9.81499958        -6.86149288E-15
  -9.69999981        -6.97538789E-15
  -9.58500004        -7.08972167E-15
  -9.47000027        -7.20924480E-15
  -9.35499954        -7.33985982E-15
  -9.23999977        -7.48819816E-15
  -9.12500000        -7.66092512E-15
  -9.01000023        -7.86383948E-15
  -8.89500046        -8.10084100E-15
  -8.77999973        -8.37282920E-15
  -8.66499996        -8.67673616E-15
  -8.55000019        -9.00479540E-15
  -8.43500042        -9.34418118E-15
  -8.31999969        -9.67711679E-15
  -8.20499992        -9.98146505E-15
  -8.09000015        -1.02317760E-14
  -7.97499990        -1.04006727E-14
  -7.86000013        -1.04604469E-14
  -7.74499989        -1.03845968E-14
  -7.63000011        -1.01491937E-14
  -7.51499987        -9.73377737E-15
  -7.40000010        -9.12167833E-15
  -7.28499985        -8.29965826E-15
  -7.17000008        -7.25684212E-15
  -7.05499983        -5.98304602E-15
  -6.94000006        -4.46676726E-15
  -6.82499981        -2.69300234E-15
  -6.71000004        -6.41412311E-16
  -6.59499979         1.71498253E-15
  -6.48000002         4.41015327E-15
  -6.36499977         7.48442209E-15
  -6.25000000         1.09827503E-14
  -6.13500023         1.49520865E-14
  -6.01999998         1.94381779E-14
  -5.90500021         2.44822270E-14
  -5.78999996         3.01179370E-14
  -5.67500019         3.63694806E-14
  -5.55999994         4.32506068E-14
  -5.44500017         5.07653883E-14
  -5.32999992         5.89105248E-14
  -5.21500015         6.76787321E-14
  -5.09999990         7.70631321E-14
  -4.98500013         8.70614887E-14
  -4.86999989         9.76798666E-14
  -4.75500011         1.08934312E-13
  -4.63999987         1.20850527E-13
  -4.52500010         1.33460652E-13
  -4.40999985         1.46797383E-13
  -4.29500008         1.60885912E-13
  -4.17999983         1.75735159E-13
  -4.06500006         1.91329076E-13
  -3.95000005         2.07620677E-13
  -3.83500004         2.24530057E-13
  -3.72000003         2.41948253E-13
  -3.60500002         2.59748250E-13
  -3.49000001         2.77803171E-13
  -3.37500000         2.96011073E-13
  -3.25999999         3.14325172E-13
  -3.14499998         3.32785665E-13
  -3.02999997         3.51550549E-13
  -2.91499996         3.70920092E-13
  -2.79999995         3.91351123E-13
  -2.68499994         4.13457517E-13
  -2.56999993         4.37991874E-13
  -2.45499992         4.65810116E-13
  -2.33999991         4.97816198E-13
  -2.22499990         5.34893256E-13
  -2.10999990         5.77824138E-13
  -1.99500000         6.27209764E-13
  -1.88000000         6.83394313E-13
  -1.76499999         7.46408306E-13
  -1.64999998         8.15936728E-13
  -1.53499997         8.91322823E-13
  -1.41999996         9.71612656E-13
  -1.30499995         1.05564201E-12
  -1.19000006         1.14216373E-12
  -1.07500005         1.23000893E-12
 -0.959999979         1.31826830E-12
 -0.845000029         1.40648083E-12
 -0.730000019         1.49480439E-12
 -0.615000010         1.58415360E-12
 -0.500000000         1.67627967E-12
 -0.384999990         1.77377351E-12
 -0.270000011         1.87998163E-12
 -0.155000001         1.99882385E-12
  -3.99999991E-02     2.13451652E-12
   7.50000030E-02     2.29120932E-12
  0.189999998         2.47256035E-12
  0.305000007         2.68127361E-12
  0.419999987         2.91863929E-12
  0.535000026         3.18412050E-12
  0.649999976         3.47502712E-12
  0.764999986         3.78632542E-12
  0.879999995         4.11061679E-12
  0.995000005         4.43831603E-12
   1.11000001         4.75804379E-12
   1.22500002         5.05723545E-12
   1.34000003         5.32293784E-12
   1.45500004         5.54277240E-12
   1.57000005         5.70599167E-12
   1.68499994         5.80457123E-12
   1.79999995         5.83425062E-12
   1.91499996         5.79543271E-12
   2.02999997         5.69385728E-12
   2.14499998         5.54096309E-12
   2.25999999         5.35387490E-12
   2.37500000         5.15496326E-12
   2.49000001         4.97096461E-12
   2.60500002         4.83166632E-12
   2.72000003         4.76819582E-12
   2.83500004         4.81100663E-12
   2.95000005         4.98764918E-12
   3.06500006         5.32047236E-12
   3.18000007         5.82440910E-12
   3.29500008         6.50499706E-12
   3.41000009         7.35680874E-12
   3.52500010         8.36242360E-12
   3.64000010         9.49208247E-12
   3.75500011         1.07040973E-11
   3.86999989         1.19460743E-11
   3.98499990         1.31569347E-11
   4.09999990         1.42696853E-11
   4.21500015         1.52148068E-11
   4.32999992         1.59241266E-11
   4.44500017         1.63349455E-11
   4.55999994         1.63941864E-11
   4.67500019         1.60623286E-11
   4.78999996         1.53168554E-11
   4.90500021         1.41549775E-11
   5.01999998         1.25954325E-11
   5.13500023         1.06791815E-11
   5.25000000         8.46892782E-12
   5.36499977         6.04739089E-12
   5.48000002         3.51441185E-12
   5.59499979         9.82966096E-13
   5.71000004        -1.42569550E-12
   5.82499981        -3.58755126E-12
   5.94000006        -5.38166864E-12
   6.05499983        -6.69608466E-12
   6.17000008        -7.43337857E-12
   6.28499985        -7.51564349E-12
   6.40000010        -6.88850626E-12
   6.51499987        -5.52401441E-12
   6.63000011        -3.42216620E-12
   6.74499989        -6.11033739E-13
   6.86000013         2.85461802E-12
   6.97499990         6.89604407E-12
   7.09000015         1.14145256E-11
   7.20499992         1.62963636E-11
   7.32000017         2.14186429E-11
   7.43499994         2.66554452E-11
   7.55000019         3.18841481E-11
   7.66499996         3.69914828E-11
   7.78000021         4.18791564E-11
   7.89499998         4.64685269E-11
   8.01000023         5.07044164E-11
   8.12500000         5.45576362E-11
   8.23999977         5.80263546E-11
   8.35499954         6.11362003E-11
   8.47000027         6.39391803E-11
   8.58500004         6.65115601E-11
   8.69999981         6.89507687E-11
   8.81499958         7.13717488E-11
   8.93000031         7.39027797E-11
   9.04500008         7.66809116E-11
   9.15999985         7.98475522E-11
   9.27499962         8.35439773E-11
   9.39000034         8.79072648E-11
   9.50500011         9.30664226E-11
   9.61999989         9.91390650E-11
   9.73499966         1.06228588E-10
   9.85000038         1.14421625E-10
   9.96500015         1.23786273E-10
   10.0799999         1.34370556E-10
   10.1949997         1.46201384E-10
   10.3100004         1.59283947E-10
   10.4250002         1.73601702E-10
   10.5400000         1.89116611E-10
   10.6549997         2.05770040E-10
   10.7700005         2.23484231E-10
   10.8850002         2.42164178E-10
   11.0000000         2.61700467E-10
   11.1149998         2.81972390E-10
   11.2299995         3.02851966E-10
   11.3450003         3.24208438E-10
   11.4600000         3.45913215E-10
   11.5749998         3.67844949E-10
   11.6899996         3.89895061E-10
   11.8050003         4.11972789E-10
   11.9200001         4.34009939E-10
   12.0349998         4.55964988E-10
   12.1499996         4.77825779E-10
   12.2650003         4.99612018E-10
   12.3800001         5.21375054E-10
   12.4949999         5.43197265E-10
   12.6099997         5.65188896E-10
   12.7250004         5.87484283E-10
   12.8400002         6.10236084E-10
   12.9549999         6.33608610E-10
   13.0699997         6.57770005E-10
   13.1850004         6.82884027E-10
   13.3000002         7.09102221E-10
   13.4150000         7.36556038E-10
   13.5299997         7.65349339E-10
   13.6450005         7.95552846E-10
   13.7600002         8.27198920E-10
   13.8750000         8.60279625E-10
   13.9899998         8.94744834E-10
   14.1049995         9.30502897E-10
   14.2200003         9.67423586E-10
   14.3350000         1.00534159E-09
   14.4499998         1.04406139E-09
   14.5649996         1.08336362E-09
   14.6800003         1.12301035E-09
   14.7950001         1.16275278E-09
   14.9099998         1.20233568E-09
   15.0249996         1.24150379E-09
   15.1400003         1.28000488E-09
   15.2550001         1.31759259E-09
   15.3699999         1.35402867E-09
   15.4849997         1.38908196E-09
   15.6000004         1.42252721E-09
   15.7150002         1.45414358E-09
   15.8299999         1.48371138E-09
   15.9449997         1.51100843E-09
   16.0599995         1.53580781E-09
   16.1749992         1.55787305E-09
   16.2900009         1.57695923E-09
   16.4050007         1.59280744E-09
   16.5200005         1.60514790E-09
   16.6350002         1.61369873E-09
   16.7500000         1.61816915E-09
   16.8649998         1.61825930E-09
   16.9799995         1.61366265E-09
   17.0949993         1.60406821E-09
   17.2099991         1.58916025E-09
   17.3250008         1.56861846E-09
   17.4400005         1.54211355E-09
   17.5550003         1.50930091E-09
   17.6700001         1.46981582E-09
   17.7849998         1.42325729E-09
   17.8999996         1.36918032E-09
   18.0149994         1.30707711E-09
   18.1299992         1.23635879E-09
   18.2450008         1.15634302E-09
   18.3600006         1.06622644E-09
   18.4750004         9.65077351E-10
   18.5900002         8.51815063E-10
   18.7049999         7.25198124E-10
   18.8199997         5.83816551E-10
   18.9349995         4.26095159E-10
   19.0499992         2.50282461E-10
   19.1650009         5.44670975E-11
   19.2800007        -1.63414171E-10
   19.3950005        -4.05564915E-10
   19.5100002        -6.74301504E-10
   19.6250000        -9.72042891E-10
   19.7399998        -1.30127908E-09
   19.8549995        -1.66454495E-09
   19.9699993        -2.06441175E-09
   20.0849991        -2.50344989E-09
   20.2000008        -2.98422798E-09
   20.3150005        -3.50929152E-09
   20.4300003        -4.08116740E-09
   20.5450001        -4.70234873E-09
   20.6599998        -5.37530997E-09
   20.7749996        -6.10250961E-09
   20.8899994        -6.88640878E-09
   21.0049992        -7.72949349E-09
   21.1200008        -8.63428351E-09
   21.2350006        -9.60336166E-09
   21.3500004        -1.06393969E-08
   21.4650002        -1.17451560E-08
   21.5799999        -1.29235271E-08
   21.6949997        -1.41775303E-08
   21.8099995        -1.55103308E-08
   21.9249992        -1.69252274E-08
   22.0400009        -1.84256823E-08
   22.1550007        -2.00152783E-08
   22.2700005        -2.16977298E-08
   22.3850002        -2.34768525E-08
   22.5000000        -2.53565666E-08
   22.6149998        -2.73408531E-08
   22.7299995        -2.94337301E-08
   22.8449993        -3.16392601E-08
   22.9599991        -3.39614914E-08
   23.0750008        -3.64044439E-08
   23.1900005        -3.89721251E-08
   23.3050003        -4.16684571E-08
   23.4200001        -4.44973409E-08
   23.5349998        -4.74625885E-08
   23.6499996        -5.05679481E-08
   23.7649994        -5.38171214E-08
   23.8799992        -5.72137395E-08
   23.9950008        -6.07614368E-08
   24.1100006        -6.44637481E-08
   24.2250004        -6.83242689E-08
   24.3400002        -7.23465803E-08
   24.4549999        -7.65343344E-08
   24.5699997        -8.08911835E-08
   24.6849995        -8.54209574E-08
   24.7999992        -9.01275001E-08
   24.9150009        -9.50148475E-08
   25.0300007        -1.00087142E-07
   25.1450005        -1.05348732E-07
   25.2600002        -1.10804109E-07
   25.3750000        -1.16457983E-07
   25.4899998        -1.22315157E-07
   25.6049995        -1.28380748E-07
   25.7199993        -1.34659899E-07
   25.8349991        -1.41157926E-07
   25.9500008        -1.47880300E-07
   26.0650005        -1.54832478E-07
   26.1800003        -1.62019973E-07
   26.2950001        -1.69448256E-07
   26.4099998        -1.77122672E-07
   26.5249996        -1.85048478E-07
   26.6399994        -1.93230591E-07
   26.7549992        -2.01673672E-07
   26.8700008        -2.10382041E-07
   26.9850006        -2.19359578E-07
   27.1000004        -2.28609636E-07
   27.2150002        -2.38135115E-07
   27.3299999        -2.47938374E-07
   27.4449997        -2.58021032E-07
   27.5599995        -2.68384184E-07
   27.6749992        -2.79028370E-07
   27.7900009        -2.89953448E-07
   27.9050007        -3.01158678E-07
   28.0200005        -3.12642726E-07
   28.1350002        -3.24403771E-07
   28.2500000        -3.36439427E-07
   28.3649998        -3.48746880E-07
   28.4799995        -3.61322776E-07
   28.5949993        -3.74163307E-07
   28.7099991        -3.87264379E-07
   28.8250008        -4.00621445E-07
   28.9400005        -4.14229419E-07
   29.0550003        -4.28083013E-07
   29.1700001        -4.42176400E-07
   29.2849998        -4.56503358E-07
   29.3999996        -4.71057149E-07
   29.5149994        -4.85830412E-07
   29.6299992        -5.00815588E-07
   29.7450008        -5.16004150E-07
   29.8600006        -5.31387116E-07
   29.9750004        -5.46954993E-07
   30.0900002        -5.62697551E-07
   30.2049999        -5.78603817E-07
   30.3199997        -5.94662197E-07
   30.4349995        -6.10860525E-07
   30.5499992        -6.27186125E-07
   30.6650009        -6.43625526E-07
   30.7800007        -6.60164972E-07
   30.8950005        -6.76789966E-07
   31.0100002        -6.93485902E-07
   31.1250000        -7.10237430E-07
   31.2399998        -7.27029260E-07
   31.3549995        -7.43845590E-07
   31.4699993        -7.60670446E-07
   31.5849991        -7.77487458E-07
   31.7000008        -7.94280368E-07
   31.8150005        -8.11032180E-07
   31.9300003        -8.27726240E-07
   32.0449982        -8.44345209E-07
   32.1599998        -8.60871410E-07
   32.2750015        -8.77287221E-07
   32.3899994        -8.93574168E-07
   32.5050011        -9.09713663E-07
   32.6199989        -9.25686322E-07
   32.7350006        -9.41472479E-07
   32.8499985        -9.57051839E-07
   32.9650002        -9.72403313E-07
   33.0800018        -9.87505473E-07
   33.1949997        -1.00233592E-06
   33.3100014        -1.01687158E-06
   33.4249992        -1.03108857E-06
   33.5400009        -1.04496291E-06
   33.6549988        -1.05846914E-06
   33.7700005        -1.07158132E-06
   33.8849983        -1.08427344E-06
   34.0000000        -1.09651762E-06
   34.1150017        -1.10828626E-06
   34.2299995        -1.11955069E-06
   34.3450012        -1.13028170E-06
   34.4599991        -1.14044940E-06
   34.5750008        -1.15002376E-06
   34.6899986        -1.15897365E-06
   34.8050003        -1.16726790E-06
   34.9199982        -1.17487491E-06
   35.0349998        -1.18176285E-06
   35.1500015        -1.18789944E-06
   35.2649994        -1.19325284E-06
   35.3800011        -1.19779054E-06
   35.4949989        -1.20148115E-06
   35.6100006        -1.20429240E-06
   35.7249985        -1.20619347E-06
   35.8400002        -1.20715322E-06
   35.9550018        -1.20714139E-06
   36.0699997        -1.20612867E-06
   36.1850014        -1.20408595E-06
   36.2999992        -1.20098525E-06
   36.4150009        -1.19679953E-06
   36.5299988        -1.19150263E-06
   36.6450005        -1.18506887E-06
   36.7599983        -1.17747402E-06
   36.8750000        -1.16869444E-06
   36.9900017        -1.15870739E-06
   37.1049995        -1.14749093E-06
   37.2200012        -1.13502415E-06
   37.3349991        -1.12128691E-06
   37.4500008        -1.10625967E-06
   37.5649986        -1.08992413E-06
   37.6800003        -1.07226265E-06
   37.7949982        -1.05325864E-06
   37.9099998        -1.03289676E-06
   38.0250015        -1.01116223E-06
   38.1399994        -9.88042075E-07
   38.2550011        -9.63524371E-07
   38.3699989        -9.37598600E-07
   38.4850006        -9.10256006E-07
   38.5999985        -8.81489541E-07
   38.7150002        -8.51293521E-07
   38.8300018        -8.19664649E-07
   38.9449997        -7.86601277E-07
   39.0600014        -7.52103574E-07
   39.1749992        -7.16174100E-07
   39.2900009        -6.78816946E-07
   39.4049988        -6.40038365E-07
   39.5200005        -5.99846658E-07
   39.6349983        -5.58251827E-07
   39.7500000        -5.15265810E-07
   39.8650017        -4.70902222E-07
   39.9799995        -4.25176410E-07
   40.0950012        -3.78105312E-07
   40.2099991        -3.29707348E-07
   40.3250008        -2.80002666E-07
   40.4399986        -2.29012741E-07
   40.5550003        -1.76760537E-07
   40.6699982        -1.23270524E-07
   40.7849998        -6.85685109E-08
   40.9000015        -1.26817667E-08
   41.0149994         4.43608883E-08
   41.1300011         1.02529214E-07
   41.2449989         1.61791434E-07
   41.3600006         2.22114039E-07
   41.4749985         2.83461958E-07
   41.5900002         3.45798753E-07
   41.7050018         4.09085942E-07
   41.8199997         4.73283592E-07
   41.9350014         5.38350207E-07
   42.0499992         6.04242359E-07
   42.1650009         6.70914915E-07
   42.2799988         7.38321091E-07
   42.3950005         8.06412118E-07
   42.5099983         8.75137744E-07
   42.6250000         9.44445731E-07
   42.7400017         1.01428259E-06
   42.8549995         1.08459233E-06
   42.9700012         1.15531748E-06
   43.0849991         1.22639926E-06
   43.2000008         1.29777698E-06
   43.3149986         1.36938775E-06
   43.4300003         1.44116757E-06
   43.5449982         1.51305085E-06
   43.6599998         1.58497107E-06
   43.7750015         1.65685879E-06
   43.8899994         1.72864497E-06
   44.0050011         1.80025825E-06
   44.1199989         1.87162698E-06
   44.2350006         1.94267795E-06
   44.3499985         2.01333796E-06
   44.4650002         2.08353345E-06
   44.5800018         2.15318914E-06
   44.6949997         2.22223025E-06
   44.8100014         2.29058264E-06
   44.9249992         2.35817060E-06
   45.0400009         2.42491956E-06
   45.1549988         2.49075447E-06
   45.2700005         2.55560053E-06
   45.3849983         2.61938362E-06
   45.5000000         2.68202871E-06
   45.6150017         2.74346235E-06
   45.7299995         2.80361041E-06
   45.8450012         2.86239901E-06
   45.9599991         2.91975448E-06
   46.0750008         2.97560405E-06
   46.1899986         3.02987451E-06
   46.3050003         3.08249309E-06
   46.4199982         3.13338796E-06
   46.5349998         3.18248772E-06
   46.6500015         3.22972119E-06
   46.7649994         3.27501903E-06
   46.8800011         3.31831097E-06
   46.9949989         3.35953109E-06
   47.1100006         3.39861163E-06
   47.2249985         3.43548732E-06
   47.3400002         3.47009495E-06
   47.4550018         3.50237360E-06
   47.5699997         3.53226301E-06
   47.6850014         3.55970496E-06
   47.7999992         3.58464308E-06
   47.9150009         3.60702302E-06
   48.0299988         3.62679339E-06
   48.1450005         3.64390235E-06
   48.2599983         3.65830192E-06
   48.3750000         3.66994573E-06
   48.4900017         3.67878738E-06
   48.6049995         3.68478436E-06
   48.7200012         3.68789483E-06
   48.8349991         3.68807878E-06
   48.9500008         3.68529800E-06
   49.0649986         3.67951634E-06
   49.1800003         3.67069924E-06
   49.2949982         3.65881510E-06
   49.4099998         3.64383300E-06
   49.5250015         3.62572609E-06
   49.6399994         3.60446938E-06
   49.7550011         3.58003990E-06
   49.8699989         3.55241900E-06
   49.9850006         3.52159032E-06
   50.0999985         3.48753974E-06
   50.2150002         3.45025796E-06
   50.3300018         3.40973793E-06
   50.4449997         3.36597668E-06
   50.5600014         3.31897445E-06
   50.6749992         3.26873487E-06
   50.7900009         3.21526591E-06
   50.9049988         3.15857687E-06
   51.0200005         3.09868346E-06
   51.1349983         3.03560273E-06
   51.2500000         2.96935627E-06
   51.3650017         2.89996842E-06
   51.4799995         2.82746805E-06
   51.5950012         2.75188563E-06
   51.7099991         2.67325777E-06
   51.8250008         2.59162221E-06
   51.9399986         2.50702169E-06
   52.0550003         2.41950056E-06
   52.1699982         2.32910861E-06
   52.2849998         2.23589814E-06
   52.4000015         2.13992348E-06
   52.5149994         2.04124376E-06
   52.6300011         1.93991991E-06
   52.7449989         1.83601514E-06
   52.8600006         1.72959631E-06
   52.9749985         1.62073127E-06
   53.0900002         1.50948983E-06
   53.2050018         1.39594397E-06
   53.3199997         1.28016734E-06
   53.4350014         1.16223362E-06
   53.5499992         1.04221954E-06
   53.6650009         9.20200819E-07
   53.7799988         7.96255677E-07
   53.8950005         6.70462668E-07
   54.0099983         5.42900580E-07
   54.1250000         4.13650923E-07
   54.2400017         2.82794531E-07
   54.3549995         1.50414394E-07
   54.4700012         1.65944130E-08
   54.5849991        -1.18579237E-07
   54.7000008        -2.55020950E-07
   54.8149986        -3.92640686E-07
   54.9300003        -5.31349087E-07
   55.0449982        -6.71054750E-07
   55.1599998        -8.11664677E-07
   55.2750015        -9.53084736E-07
   55.3899994        -1.09522034E-06
   55.5050011        -1.23797417E-06
   55.6199989        -1.38125051E-06
   55.7350006        -1.52495249E-06
   55.8499985        -1.66898212E-06
   55.9650002        -1.81324299E-06
   56.0800018        -1.95763891E-06
   56.1949997        -2.10207440E-06
   56.3100014        -2.24645396E-06
   56.4249992        -2.39068368E-06
   56.5400009        -2.53467101E-06
   56.6549988        -2.67832343E-06
   56.7700005        -2.82155133E-06
   56.8849983        -2.96426538E-06
   57.0000000        -3.10637552E-06
   57.1150017        -3.24779626E-06
   57.2299995        -3.38844052E-06
   57.3450012        -3.52822212E-06
   57.4599991        -3.66705763E-06
   57.5750008        -3.80486290E-06
   57.6899986        -3.94155768E-06
   57.8050003        -4.07706057E-06
   57.9199982        -4.21129243E-06
   58.0349998        -4.34417643E-06
   58.1500015        -4.47563662E-06
   58.2649994        -4.60560204E-06
   58.3800011        -4.73400132E-06
   58.4949989        -4.86076806E-06
   58.6100006        -4.98583904E-06
   58.7249985        -5.10915334E-06
   58.8400002        -5.23065546E-06
   58.9550018        -5.35029176E-06
   59.0699997        -5.46801584E-06
   59.1850014        -5.58378360E-06
   59.2999992        -5.69755503E-06
   59.4150009        -5.80929645E-06
   59.5299988        -5.91897515E-06
   59.6450005        -6.02656655E-06
   59.7599983        -6.13204929E-06
   59.8750000        -6.23540518E-06
   59.9900017        -6.33662239E-06
   60.1049995        -6.43569274E-06
   60.2200012        -6.53261077E-06
   60.3349991        -6.62737648E-06
   60.4500008        -6.71999578E-06
   60.5649986        -6.81047595E-06
   60.6800003        -6.89883063E-06
   60.7949982        -6.98507665E-06
   60.9099998        -7.06923583E-06
   61.0250015        -7.15133274E-06
   61.1399994        -7.23139510E-06
   61.2550011        -7.30945703E-06
   61.3699989        -7.38555218E-06
   61.4850006        -7.45972102E-06
   61.5999985        -7.53200356E-06
   61.7150002        -7.60244257E-06
   61.8300018        -7.67108395E-06
   61.9449997        -7.73797365E-06
   62.0600014        -7.80316077E-06
   62.1749992        -7.86669352E-06
   62.2900009        -7.92862011E-06
   62.4049988        -7.98899055E-06
   62.5200005        -8.04785122E-06
   62.6349983        -8.10525398E-06
   62.7500000        -8.16124611E-06
   62.8650017        -8.21587491E-06
   62.9799995        -8.26918767E-06
   63.0950012        -8.32122987E-06
   63.2099991        -8.37204789E-06
   63.3250008        -8.42168356E-06
   63.4399986        -8.47018055E-06
   63.5550003        -8.51757977E-06
   63.6699982        -8.56392035E-06
   63.7849998        -8.60923865E-06
   63.9000015        -8.65356924E-06
   64.0149994        -8.69694213E-06
   64.1299973        -8.73938370E-06
   64.2450027        -8.78091578E-06
   64.3600006        -8.82155655E-06
   64.4749985        -8.86131784E-06
   64.5899963        -8.90020419E-06
   64.7050018        -8.93821471E-06
   64.8199997        -8.97534119E-06
   64.9349976        -9.01156818E-06
   65.0500031        -9.04687386E-06
   65.1650009        -9.08122547E-06
   65.2799988        -9.11458301E-06
   65.3949966        -9.14690008E-06
   65.5100021        -9.17812122E-06
   65.6250000        -9.20818457E-06
   65.7399979        -9.23701919E-06
   65.8550034        -9.26454777E-06
   65.9700012        -9.29068301E-06
   66.0849991        -9.31533577E-06
   66.1999969        -9.33840420E-06
   66.3150024        -9.35978278E-06
   66.4300003        -9.37935965E-06
   66.5449982        -9.39701386E-06
   66.6600037        -9.41262078E-06
   66.7750015        -9.42604493E-06
   66.8899994        -9.43714622E-06
   67.0049973        -9.44577914E-06
   67.1200027        -9.45178817E-06
   67.2350006        -9.45501324E-06
   67.3499985        -9.45528245E-06
   67.4649963        -9.45242300E-06
   67.5800018        -9.44625208E-06
   67.6949997        -9.43657869E-06
   67.8099976        -9.42321185E-06
   67.9250031        -9.40594509E-06
   68.0400009        -9.38457561E-06
   68.1549988        -9.35889148E-06
   68.2699966        -9.32867624E-06
   68.3850021        -9.29370981E-06
   68.5000000        -9.25376935E-06
   68.6149979        -9.20863204E-06
   68.7300034        -9.15807141E-06
   68.8450012        -9.10185918E-06
   68.9599991        -9.03976888E-06
   69.0749969        -8.97157133E-06
   69.1900024        -8.89704097E-06
   69.3050003        -8.81595315E-06
   69.4199982        -8.72808687E-06
   69.5350037        -8.63322020E-06
   69.6500015        -8.53113852E-06
   69.7649994        -8.42163172E-06
   69.8799973        -8.30449517E-06
   69.9950027        -8.17952969E-06
   70.1100006        -8.04654519E-06
   70.2249985        -7.90535887E-06
   70.3399963        -7.75579974E-06
   70.4550018        -7.59770683E-06
   70.5699997        -7.43093051E-06
   70.6849976        -7.25533664E-06
   70.8000031        -7.07080562E-06
   70.9150009        -6.87723286E-06
   71.0299988        -6.67452696E-06
   71.1449966        -6.46261969E-06
   71.2600021        -6.24145423E-06
   71.3750000        -6.01099964E-06
   71.4899979        -5.77123819E-06
   71.6050034        -5.52217307E-06
   71.7200012        -5.26383155E-06
   71.8349991        -4.99625367E-06
   71.9499969        -4.71950761E-06
   72.0650024        -4.43367753E-06
   72.1800003        -4.13887119E-06
   72.2949982        -3.83521456E-06
   72.4100037        -3.52285588E-06
   72.5250015        -3.20196636E-06
   72.6399994        -2.87273565E-06
   72.7549973        -2.53538178E-06
   72.8700027        -2.19013805E-06
   72.9850006        -1.83726434E-06
   73.0999985        -1.47704509E-06
   73.2149963        -1.10978340E-06
   73.3300018        -7.35806907E-07
   73.4449997        -3.55466227E-07
   73.5599976         3.08643848E-08
   73.6750031         4.22790890E-07
   73.7900009         8.19894694E-07
   73.9049988         1.22173651E-06
   74.0199966         1.62785886E-06
   74.1350021         2.03778313E-06
   74.2500000         2.45101273E-06
   74.3649979         2.86703562E-06
   74.4800034         3.28532383E-06
   74.5950012         3.70533235E-06
   74.7099991         4.12650706E-06
   74.8249969         4.54828023E-06
   74.9400024         4.97007568E-06
   75.0550003         5.39130633E-06
   75.1699982         5.81137874E-06
   75.2850037         6.22969401E-06
   75.4000015         6.64564595E-06
   75.5149994         7.05862885E-06
   75.6299973         7.46803062E-06
   75.7450027         7.87323916E-06
   75.8600006         8.27364056E-06
   75.9749985         8.66862592E-06
   76.0899963         9.05758679E-06
   76.2050018         9.43991836E-06
   76.3199997         9.81502399E-06
   76.4349976         1.01823116E-05
   76.5500031         1.05412000E-05
   76.6650009         1.08911181E-05
   76.7799988         1.12315047E-05
   76.8949966         1.15618150E-05
   77.0100021         1.18815215E-05
   77.1250000         1.21901139E-05
   77.2399979         1.24870958E-05
   77.3550034         1.27719977E-05
   77.4700012         1.30443686E-05
   77.5849991         1.33037865E-05
   77.6999969         1.35498494E-05
   77.8150024         1.37821789E-05
   77.9300003         1.40004277E-05
   78.0449982         1.42042754E-05
   78.1600037         1.43934303E-05
   78.2750015         1.45676295E-05
   78.3899994         1.47266401E-05
   78.5049973         1.48702620E-05
   78.6200027         1.49983243E-05
   78.7350006         1.51106915E-05
   78.8499985         1.52072516E-05
   78.9649963         1.52879402E-05
   79.0800018         1.53527108E-05
   79.1949997         1.54015652E-05
   79.3099976         1.54345271E-05
   79.4250031         1.54516656E-05
   79.5400009         1.54530753E-05
   79.6549988         1.54388890E-05
   79.7699966         1.54092741E-05
   79.8850021         1.53644323E-05
   80.0000000         1.53045985E-05
   80.1149979         1.52300308E-05
   80.2300034         1.51410259E-05
   80.3450012         1.50379101E-05
   80.4599991         1.49210373E-05
   80.5749969         1.47907876E-05
   80.6900024         1.46475650E-05
   80.8050003         1.44918013E-05
   80.9199982         1.43239531E-05
   81.0350037         1.41444925E-05
   81.1500015         1.39539134E-05
   81.2649994         1.37527340E-05
   81.3799973         1.35414848E-05
   81.4950027         1.33207186E-05
   81.6100006         1.30910021E-05
   81.7249985         1.28529173E-05
   81.8399963         1.26070627E-05
   81.9550018         1.23540440E-05
   82.0699997         1.20944851E-05
   82.1849976         1.18290282E-05
   82.3000031         1.15583116E-05
   82.4150009         1.12829894E-05
   82.5299988         1.10037254E-05
   82.6449966         1.07211899E-05
   82.7600021         1.04360543E-05
   82.8750000         1.01489932E-05
   82.9899979         9.86069062E-06
   83.1050034         9.57182237E-06
   83.2200012         9.28306781E-06
   83.3349991         8.99510542E-06
   83.4499969         8.70860640E-06
   83.5650024         8.42423833E-06
   83.6800003         8.14266605E-06
   83.7949982         7.86453984E-06
   83.9100037         7.59050181E-06
   84.0250015         7.32119497E-06
   84.1399994         7.05724278E-06
   84.2549973         6.79926097E-06
   84.3700027         6.54785617E-06
   84.4850006         6.30361637E-06
   84.5999985         6.06712683E-06
   84.7149963         5.83894462E-06
   84.8300018         5.61962634E-06
   84.9449997         5.40970677E-06
   85.0599976         5.20971025E-06
   85.1750031         5.02013745E-06
   85.2900009         4.84147677E-06
   85.4049988         4.67419432E-06
   85.5199966         4.51873711E-06
   85.6350021         4.37553626E-06
   85.7500000         4.24500286E-06
   85.8649979         4.12751706E-06
   85.9800034         4.02344631E-06
   86.0950012         3.93312621E-06
   86.2099991         3.85687417E-06
   86.3249969         3.79498670E-06
   86.4400024         3.74773117E-06
   86.5550003         3.71535407E-06
   86.6699982         3.69807822E-06
   86.7850037         3.69610370E-06
   86.9000015         3.70960970E-06
   87.0149994         3.73874445E-06
   87.1299973         3.78364439E-06
   87.2450027         3.84441228E-06
   87.3600006         3.92113452E-06
   87.4749985         4.01387479E-06
   87.5899963         4.12267309E-06
   87.7050018         4.24754580E-06
   87.8199997         4.38849020E-06
   87.9349976         4.54547717E-06
   88.0500031         4.71845715E-06
   88.1650009         4.90735329E-06
   88.2799988         5.11207099E-06
   88.3949966         5.33248976E-06
   88.5100021         5.56847590E-06
   88.6250000         5.81986615E-06
   88.7399979         6.08648224E-06
   88.8550034         6.36812365E-06
   88.9700012         6.66457845E-06
   89.0849991         6.97561836E-06
   89.1999969         7.30099782E-06
   89.3150024         7.64045581E-06
   89.4300003         7.99372447E-06
   89.5449982         8.36052095E-06
   89.6600037         8.74055604E-06
   89.7750015         9.13353142E-06
   89.8899994         9.53913968E-06
   90.0049973         9.95707160E-06
   90.1200027         1.03870043E-05
   90.2350006         1.08286140E-05
   90.3499985         1.12815687E-05
   90.4649963         1.17455402E-05
   90.5800018         1.22201800E-05
   90.6949997         1.27051553E-05
   90.8099976         1.32001151E-05
   90.9250031         1.37047136E-05
   91.0400009         1.42185982E-05
   91.1549988         1.47414212E-05
   91.2699966         1.52728335E-05
   91.3850021         1.58124822E-05
   91.5000000         1.63600307E-05
   91.6149979         1.69151281E-05
   91.7300034         1.74774377E-05
   91.8450012         1.80466304E-05
   91.9599991         1.86223770E-05
   92.0749969         1.92043663E-05
   92.1900024         1.97922927E-05
   92.3050003         2.03858599E-05
   92.4199982         2.09847931E-05
   92.5350037         2.15888158E-05
   92.6500015         2.21976716E-05
   92.7649994         2.28111130E-05
   92.8799973         2.34289146E-05
   92.9950027         2.40508525E-05
   93.1100006         2.46767158E-05
   93.2249985         2.53063135E-05
   93.3399963         2.59394619E-05
   93.4550018         2.65759863E-05
   93.5699997         2.72157286E-05
   93.6849976         2.78585339E-05
   93.8000031         2.85042679E-05
   93.9150009         2.91527977E-05
   94.0299988         2.98040086E-05
   94.1449966         3.04577843E-05
   94.2600021         3.11140357E-05
   94.3750000         3.17726626E-05
   94.4899979         3.24335997E-05
   94.6050034         3.30967632E-05
   94.7200012         3.37620986E-05
   94.8349991         3.44295513E-05
   94.9499969         3.50990740E-05
   95.0650024         3.57706231E-05
   95.1800003         3.64441657E-05
   95.2949982         3.71196802E-05
   95.4100037         3.77971373E-05
   95.5250015         3.84765044E-05
   95.6399994         3.91577669E-05
   95.7549973         3.98408993E-05
   95.8700027         4.05258797E-05
   95.9850006         4.12126792E-05
   96.0999985         4.19012686E-05
   96.2149963         4.25916114E-05
   96.3300018         4.32836678E-05
   96.4449997         4.39773939E-05
   96.5599976         4.46727354E-05
   96.6750031         4.53696230E-05
   96.7900009         4.60679948E-05
   96.9049988         4.67677637E-05
   97.0199966         4.74688277E-05
   97.1350021         4.81710813E-05
   97.2500000         4.88743972E-05
   97.3649979         4.95786298E-05
   97.4800034         5.02836228E-05
   97.5950012         5.09891797E-05
   97.7099991         5.16951077E-05
   97.8249969         5.24011448E-05
   97.9400024         5.31070473E-05
   98.0550003         5.38125132E-05
   98.1699982         5.45172043E-05
   98.2850037         5.52207821E-05
   98.4000015         5.59228247E-05
   98.5149994         5.66229137E-05
   98.6299973         5.73205762E-05
   98.7450027         5.80153028E-05
   98.8600006         5.87065406E-05
   98.9749985         5.93937148E-05
   99.0899963         6.00761887E-05
   99.2050018         6.07533075E-05
   99.3199997         6.14243618E-05
   99.4349976         6.20886203E-05
   99.5500031         6.27452901E-05
   99.6650009         6.33935633E-05
   99.7799988         6.40325743E-05
   99.8949966         6.46614353E-05
   100.010002         6.52791932E-05
   100.125000         6.58848803E-05
   100.239998         6.64774852E-05
   100.355003         6.70559239E-05
   100.470001         6.76191266E-05
   100.584999         6.81659076E-05
   100.699997         6.86951171E-05
   100.815002         6.92054891E-05
   100.930000         6.96957650E-05
   101.044998         7.01646059E-05
   101.160004         7.06106657E-05
   101.275002         7.10325403E-05
   101.389999         7.14287526E-05
   101.504997         7.17978546E-05
   101.620003         7.21383185E-05
   101.735001         7.24485944E-05
   101.849998         7.27271254E-05
   101.964996         7.29722888E-05
   102.080002         7.31824621E-05
   102.195000         7.33560009E-05
   102.309998         7.34912464E-05
   102.425003         7.35865397E-05
   102.540001         7.36401853E-05
   102.654999         7.36505172E-05
   102.769997         7.36158545E-05
   102.885002         7.35345093E-05
   103.000000         7.34048372E-05
   103.114998         7.32251574E-05
   103.230003         7.29938401E-05
   103.345001         7.27092483E-05
   103.459999         7.23697885E-05
   103.574997         7.19739037E-05
   103.690002         7.15200367E-05
   103.805000         7.10067034E-05
   103.919998         7.04324339E-05
   104.035004         6.97958239E-05
   104.150002         6.90954839E-05
   104.264999         6.83301405E-05
   104.379997         6.74985131E-05
   104.495003         6.65994012E-05
   104.610001         6.56316915E-05
   104.724998         6.45943001E-05
   104.839996         6.34862299E-05
   104.955002         6.23065425E-05
   105.070000         6.10543793E-05
   105.184998         5.97289509E-05
   105.300003         5.83295332E-05
   105.415001         5.68554715E-05
   105.529999         5.53062018E-05
   105.644997         5.36812367E-05
   105.760002         5.19801288E-05
   105.875000         5.02025468E-05
   105.989998         4.83482218E-05
   106.105003         4.64169825E-05
   106.220001         4.44087054E-05
   106.334999         4.23234014E-05
   106.449997         4.01611396E-05
   106.565002         3.79220728E-05
   106.680000         3.56064775E-05
   106.794998         3.32146956E-05
   106.910004         3.07471964E-05
   107.025002         2.82045403E-05
   107.139999         2.55873892E-05
   107.254997         2.28965127E-05
   107.370003         2.01328039E-05
   107.485001         1.72972614E-05
   107.599998         1.43909929E-05
   107.714996         1.14152135E-05
   107.830002         8.37127936E-06
   107.945000         5.26063923E-06
   108.059998         2.08487108E-06
   108.175003        -1.15433613E-06
   108.290001        -4.45518890E-06
   108.404999        -7.81575000E-06
   108.519997        -1.12339931E-05
   108.635002        -1.47077590E-05
   108.750000        -1.82347794E-05
   108.864998        -2.18126806E-05
   108.980003        -2.54389870E-05
   109.095001        -2.91110864E-05
   109.209999        -3.28262722E-05
   109.324997        -3.65817541E-05
   109.440002        -4.03746089E-05
   109.555000        -4.42018500E-05
   109.669998        -4.80603703E-05
   109.785004        -5.19470013E-05
   109.900002        -5.58584834E-05
   110.014999        -5.97914841E-05
   110.129997        -6.37426419E-05
   110.245003        -6.77084827E-05
   110.360001        -7.16855429E-05
   110.474998        -7.56702866E-05
   110.589996        -7.96591776E-05
   110.705002        -8.36486579E-05
   110.820000        -8.76351842E-05
   110.934998        -9.16151912E-05
   111.050003        -9.55851574E-05
   111.165001        -9.95416121E-05
   111.279999        -1.03481107E-04
   111.394997        -1.07400272E-04
   111.510002        -1.11295776E-04
   111.625000        -1.15164396E-04
   111.739998        -1.19002994E-04
   111.855003        -1.22808546E-04
   111.970001        -1.26578117E-04
   112.084999        -1.30308894E-04
   112.199997        -1.33998255E-04
   112.315002        -1.37643627E-04
   112.430000        -1.41242650E-04
   112.544998        -1.44793084E-04
   112.660004        -1.48292864E-04
   112.775002        -1.51740081E-04
   112.889999        -1.55133021E-04
   113.004997        -1.58470124E-04
   113.120003        -1.61749922E-04
   113.235001        -1.64971178E-04
   113.349998        -1.68132814E-04
   113.464996        -1.71233885E-04
   113.580002        -1.74273591E-04
   113.695000        -1.77251219E-04
   113.809998        -1.80166186E-04
   113.925003        -1.83018070E-04
   114.040001        -1.85806464E-04
   114.154999        -1.88531005E-04
   114.269997        -1.91191473E-04
   114.385002        -1.93787579E-04
   114.500000        -1.96319146E-04
   114.614998        -1.98785856E-04
   114.730003        -2.01187489E-04
   114.845001        -2.03523712E-04
   114.959999        -2.05794146E-04
   115.074997        -2.07998368E-04
   115.190002        -2.10135797E-04
   115.305000        -2.12205778E-04
   115.419998        -2.14207583E-04
   115.535004        -2.16140266E-04
   115.650002        -2.18002824E-04
   115.764999        -2.19794063E-04
   115.879997        -2.21512688E-04
   115.995003        -2.23157171E-04
   116.110001        -2.24725896E-04
   116.224998        -2.26217118E-04
   116.339996        -2.27628901E-04
   116.455002        -2.28959136E-04
   116.570000        -2.30205711E-04
   116.684998        -2.31366255E-04
   116.800003        -2.32438368E-04
   116.915001        -2.33419487E-04
   117.029999        -2.34307052E-04
   117.144997        -2.35098400E-04
   117.260002        -2.35790838E-04
   117.375000        -2.36381675E-04
   117.489998        -2.36868233E-04
   117.605003        -2.37247848E-04
   117.720001        -2.37517947E-04
   117.834999        -2.37676009E-04
   117.949997        -2.37719709E-04
   118.065002        -2.37646789E-04
   118.180000        -2.37455184E-04
   118.294998        -2.37143075E-04
   118.410004        -2.36708802E-04
   118.525002        -2.36150969E-04
   118.639999        -2.35468469E-04
   118.754997        -2.34660460E-04
   118.870003        -2.33726401E-04
   118.985001        -2.32666032E-04
   119.099998        -2.31479498E-04
   119.214996        -2.30167178E-04
   119.330002        -2.28729827E-04
   119.445000        -2.27168537E-04
   119.559998        -2.25484677E-04
   119.675003        -2.23680006E-04
   119.790001        -2.21756549E-04
   119.904999        -2.19716603E-04
   120.019997        -2.17562774E-04
   120.135002        -2.15297943E-04
   120.250000        -2.12925195E-04
   120.364998        -2.10447863E-04
   120.480003        -2.07869394E-04
   120.595001        -2.05193443E-04
   120.709999        -2.02423791E-04
   120.824997        -1.99564296E-04
   120.940002        -1.96618843E-04
   121.055000        -1.93591375E-04
   121.169998        -1.90485851E-04
   121.285004        -1.87306126E-04
   121.400002        -1.84056058E-04
   121.514999        -1.80739386E-04
   121.629997        -1.77359732E-04
   121.745003        -1.73920576E-04
   121.860001        -1.70425294E-04
   121.974998        -1.66876998E-04
   122.089996        -1.63278775E-04
   122.205002        -1.59633448E-04
   122.320000        -1.55943693E-04
   122.434998        -1.52212044E-04
   122.550003        -1.48440900E-04
   122.665001        -1.44632548E-04
   122.779999        -1.40789169E-04
   122.894997        -1.36912859E-04
   123.010002        -1.33005698E-04
   123.125000        -1.29069813E-04
   123.239998        -1.25107297E-04
   123.355003        -1.21120371E-04
   123.470001        -1.17111369E-04
   123.584999        -1.13082780E-04
   123.699997        -1.09037312E-04
   123.815002        -1.04977909E-04
   123.930000        -1.00907760E-04
   124.044998        -9.68304521E-05
   124.160004        -9.27498186E-05
   124.275002        -8.86701309E-05
   124.389999        -8.45960603E-05
   124.504997        -8.05326563E-05
   124.620003        -7.64854049E-05
   124.735001        -7.24602287E-05
   124.849998        -6.84635015E-05
   124.964996        -6.45019754E-05
   125.080002        -6.05828427E-05
   125.195000        -5.67136231E-05
   125.309998        -5.29022291E-05
   125.425003        -4.91568717E-05
   125.540001        -4.54860383E-05
   125.654999        -4.18983909E-05
   125.769997        -3.84027517E-05
   125.885002        -3.50080336E-05
   126.000000        -3.17231461E-05
   126.114998        -2.85569113E-05
   126.230003        -2.55179875E-05
   126.345001        -2.26148040E-05
   126.459999        -1.98554189E-05
   126.574997        -1.72474647E-05
   126.690002        -1.47980290E-05
   126.805000        -1.25135748E-05
   126.919998        -1.03998600E-05
   127.035004        -8.46178864E-06
   127.150002        -6.70339978E-06
   127.264999        -5.12770293E-06
   127.379997        -3.73669263E-06
   127.495003        -2.53122562E-06
   127.610001        -1.51094309E-06
   127.724998        -6.74285729E-07
   127.839996        -1.83858901E-08
   127.955002         4.60942374E-07
   128.070007         7.69178428E-07
   128.184998         9.13189979E-07
   128.300003         9.01133262E-07
   128.414993         7.42471002E-07
   128.529999         4.47980710E-07
   128.645004         2.96522558E-08
   128.759995        -4.99353519E-07
   128.875000        -1.12474936E-06
   128.990005        -1.83123211E-06
   129.104996        -2.60258639E-06
   129.220001        -3.42173189E-06
   129.335007        -4.27090708E-06
   129.449997        -5.13178020E-06
   129.565002        -5.98554834E-06
   129.679993        -6.81307756E-06
   129.794998        -7.59508839E-06
   129.910004        -8.31226862E-06
   130.024994        -8.94544428E-06
   130.139999        -9.47571971E-06
   130.255005        -9.88458851E-06
   130.369995        -1.01541737E-05
   130.485001        -1.02673002E-05
   130.600006        -1.02076337E-05
   130.714996        -9.95978553E-06
   130.830002        -9.50949834E-06
   130.945007        -8.84371548E-06
   131.059998        -7.95064625E-06
   131.175003        -6.81990059E-06
   131.289993        -5.44248542E-06
   131.404999        -3.81095015E-06
   131.520004        -1.91931395E-06
   131.634995         2.36792403E-07
   131.750000         2.66022471E-06
   131.865005         5.35225263E-06
   131.979996         8.31266152E-06
   132.095001         1.15397197E-05
   132.210007         1.50302731E-05
   132.324997         1.87797414E-05
   132.440002         2.27823075E-05
   132.554993         2.70308992E-05
   132.669998         3.15173129E-05
   132.785004         3.62323626E-05
   132.899994         4.11658912E-05
   133.014999         4.63069846E-05
   133.130005         5.16439941E-05
   133.244995         5.71647324E-05
   133.360001         6.28565685E-05
   133.475006         6.87065331E-05
   133.589996         7.47014419E-05
   133.705002         8.08280674E-05
   133.820007         8.70731092E-05
   133.934998         9.34234413E-05
   134.050003         9.98661490E-05
   134.164993         1.06388543E-04
   134.279999         1.12978436E-04
   134.395004         1.19623975E-04
   134.509995         1.26313826E-04
   134.625000         1.33037218E-04
   134.740005         1.39783922E-04
   134.854996         1.46544277E-04
   134.970001         1.53309229E-04
   135.085007         1.60070296E-04
   135.199997         1.66819562E-04
   135.315002         1.73549633E-04
   135.429993         1.80253614E-04
   135.544998         1.86924997E-04
   135.660004         1.93557731E-04
   135.774994         2.00146023E-04
   135.889999         2.06684388E-04
   136.005005         2.13167456E-04
   136.119995         2.19589972E-04
   136.235001         2.25946671E-04
   136.350006         2.32232240E-04
   136.464996         2.38441222E-04
   136.580002         2.44567898E-04
   136.695007         2.50606303E-04
   136.809998         2.56550178E-04
   136.925003         2.62392714E-04
   137.039993         2.68126663E-04
   137.154999         2.73744314E-04
   137.270004         2.79237429E-04
   137.384995         2.84597074E-04
   137.500000         2.89813848E-04
   137.615005         2.94877740E-04
   137.729996         2.99778068E-04
   137.845001         3.04503686E-04
   137.960007         3.09042807E-04
   138.074997         3.13383294E-04
   138.190002         3.17512429E-04
   138.304993         3.21417087E-04
   138.419998         3.25083907E-04
   138.535004         3.28499300E-04
   138.649994         3.31649469E-04
   138.764999         3.34520446E-04
   138.880005         3.37098376E-04
   138.994995         3.39369435E-04
   139.110001         3.41320090E-04
   139.225006         3.42936895E-04
   139.339996         3.44206957E-04
   139.455002         3.45117762E-04
   139.570007         3.45657201E-04
   139.684998         3.45813838E-04
   139.800003         3.45577020E-04
   139.914993         3.44936620E-04
   140.029999         3.43883323E-04
   140.145004         3.42408661E-04
   140.259995         3.40504921E-04
   140.375000         3.38165235E-04
   140.490005         3.35383666E-04
   140.604996         3.32155003E-04
   140.720001         3.28474940E-04
   140.835007         3.24339926E-04
   140.949997         3.19747342E-04
   141.065002         3.14695149E-04
   141.179993         3.09182156E-04
   141.294998         3.03207751E-04
   141.410004         2.96771992E-04
   141.524994         2.89875636E-04
   141.639999         2.82519642E-04
   141.755005         2.74705875E-04
   141.869995         2.66436284E-04
   141.985001         2.57713284E-04
   142.100006         2.48539698E-04
   142.214996         2.38918452E-04
   142.330002         2.28852863E-04
   142.445007         2.18346322E-04
   142.559998         2.07402467E-04
   142.675003         1.96024965E-04
   142.789993         1.84217570E-04
   142.904999         1.71984182E-04
   143.020004         1.59328643E-04
   143.134995         1.46254941E-04
   143.250000         1.32767018E-04
   143.365005         1.18868928E-04
   143.479996         1.04564693E-04
   143.595001         8.98584549E-05
   143.710007         7.47544109E-05
   143.824997         5.92568103E-05
   143.940002         4.33700407E-05
   144.054993         2.70985929E-05
   144.169998         1.04470728E-05
   144.285004        -6.57969576E-06
   144.399994        -2.39767178E-05
   144.514999        -4.17388401E-05
   144.630005        -5.98605802E-05
   144.744995        -7.83363721E-05
   144.860001        -9.71602858E-05
   144.975006        -1.16326235E-04
   145.089996        -1.35827853E-04
   145.205002        -1.55658607E-04
   145.320007        -1.75811641E-04
   145.434998        -1.96279856E-04
   145.550003        -2.17056178E-04
   145.664993        -2.38133100E-04
   145.779999        -2.59503198E-04
   145.895004        -2.81158835E-04
   146.009995        -3.03092296E-04
   146.125000        -3.25295900E-04
   146.240005        -3.47761874E-04
   146.354996        -3.70482448E-04
   146.470001        -3.93450056E-04
   146.585007        -4.16657189E-04
   146.699997        -4.40096454E-04
   146.815002        -4.63760633E-04
   146.929993        -4.87642741E-04
   147.044998        -5.11735911E-04
   147.160004        -5.36033593E-04
   147.274994        -5.60529530E-04
   147.389999        -5.85217727E-04
   147.505005        -6.10092422E-04
   147.619995        -6.35147968E-04
   147.735001        -6.60379243E-04
   147.850006        -6.85781124E-04
   147.964996        -7.11348723E-04
   148.080002        -7.37077266E-04
   148.195007        -7.62962096E-04
   148.309998        -7.88998557E-04
   148.425003        -8.15181993E-04
   148.539993        -8.41507688E-04
   148.654999        -8.67970462E-04
   148.770004        -8.94565310E-04
   148.884995        -9.21286817E-04
   149.000000        -9.48128814E-04
   149.115005        -9.75084957E-04
   149.229996        -1.00214849E-03
   149.345001        -1.02931145E-03
   149.460007        -1.05656567E-03
   149.574997        -1.08390185E-03
   149.690002        -1.11131032E-03
   149.804993        -1.13878027E-03
   149.919998        -1.16630003E-03
   150.035004        -1.19385682E-03
   150.149994        -1.22143782E-03
   150.264999        -1.24902790E-03
   150.380005        -1.27661251E-03
   150.494995        -1.30417512E-03
   150.610001        -1.33169908E-03
   150.725006        -1.35916693E-03
   150.839996        -1.38656062E-03
   150.955002        -1.41386129E-03
   151.070007        -1.44104951E-03
   151.184998        -1.46810594E-03
   151.300003        -1.49501092E-03
   151.414993        -1.52174418E-03
   151.529999        -1.54828595E-03
   151.645004        -1.57461641E-03
   151.759995        -1.60071603E-03
   151.875000        -1.62656582E-03
   151.990005        -1.65214704E-03
   152.104996        -1.67744188E-03
   152.220001        -1.70243322E-03
   152.335007        -1.72710512E-03
   152.449997        -1.75144221E-03
   152.565002        -1.77543110E-03
   152.679993        -1.79905887E-03
   152.794998        -1.82231469E-03
   152.910004        -1.84518867E-03
   153.024994        -1.86767289E-03
   153.139999        -1.88976072E-03
   153.255005        -1.91144785E-03
   153.369995        -1.93273090E-03
   153.485001        -1.95360882E-03
   153.600006        -1.97408232E-03
   153.714996        -1.99415348E-03
   153.830002        -2.01382674E-03
   153.945007        -2.03310791E-03
   154.059998        -2.05200422E-03
   154.175003        -2.07052520E-03
   154.289993        -2.08868133E-03
   154.404999        -2.10648542E-03
   154.520004        -2.12395075E-03
   154.634995        -2.14109267E-03
   154.750000        -2.15792726E-03
   154.865005        -2.17447150E-03
   154.979996        -2.19074381E-03
   155.095001        -2.20676395E-03
   155.210007        -2.22255173E-03
   155.324997        -2.23812740E-03
   155.440002        -2.25351215E-03
   155.554993        -2.26872764E-03
   155.669998        -2.28379550E-03
   155.785004        -2.29873741E-03
   155.899994        -2.31357547E-03
   156.014999        -2.32833135E-03
   156.130005        -2.34302622E-03
   156.244995        -2.35768105E-03
   156.360001        -2.37231702E-03
   156.475006        -2.38695391E-03
   156.589996        -2.40161084E-03
   156.705002        -2.41630641E-03
   156.820007        -2.43105832E-03
   156.934998        -2.44588382E-03
   157.050003        -2.46079871E-03
   157.164993        -2.47581792E-03
   157.279999        -2.49095494E-03
   157.395004        -2.50622281E-03
   157.509995        -2.52163364E-03
   157.625000        -2.53719767E-03
   157.740005        -2.55292444E-03
   157.854996        -2.56882259E-03
   157.970001        -2.58489978E-03
   158.085007        -2.60116230E-03
   158.199997        -2.61761551E-03
   158.315002        -2.63426430E-03
   158.429993        -2.65111169E-03
   158.544998        -2.66816095E-03
   158.660004        -2.68541370E-03
   158.774994        -2.70287110E-03
   158.889999        -2.72053434E-03
   159.005005        -2.73840316E-03
   159.119995        -2.75647710E-03
   159.235001        -2.77475547E-03
   159.350006        -2.79323617E-03
   159.464996        -2.81191827E-03
   159.580002        -2.83079944E-03
   159.695007        -2.84987804E-03
   159.809998        -2.86915200E-03
   159.925003        -2.88861920E-03
   160.039993        -2.90827756E-03
   160.154999        -2.92812521E-03
   160.270004        -2.94816052E-03
   160.384995        -2.96838256E-03
   160.500000        -2.98878993E-03
   160.615005        -3.00938287E-03
   160.729996        -3.03016044E-03
   160.845001        -3.05112381E-03
   160.960007        -3.07227345E-03
   161.074997        -3.09361122E-03
   161.190002        -3.11513967E-03
   161.304993        -3.13686114E-03
   161.419998        -3.15877958E-03
   161.535004        -3.18089873E-03
   161.649994        -3.20322393E-03
   161.764999        -3.22575984E-03
   161.880005        -3.24851321E-03
   161.994995        -3.27148987E-03
   162.110001        -3.29469750E-03
   162.225006        -3.31814284E-03
   162.339996        -3.34183336E-03
   162.455002        -3.36577790E-03
   162.570007        -3.38998437E-03
   162.684998        -3.41446139E-03
   162.800003        -3.43921757E-03
   162.914993        -3.46426084E-03
   163.029999        -3.48959956E-03
   163.145004        -3.51524167E-03
   163.259995        -3.54119530E-03
   163.375000        -3.56746721E-03
   163.490005        -3.59406462E-03
   163.604996        -3.62099288E-03
   163.720001        -3.64825758E-03
   163.835007        -3.67586361E-03
   163.949997        -3.70381353E-03
   164.065002        -3.73211037E-03
   164.179993        -3.76075576E-03
   164.294998        -3.78974969E-03
   164.410004        -3.81909148E-03
   164.524994        -3.84877878E-03
   164.639999        -3.87880835E-03
   164.755005        -3.90917528E-03
   164.869995        -3.93987307E-03
   164.985001        -3.97089543E-03
   165.100006        -4.00223257E-03
   165.214996        -4.03387519E-03
   165.330002        -4.06581163E-03
   165.445007        -4.09802934E-03
   165.559998        -4.13051574E-03
   165.675003        -4.16325405E-03
   165.789993        -4.19623172E-03
   165.904999        -4.22943011E-03
   166.020004        -4.26283246E-03
   166.134995        -4.29642107E-03
   166.250000        -4.33017733E-03
   166.365005        -4.36408352E-03
   166.479996        -4.39811870E-03
   166.595001        -4.43226425E-03
   166.710007        -4.46650106E-03
   166.824997        -4.50081006E-03
   166.940002        -4.53517074E-03
   167.054993        -4.56956634E-03
   167.169998        -4.60397685E-03
   167.285004        -4.63838549E-03
   167.399994        -4.67277598E-03
   167.514999        -4.70713014E-03
   167.630005        -4.74143401E-03
   167.744995        -4.77567362E-03
   167.860001        -4.80983639E-03
   167.975006        -4.84390929E-03
   168.089996        -4.87788254E-03
   168.205002        -4.91174730E-03
   168.320007        -4.94549517E-03
   168.434998        -4.97912057E-03
   168.550003        -5.01261791E-03
   168.664993        -5.04598441E-03
   168.779999        -5.07921772E-03
   168.895004        -5.11231739E-03
   169.009995        -5.14528388E-03
   169.125000        -5.17811906E-03
   169.240005        -5.21082617E-03
   169.354996        -5.24340943E-03
   169.470001        -5.27587440E-03
   169.585007        -5.30822622E-03
   169.699997        -5.34047280E-03
   169.815002        -5.37262112E-03
   169.929993        -5.40467864E-03
   170.044998        -5.43665420E-03
   170.160004        -5.46855666E-03
   170.274994        -5.50039439E-03
   170.389999        -5.53217577E-03
   170.505005        -5.56390919E-03
   170.619995        -5.59560349E-03
   170.735001        -5.62726660E-03
   170.850006        -5.65890595E-03
   170.964996        -5.69052761E-03
   171.080002        -5.72213903E-03
   171.195007        -5.75374486E-03
   171.309998        -5.78535115E-03
   171.425003        -5.81696071E-03
   171.539993        -5.84857864E-03
   171.654999        -5.88020589E-03
   171.770004        -5.91184478E-03
   171.884995        -5.94349718E-03
   172.000000        -5.97516261E-03
   172.115005        -6.00684155E-03
   172.229996        -6.03853399E-03
   172.345001        -6.07023807E-03
   172.460007        -6.10195287E-03
   172.574997        -6.13367604E-03
   172.690002        -6.16540667E-03
   172.804993        -6.19714428E-03
   172.919998        -6.22888561E-03
   173.035004        -6.26063021E-03
   173.149994        -6.29237853E-03
   173.264999        -6.32413011E-03
   173.380005        -6.35588588E-03
   173.494995        -6.38764724E-03
   173.610001        -6.41941698E-03
   173.725006        -6.45119883E-03
   173.839996        -6.48299931E-03
   173.955002        -6.51482260E-03
   174.070007        -6.54667569E-03
   174.184998        -6.57857023E-03
   174.300003        -6.61051413E-03
   174.414993        -6.64251996E-03
   174.529999        -6.67460077E-03
   174.645004        -6.70677098E-03
   174.759995        -6.73904642E-03
   174.875000        -6.77144527E-03
   174.990005        -6.80398662E-03
   175.104996        -6.83669001E-03
   175.220001        -6.86957687E-03
   175.335007        -6.90267002E-03
   175.449997        -6.93599368E-03
   175.565002        -6.96957111E-03
   175.679993        -7.00342748E-03
   175.794998        -7.03758979E-03
   175.910004        -7.07208365E-03
   176.024994        -7.10693607E-03
   176.139999        -7.14217406E-03
   176.255005        -7.17782509E-03
   176.369995        -7.21391616E-03
   176.485001        -7.25047430E-03
   176.600006        -7.28752511E-03
   176.714996        -7.32509466E-03
   176.830002        -7.36320764E-03
   176.945007        -7.40188966E-03
   177.059998        -7.44116446E-03
   177.175003        -7.48105440E-03
   177.289993        -7.52158137E-03
   177.404999        -7.56276492E-03
   177.520004        -7.60462368E-03
   177.634995        -7.64717907E-03
   177.750000        -7.69044412E-03
   177.865005        -7.73443421E-03
   177.979996        -7.77916377E-03
   178.095001        -7.82464631E-03
   178.210007        -7.87089113E-03
   178.324997        -7.91790616E-03
   178.440002        -7.96569977E-03
   178.554993        -8.01427942E-03
   178.669998        -8.06364883E-03
   178.785004        -8.11381172E-03
   178.899994        -8.16476904E-03
   179.014999        -8.21652170E-03
   179.130005        -8.26906785E-03
   179.244995        -8.32240749E-03
   179.360001        -8.37653596E-03
   179.475006        -8.43144953E-03
   179.589996        -8.48714169E-03
   179.705002        -8.54360592E-03
   179.820007        -8.60083476E-03
   179.934998        -8.65881797E-03
   180.050003        -8.71754903E-03
   180.164993        -8.77701305E-03
   180.279999        -8.83720256E-03
   180.395004        -8.89810361E-03
   180.509995        -8.95970128E-03
   180.625000        -9.02198348E-03
   180.740005        -9.08493809E-03
   180.854996        -9.14854556E-03
   180.970001        -9.21279285E-03
   181.085007        -9.27766226E-03
   181.199997        -9.34313890E-03
   181.315002        -9.40920226E-03
   181.429993        -9.47583746E-03
   181.544998        -9.54302307E-03
   181.660004        -9.61074326E-03
   181.774994        -9.67898034E-03
   181.889999        -9.74771194E-03
   182.005005        -9.81692038E-03
   182.119995        -9.88658890E-03
   182.235001        -9.95669514E-03
   182.350006        -1.00272242E-02
   182.464996        -1.00981528E-02
   182.580002        -1.01694651E-02
   182.695007        -1.02411415E-02
   182.809998        -1.03131663E-02
   182.925003        -1.03855208E-02
   183.039993        -1.04581872E-02
   183.154999        -1.05311498E-02
   183.270004        -1.06043918E-02
   183.384995        -1.06778983E-02
   183.500000        -1.07516525E-02
   183.615005        -1.08256415E-02
   183.729996        -1.08998511E-02
   183.845001        -1.09742647E-02
   183.960007        -1.10488720E-02
   184.074997        -1.11236582E-02
   184.190002        -1.11986129E-02
   184.304993        -1.12737222E-02
   184.419998        -1.13489749E-02
   184.535004        -1.14243608E-02
   184.649994        -1.14998687E-02
   184.764999        -1.15754865E-02
   184.880005        -1.16512058E-02
   184.994995        -1.17270146E-02
   185.110001        -1.18029043E-02
   185.225006        -1.18788620E-02
   185.339996        -1.19548794E-02
   185.455002        -1.20309461E-02
   185.570007        -1.21070528E-02
   185.684998        -1.21831894E-02
   185.800003        -1.22593446E-02
   185.914993        -1.23355100E-02
   186.029999        -1.24116745E-02
   186.145004        -1.24878278E-02
   186.259995        -1.25639569E-02
   186.375000        -1.26400562E-02
   186.490005        -1.27161117E-02
   186.604996        -1.27921114E-02
   186.720001        -1.28680468E-02
   186.835007        -1.29439039E-02
   186.949997        -1.30196754E-02
   187.065002        -1.30953444E-02
   187.179993        -1.31708998E-02
   187.294998        -1.32463342E-02
   187.410004        -1.33216288E-02
   187.524994        -1.33967753E-02
   187.639999        -1.34717599E-02
   187.755005        -1.35465665E-02
   187.869995        -1.36211831E-02
   187.985001        -1.36955949E-02
   188.100006        -1.37697868E-02
   188.214996        -1.38437450E-02
   188.330002        -1.39174499E-02
   188.445007        -1.39908874E-02
   188.559998        -1.40640419E-02
   188.675003        -1.41368881E-02
   188.789993        -1.42094102E-02
   188.904999        -1.42815877E-02
   189.020004        -1.43534001E-02
   189.134995        -1.44248214E-02
   189.250000        -1.44958301E-02
   189.365005        -1.45663992E-02
   189.479996        -1.46365035E-02
   189.595001        -1.47061143E-02
   189.710007        -1.47752026E-02
   189.824997        -1.48437386E-02
   189.940002        -1.49116945E-02
   190.054993        -1.49790328E-02
   190.169998        -1.50457211E-02
   190.285004        -1.51117276E-02
   190.399994        -1.51770124E-02
   190.514999        -1.52415419E-02
   190.630005        -1.53052788E-02
   190.744995        -1.53681822E-02
   190.860001        -1.54302148E-02
   190.975006        -1.54913384E-02
   191.089996        -1.55515140E-02
   191.205002        -1.56106995E-02
   191.320007        -1.56688597E-02
   191.434998        -1.57259516E-02
   191.550003        -1.57819334E-02
   191.664993        -1.58367753E-02
   191.779999        -1.58904344E-02
   191.895004        -1.59428716E-02
   192.009995        -1.59940571E-02
   192.125000        -1.60439499E-02
   192.240005        -1.60925202E-02
   192.354996        -1.61397345E-02
   192.470001        -1.61855612E-02
   192.585007        -1.62299685E-02
   192.699997        -1.62729342E-02
   192.815002        -1.63144302E-02
   192.929993        -1.63544249E-02
   193.044998        -1.63928978E-02
   193.160004        -1.64298266E-02
   193.274994        -1.64651908E-02
   193.389999        -1.64989717E-02
   193.505005        -1.65311471E-02
   193.619995        -1.65617038E-02
   193.735001        -1.65906232E-02
   193.850006        -1.66178886E-02
   193.964996        -1.66434832E-02
   194.080002        -1.66674014E-02
   194.195007        -1.66896209E-02
   194.309998        -1.67101305E-02
   194.425003        -1.67289209E-02
   194.539993        -1.67459715E-02
   194.654999        -1.67612731E-02
   194.770004        -1.67748090E-02
   194.884995        -1.67865660E-02
   195.000000        -1.67965274E-02
   195.115005        -1.68046784E-02
   195.229996        -1.68110020E-02
   195.345001        -1.68154798E-02
   195.460007        -1.68180969E-02
   195.574997        -1.68188307E-02
   195.690002        -1.68176666E-02
   195.804993        -1.68145802E-02
   195.919998        -1.68095548E-02
   196.035004        -1.68025717E-02
   196.149994        -1.67936087E-02
   196.264999        -1.67826451E-02
   196.380005        -1.67696681E-02
   196.494995        -1.67546533E-02
   196.610001        -1.67375840E-02
   196.725006        -1.67184453E-02
   196.839996        -1.66972261E-02
   196.955002        -1.66739076E-02
   197.070007        -1.66484825E-02
   197.184998        -1.66209396E-02
   197.300003        -1.65912751E-02
   197.414993        -1.65594891E-02
   197.529999        -1.65255778E-02
   197.645004        -1.64895449E-02
   197.759995        -1.64513979E-02
   197.875000        -1.64111461E-02
   197.990005        -1.63688045E-02
   198.104996        -1.63243935E-02
   198.220001        -1.62779316E-02
   198.335007        -1.62294451E-02
   198.449997        -1.61789674E-02
   198.565002        -1.61265284E-02
   198.679993        -1.60721652E-02
   198.794998        -1.60159189E-02
   198.910004        -1.59578361E-02
   199.024994        -1.58979651E-02
   199.139999        -1.58363543E-02
   199.255005        -1.57730579E-02
   199.369995        -1.57081373E-02
   199.485001        -1.56416427E-02
   199.600006        -1.55736394E-02
   199.714996        -1.55041944E-02
   199.830002        -1.54333627E-02
   199.945007        -1.53612141E-02
   200.059998        -1.52878128E-02
   200.175003        -1.52132213E-02
   200.289993        -1.51375066E-02
   200.404999        -1.50607312E-02
   200.520004        -1.49829565E-02
   200.634995        -1.49042467E-02
   200.750000        -1.48246577E-02
   200.865005        -1.47442501E-02
   200.979996        -1.46630788E-02
   201.095001        -1.45811941E-02
   201.210007        -1.44986454E-02
   201.324997        -1.44154821E-02
   201.440002        -1.43317431E-02
   201.554993        -1.42474696E-02
   201.669998        -1.41626960E-02
   201.785004        -1.40774557E-02
   201.899994        -1.39917759E-02
   202.014999        -1.39056807E-02
   202.130005        -1.38191897E-02
   202.244995        -1.37323197E-02
   202.360001        -1.36450818E-02
   202.475006        -1.35574862E-02
   202.589996        -1.34695368E-02
   202.705002        -1.33812372E-02
   202.820007        -1.32925855E-02
   202.934998        -1.32035771E-02
   203.050003        -1.31142065E-02
   203.164993        -1.30244642E-02
   203.279999        -1.29343392E-02
   203.395004        -1.28438203E-02
   203.509995        -1.27528915E-02
   203.625000        -1.26615399E-02
   203.740005        -1.25697507E-02
   203.854996        -1.24775078E-02
   203.970001        -1.23847974E-02
   204.085007        -1.22916056E-02
   204.199997        -1.21979192E-02
   204.315002        -1.21037234E-02
   204.429993        -1.20090097E-02
   204.544998        -1.19137671E-02
   204.660004        -1.18179899E-02
   204.774994        -1.17216706E-02
   204.889999        -1.16248103E-02
   205.005005        -1.15274042E-02
   205.119995        -1.14294579E-02
   205.235001        -1.13309743E-02
   205.350006        -1.12319607E-02
   205.464996        -1.11324275E-02
   205.580002        -1.10323895E-02
   205.695007        -1.09318625E-02
   205.809998        -1.08308624E-02
   205.925003        -1.07294144E-02
   206.039993        -1.06275389E-02
   206.154999        -1.05252620E-02
   206.270004        -1.04226144E-02
   206.384995        -1.03196222E-02
   206.500000        -1.02163227E-02
   206.615005        -1.01127485E-02
   206.729996        -1.00089321E-02
   206.845001        -9.90491081E-03
   206.960007        -9.80072282E-03
   207.074997        -9.69640352E-03
   207.190002        -9.59199201E-03
   207.304993        -9.48752835E-03
   207.419998        -9.38304700E-03
   207.535004        -9.27858707E-03
   207.649994        -9.17418394E-03
   207.764999        -9.06987302E-03
   207.880005        -8.96569155E-03
   207.994995        -8.86167213E-03
   208.110001        -8.75784829E-03
   208.225006        -8.65425263E-03
   208.339996        -8.55091494E-03
   208.455002        -8.44786596E-03
   208.570007        -8.34513549E-03
   208.684998        -8.24274868E-03
   208.800003        -8.14073440E-03
   208.914993        -8.03911872E-03
   209.029999        -7.93792866E-03
   209.145004        -7.83718750E-03
   209.259995        -7.73692410E-03
   209.375000        -7.63716176E-03
   209.490005        -7.53792422E-03
   209.604996        -7.43923942E-03
   209.720001        -7.34113296E-03
   209.835007        -7.24363094E-03
   209.949997        -7.14676268E-03
   210.065002        -7.05055706E-03
   210.179993        -6.95504341E-03
   210.294998        -6.86025340E-03
   210.410004        -6.76622242E-03
   210.524994        -6.67298259E-03
   210.639999        -6.58057164E-03
   210.755005        -6.48903148E-03
   210.869995        -6.39839796E-03
   210.985001        -6.30871765E-03
   211.100006        -6.22003339E-03
   211.214996        -6.13239128E-03
   211.330002        -6.04584161E-03
   211.445007        -5.96043374E-03
   211.559998        -5.87621937E-03
   211.675003        -5.79325063E-03
   211.789993        -5.71158202E-03
   211.904999        -5.63126756E-03
   212.020004        -5.55236218E-03
   212.134995        -5.47492038E-03
   212.250000        -5.39899804E-03
   212.365005        -5.32464916E-03
   212.479996        -5.25192590E-03
   212.595001        -5.18088089E-03
   212.710007        -5.11156535E-03
   212.824997        -5.04402863E-03
   212.940002        -4.97831777E-03
   213.054993        -4.91447607E-03
   213.169998        -4.85254731E-03
   213.285004        -4.79257060E-03
   213.399994        -4.73458273E-03
   213.514999        -4.67861770E-03
   213.630005        -4.62470762E-03
   213.744995        -4.57287952E-03
   213.860001        -4.52315807E-03
   213.975006        -4.47556563E-03
   214.089996        -4.43012035E-03
   214.205002        -4.38683946E-03
   214.320007        -4.34573321E-03
   214.434998        -4.30681370E-03
   214.550003        -4.27008606E-03
   214.664993        -4.23555495E-03
   214.779999        -4.20322083E-03
   214.895004        -4.17308230E-03
   215.009995        -4.14513610E-03
   215.125000        -4.11937665E-03
   215.240005        -4.09579370E-03
   215.354996        -4.07437701E-03
   215.470001        -4.05511539E-03
   215.585007        -4.03799210E-03
   215.699997        -4.02299361E-03
   215.815002        -4.01010178E-03
   215.929993        -3.99929564E-03
   216.044998        -3.99055798E-03
   216.160004        -3.98386549E-03
   216.274994        -3.97919584E-03
   216.389999        -3.97652667E-03
   216.505005        -3.97583051E-03
   216.619995        -3.97708220E-03
   216.735001        -3.98025382E-03
   216.850006        -3.98531556E-03
   216.964996        -3.99223948E-03
   217.080002        -4.00099112E-03
   217.195007        -4.01153695E-03
   217.309998        -4.02384158E-03
   217.425003        -4.03786730E-03
   217.539993        -4.05357406E-03
   217.654999        -4.07091994E-03
   217.770004        -4.08985931E-03
   217.884995        -4.11034562E-03
   218.000000        -4.13232855E-03
   218.115005        -4.15575737E-03
   218.229996        -4.18057619E-03
   218.345001        -4.20672633E-03
   218.460007        -4.23414866E-03
   218.574997        -4.26277984E-03
   218.690002        -4.29255422E-03
   218.804993        -4.32340242E-03
   218.919998        -4.35525365E-03
   219.035004        -4.38803388E-03
   219.149994        -4.42166859E-03
   219.264999        -4.45607910E-03
   219.380005        -4.49118484E-03
   219.494995        -4.52690432E-03
   219.610001        -4.56315465E-03
   219.725006        -4.59984969E-03
   219.839996        -4.63690562E-03
   219.955002        -4.67423443E-03
   220.070007        -4.71174950E-03
   220.184998        -4.74936422E-03
   220.300003        -4.78699058E-03
   220.414993        -4.82454337E-03
   220.529999        -4.86193644E-03
   220.645004        -4.89908597E-03
   220.759995        -4.93590906E-03
   220.875000        -4.97232471E-03
   220.990005        -5.00825513E-03
   221.104996        -5.04362397E-03
   221.220001        -5.07835764E-03
   221.335007        -5.11238631E-03
   221.449997        -5.14564151E-03
   221.565002        -5.17805992E-03
   221.679993        -5.20958100E-03
   221.794998        -5.24014747E-03
   221.910004        -5.26970578E-03
   222.024994        -5.29820519E-03
   222.139999        -5.32559911E-03
   222.255005        -5.35184471E-03
   222.369995        -5.37690055E-03
   222.485001        -5.40073030E-03
   222.600006        -5.42329904E-03
   222.714996        -5.44457510E-03
   222.830002        -5.46452822E-03
   222.945007        -5.48313325E-03
   223.059998        -5.50036319E-03
   223.175003        -5.51619567E-03
   223.289993        -5.53060742E-03
   223.404999        -5.54357702E-03
   223.520004        -5.55508584E-03
   223.634995        -5.56511199E-03
   223.750000        -5.57363685E-03
   223.865005        -5.58064086E-03
   223.979996        -5.58610400E-03
   224.095001        -5.59000485E-03
   224.210007        -5.59232291E-03
   224.324997        -5.59303584E-03
   224.440002        -5.59211848E-03
   224.554993        -5.58954617E-03
   224.669998        -5.58529142E-03
   224.785004        -5.57932584E-03
   224.899994        -5.57161774E-03
   225.014999        -5.56213362E-03
   225.130005        -5.55083714E-03
   225.244995        -5.53769199E-03
   225.360001        -5.52265765E-03
   225.475006        -5.50569221E-03
   225.589996        -5.48675098E-03
   225.705002        -5.46578923E-03
   225.820007        -5.44275809E-03
   225.934998        -5.41760772E-03
   226.050003        -5.39028784E-03
   226.164993        -5.36074582E-03
   226.279999        -5.32892998E-03
   226.395004        -5.29478490E-03
   226.509995        -5.25825750E-03
   226.625000        -5.21929376E-03
   226.740005        -5.17783826E-03
   226.854996        -5.13383793E-03
   226.970001        -5.08724060E-03
   227.085007        -5.03799366E-03
   227.199997        -4.98604681E-03
   227.315002        -4.93135210E-03
   227.429993        -4.87386296E-03
   227.544998        -4.81353467E-03
   227.660004        -4.75032767E-03
   227.774994        -4.68420237E-03
   227.889999        -4.61512618E-03
   228.005005        -4.54306835E-03
   228.119995        -4.46800143E-03
   228.235001        -4.38990444E-03
   228.350006        -4.30875970E-03
   228.464996        -4.22455324E-03
   228.580002        -4.13727900E-03
   228.695007        -4.04693419E-03
   228.809998        -3.95352067E-03
   228.925003        -3.85704637E-03
   229.039993        -3.75752384E-03
   229.154999        -3.65497009E-03
   229.270004        -3.54940817E-03
   229.384995        -3.44086369E-03
   229.500000        -3.32936831E-03
   229.615005        -3.21495626E-03
   229.729996        -3.09766526E-03
   229.845001        -2.97753816E-03
   229.960007        -2.85461778E-03
   230.074997        -2.72894930E-03
   230.190002        -2.60058139E-03
   230.304993        -2.46956199E-03
   230.419998        -2.33594049E-03
   230.535004        -2.19976786E-03
   230.649994        -2.06109253E-03
   230.764999        -1.91996410E-03
   230.880005        -1.77643076E-03
   230.994995        -1.63054012E-03
   231.110001        -1.48233760E-03
   231.225006        -1.33186707E-03
   231.339996        -1.17917033E-03
   231.455002        -1.02428882E-03
   231.570007        -8.67260038E-04
   231.684998        -7.08120409E-04
   231.800003        -5.46903000E-04
   231.914993        -3.83639766E-04
   232.029999        -2.18360612E-04
   232.145004        -5.10920945E-05
   232.259995         1.18139113E-04
   232.375000         2.89309042E-04
   232.490005         4.62395139E-04
   232.604996         6.37376099E-04
   232.720001         8.14230996E-04
   232.835007         9.92939458E-04
   232.949997         1.17348251E-03
   233.065002         1.35583978E-03
   233.179993         1.53999100E-03
   233.294998         1.72591559E-03
   233.410004         1.91359106E-03
   233.524994         2.10299459E-03
   233.639999         2.29410105E-03
   233.755005         2.48688390E-03
   233.869995         2.68131448E-03
   233.985001         2.87736091E-03
   234.100006         3.07498989E-03
   234.214996         3.27416509E-03
   234.330002         3.47484834E-03
   234.445007         3.67699633E-03
   234.559998         3.88056412E-03
   234.675003         4.08550305E-03
   234.789993         4.29176167E-03
   234.904999         4.49928595E-03
   235.020004         4.70801629E-03
   235.134995         4.91789263E-03
   235.250000         5.12884837E-03
   235.365005         5.34081552E-03
   235.479996         5.55372285E-03
   235.595001         5.76749444E-03
   235.710007         5.98205067E-03
   235.824997         6.19730866E-03
   235.940002         6.41318318E-03
   236.054993         6.62958436E-03
   236.169998         6.84641907E-03
   236.285004         7.06358952E-03
   236.399994         7.28099793E-03
   236.514999         7.49853905E-03
   236.630005         7.71610765E-03
   236.744995         7.93359615E-03
   236.860001         8.15089047E-03
   236.975006         8.36787838E-03
   237.089996         8.58444348E-03
   237.205002         8.80046561E-03
   237.320007         9.01582744E-03
   237.434998         9.23040695E-03
   237.550003         9.44408216E-03
   237.664993         9.65672918E-03
   237.779999         9.86822601E-03
   237.895004         1.00784497E-02
   238.009995         1.02872765E-02
   238.125000         1.04945842E-02
   238.240005         1.07002519E-02
   238.354996         1.09041585E-02
   238.470001         1.11061856E-02
   238.585007         1.13062151E-02
   238.699997         1.15041304E-02
   238.815002         1.16998181E-02
   238.929993         1.18931681E-02
   239.044998         1.20840706E-02
   239.160004         1.22724213E-02
   239.274994         1.24581121E-02
   239.389999         1.26410481E-02
   239.505005         1.28211286E-02
   239.619995         1.29982615E-02
   239.735001         1.31723583E-02
   239.850006         1.33433286E-02
   239.964996         1.35110933E-02
   240.080002         1.36755742E-02
   240.195007         1.38366977E-02
   240.309998         1.39943920E-02
   240.425003         1.41485948E-02
   240.539993         1.42992437E-02
   240.654999         1.44462828E-02
   240.770004         1.45896599E-02
   240.884995         1.47293266E-02
   241.000000         1.48652401E-02
   241.115005         1.49973594E-02
   241.229996         1.51256509E-02
   241.345001         1.52500831E-02
   241.460007         1.53706260E-02
   241.574997         1.54872537E-02
   241.690002         1.55999484E-02
   241.804993         1.57086886E-02
   241.919998         1.58134587E-02
   242.035004         1.59142464E-02
   242.149994         1.60110369E-02
   242.264999         1.61038227E-02
   242.380005         1.61925964E-02
   242.494995         1.62773468E-02
   242.610001         1.63580719E-02
   242.725006         1.64347664E-02
   242.839996         1.65074226E-02
   242.955002         1.65760368E-02
   243.070007         1.66406054E-02
   243.184998         1.67011209E-02
   243.300003         1.67575832E-02
   243.414993         1.68099813E-02
   243.529999         1.68583170E-02
   243.645004         1.69025864E-02
   243.759995         1.69427842E-02
   243.875000         1.69789083E-02
   243.990005         1.70109570E-02
   244.104996         1.70389302E-02
   244.220001         1.70628335E-02
   244.335007         1.70826670E-02
   244.449997         1.70984417E-02
   244.565002         1.71101652E-02
   244.679993         1.71178561E-02
   244.794998         1.71215329E-02
   244.910004         1.71212144E-02
   245.024994         1.71169322E-02
   245.139999         1.71087161E-02
   245.255005         1.70966107E-02
   245.369995         1.70806553E-02
   245.485001         1.70608982E-02
