   1.0000000e+00   1.6666667e-03
   2.0000000e+00   1.6666667e-03
   3.0000000e+00   1.6666667e-03
   4.0000000e+00   1.6666667e-03
   5.0000000e+00   1.6666667e-03
   6.0000000e+00   1.6666667e-03
   7.0000000e+00   1.6666667e-03
   8.0000000e+00   1.6666667e-03
   9.0000000e+00   1.6666667e-03
   1.0000000e+01   1.6666667e-03
   1.1000000e+01   1.6666667e-03
   1.2000000e+01   1.6666667e-03
   1.3000000e+01   1.6666667e-03
   1.4000000e+01   1.6666667e-03
   1.5000000e+01   1.6666667e-03
   1.6000000e+01   1.6666667e-03
   1.7000000e+01   1.6666667e-03
   1.8000000e+01   1.6666667e-03
   1.9000000e+01   1.6666667e-03
   2.0000000e+01   1.6666667e-03
   2.1000000e+01   1.6666667e-03
   2.2000000e+01   1.6666667e-03
   2.3000000e+01   1.6666667e-03
   2.4000000e+01   1.6666667e-03
   2.5000000e+01   6.8290000e-03
   2.6000000e+01   6.8290000e-03
   2.7000000e+01   6.8290000e-03
   2.8000000e+01   6.8290000e-03
   2.9000000e+01   6.8290000e-03
   3.0000000e+01   6.8290000e-03
   3.1000000e+01   6.8290000e-03
   3.2000000e+01   6.8290000e-03
   3.3000000e+01   6.8290000e-03
   3.4000000e+01   6.8290000e-03
   3.5000000e+01   6.8290000e-03
   3.6000000e+01   6.8290000e-03
   3.7000000e+01   6.8290000e-03
   3.8000000e+01   6.8290000e-03
   3.9000000e+01   6.8290000e-03
   4.0000000e+01   6.8290000e-03
   4.1000000e+01   6.8290000e-03
   4.2000000e+01   6.8290000e-03
   4.3000000e+01   6.8290000e-03
   4.4000000e+01   6.8290000e-03
   4.5000000e+01   6.8290000e-03
   4.6000000e+01   6.8290000e-03
   4.7000000e+01   6.8290000e-03
   4.8000000e+01   6.8290000e-03
   4.9000000e+01   6.8290000e-03
   5.0000000e+01   6.8290000e-03
   5.1000000e+01   6.8290000e-03
   5.2000000e+01   6.8290000e-03
   5.3000000e+01   6.8290000e-03
   5.4000000e+01   6.8290000e-03
   5.5000000e+01   6.8290000e-03
   5.6000000e+01   6.8290000e-03
   5.7000000e+01   6.8290000e-03
   5.8000000e+01   6.8290000e-03
   5.9000000e+01   6.8290000e-03
   6.0000000e+01   6.8290000e-03
   6.1000000e+01   6.8290000e-03
   6.2000000e+01   6.8290000e-03
   6.3000000e+01   6.8290000e-03
   6.4000000e+01   6.8290000e-03
   6.5000000e+01   6.8290000e-03
   6.6000000e+01   6.8290000e-03
   6.7000000e+01   6.8290000e-03
   6.8000000e+01   6.8290000e-03
   6.9000000e+01   6.8290000e-03
   7.0000000e+01   6.8290000e-03
   7.1000000e+01   6.8290000e-03
   7.2000000e+01   6.8290000e-03
   7.3000000e+01   6.8290000e-03
   7.4000000e+01   6.8290000e-03
   7.5000000e+01   6.8290000e-03
   7.6000000e+01   6.8290000e-03
   7.7000000e+01   6.8290000e-03
   7.8000000e+01   6.8290000e-03
   7.9000000e+01   6.8290000e-03
   8.0000000e+01   6.8290000e-03
   8.1000000e+01   6.8290000e-03
   8.2000000e+01   6.8290000e-03
   8.3000000e+01   6.8290000e-03
   8.4000000e+01   6.8290000e-03
   8.5000000e+01   6.8290000e-03
   8.6000000e+01   6.8290000e-03
   8.7000000e+01   6.8290000e-03
   8.8000000e+01   6.8290000e-03
   8.9000000e+01   6.8290000e-03
   9.0000000e+01   6.8290000e-03
   9.1000000e+01   6.8290000e-03
   9.2000000e+01   6.8290000e-03
   9.3000000e+01   6.8290000e-03
   9.4000000e+01   6.8290000e-03
   9.5000000e+01   6.8290000e-03
   9.6000000e+01   6.8290000e-03
   9.7000000e+01   6.8290000e-03
   9.8000000e+01   6.8290000e-03
   9.9000000e+01   6.8290000e-03
   1.0000000e+02   6.8290000e-03
   1.0100000e+02   6.8290000e-03
   1.0200000e+02   6.8290000e-03
   1.0300000e+02   6.8290000e-03
   1.0400000e+02   6.8290000e-03
   1.0500000e+02   6.8290000e-03
   1.0600000e+02   6.8290000e-03
   1.0700000e+02   6.8290000e-03
   1.0800000e+02   6.8290000e-03
   1.0900000e+02   6.8290000e-03
   1.1000000e+02   6.8290000e-03
   1.1100000e+02   6.8290000e-03
   1.1200000e+02   6.8290000e-03
   1.1300000e+02   6.8290000e-03
   1.1400000e+02   6.8290000e-03
   1.1500000e+02   6.8290000e-03
   1.1600000e+02   6.8290000e-03
   1.1700000e+02   6.8290000e-03
   1.1800000e+02   6.8290000e-03
   1.1900000e+02   6.8290000e-03
   1.2000000e+02   6.8290000e-03
   1.2100000e+02   6.8290000e-03
   1.2200000e+02   6.8290000e-03
   1.2300000e+02   6.8290000e-03
   1.2400000e+02   6.8290000e-03
   1.2500000e+02   6.8290000e-03
   1.2600000e+02   6.8290000e-03
   1.2700000e+02   6.8290000e-03
   1.2800000e+02   6.8290000e-03
   1.2900000e+02   6.8290000e-03
   1.3000000e+02   6.8290000e-03
   1.3100000e+02   6.8290000e-03
   1.3200000e+02   6.8290000e-03
   1.3300000e+02   6.8290000e-03
   1.3400000e+02   6.8290000e-03
   1.3500000e+02   6.8290000e-03
   1.3600000e+02   6.8290000e-03
   1.3700000e+02   6.8290000e-03
   1.3800000e+02   6.8290000e-03
   1.3900000e+02   6.8290000e-03
   1.4000000e+02   6.8290000e-03
   1.4100000e+02   6.8290000e-03
   1.4200000e+02   6.8290000e-03
   1.4300000e+02   6.8290000e-03
   1.4400000e+02   6.8290000e-03
   1.4500000e+02   6.8290000e-03
   1.4600000e+02   6.8290000e-03
   1.4700000e+02   6.8290000e-03
   1.4800000e+02   6.8290000e-03
   1.4900000e+02   6.8290000e-03
   1.5000000e+02   6.8290000e-03
   1.5100000e+02   6.8290000e-03
   1.5200000e+02   6.8290000e-03
   1.5300000e+02   6.8290000e-03
   1.5400000e+02   6.8290000e-03
   1.5500000e+02   6.8290000e-03
   1.5600000e+02   6.8290000e-03
   1.5700000e+02   6.8290000e-03
   1.5800000e+02   6.8290000e-03
   1.5900000e+02   6.8290000e-03
   1.6000000e+02   6.8290000e-03
   1.6100000e+02   6.8290000e-03
   1.6200000e+02   6.8290000e-03
   1.6300000e+02   6.8290000e-03
   1.6400000e+02   6.8290000e-03
   1.6500000e+02   6.8290000e-03
   1.6600000e+02   6.8290000e-03
   1.6700000e+02   6.8290000e-03
   1.6800000e+02   6.8290000e-03
   1.6900000e+02   6.8290000e-03
   1.7000000e+02   6.8290000e-03
   1.7100000e+02   6.8290000e-03
   1.7200000e+02   6.8290000e-03
   1.7300000e+02   6.8290000e-03
   1.7400000e+02   6.8290000e-03
   1.7500000e+02   6.8290000e-03
   1.7600000e+02   6.8290000e-03
   1.7700000e+02   6.8290000e-03
   1.7800000e+02   6.8290000e-03
   1.7900000e+02   6.8290000e-03
   1.8000000e+02   6.8290000e-03
   1.8100000e+02   6.8290000e-03
   1.8200000e+02   6.8290000e-03
   1.8300000e+02   6.8290000e-03
   1.8400000e+02   6.8290000e-03
   1.8500000e+02   6.8290000e-03
   1.8600000e+02   6.8290000e-03
   1.8700000e+02   6.8290000e-03
   1.8800000e+02   6.8290000e-03
   1.8900000e+02   6.8290000e-03
   1.9000000e+02   6.8290000e-03
   1.9100000e+02   6.8290000e-03
   1.9200000e+02   6.8290000e-03
   1.9300000e+02   6.8290000e-03
   1.9400000e+02   6.8290000e-03
   1.9500000e+02   6.8290000e-03
   1.9600000e+02   6.8290000e-03
   1.9700000e+02   6.8290000e-03
   1.9800000e+02   6.8290000e-03
   1.9900000e+02   6.8290000e-03
   2.0000000e+02   6.8290000e-03
   2.0100000e+02   6.8290000e-03
   2.0200000e+02   6.8290000e-03
   2.0300000e+02   6.8290000e-03
   2.0400000e+02   6.8290000e-03
   2.0500000e+02   6.8290000e-03
   2.0600000e+02   6.8290000e-03
   2.0700000e+02   6.8290000e-03
   2.0800000e+02   6.8290000e-03
   2.0900000e+02   6.8290000e-03
   2.1000000e+02   6.8290000e-03
   2.1100000e+02   6.8290000e-03
   2.1200000e+02   6.8290000e-03
   2.1300000e+02   6.8290000e-03
   2.1400000e+02   6.8290000e-03
   2.1500000e+02   6.8290000e-03
   2.1600000e+02   6.8290000e-03
   2.1700000e+02   6.8290000e-03
   2.1800000e+02   6.8290000e-03
   2.1900000e+02   6.8290000e-03
   2.2000000e+02   6.8290000e-03
   2.2100000e+02   6.8290000e-03
   2.2200000e+02   6.8290000e-03
   2.2300000e+02   6.8290000e-03
   2.2400000e+02   6.8290000e-03
   2.2500000e+02   6.8290000e-03
   2.2600000e+02   6.8290000e-03
   2.2700000e+02   6.8290000e-03
   2.2800000e+02   6.8290000e-03
   2.2900000e+02   6.8290000e-03
   2.3000000e+02   6.8290000e-03
   2.3100000e+02   6.8290000e-03
   2.3200000e+02   6.8290000e-03
   2.3300000e+02   6.8290000e-03
   2.3400000e+02   6.8290000e-03
   2.3500000e+02   6.8290000e-03
   2.3600000e+02   6.8290000e-03
   2.3700000e+02   6.8290000e-03
   2.3800000e+02   6.8290000e-03
   2.3900000e+02   6.8290000e-03
   2.4000000e+02   6.8290000e-03
   2.4100000e+02   6.8290000e-03
   2.4200000e+02   6.8290000e-03
   2.4300000e+02   6.8290000e-03
   2.4400000e+02   6.8290000e-03
   2.4500000e+02   6.8290000e-03
   2.4600000e+02   6.8290000e-03
   2.4700000e+02   6.8290000e-03
   2.4800000e+02   6.8290000e-03
   2.4900000e+02   6.8290000e-03
   2.5000000e+02   6.8290000e-03
   2.5100000e+02   6.8290000e-03
   2.5200000e+02   6.8290000e-03
   2.5300000e+02   6.8290000e-03
   2.5400000e+02   6.8290000e-03
   2.5500000e+02   6.8290000e-03
   2.5600000e+02   6.8290000e-03
   2.5700000e+02   6.8290000e-03
   2.5800000e+02   6.8290000e-03
   2.5900000e+02   6.8290000e-03
   2.6000000e+02   6.8290000e-03
   2.6100000e+02   6.8290000e-03
   2.6200000e+02   6.8290000e-03
   2.6300000e+02   6.8290000e-03
   2.6400000e+02   6.8290000e-03
   2.6500000e+02   6.8290000e-03
   2.6600000e+02   6.8290000e-03
   2.6700000e+02   6.8290000e-03
   2.6800000e+02   6.8290000e-03
   2.6900000e+02   6.8290000e-03
   2.7000000e+02   6.8290000e-03
   2.7100000e+02   6.8290000e-03
   2.7200000e+02   6.8290000e-03
   2.7300000e+02   6.8290000e-03
   2.7400000e+02   6.8290000e-03
   2.7500000e+02   6.8290000e-03
   2.7600000e+02   6.8290000e-03
   2.7700000e+02   6.8290000e-03
   2.7800000e+02   6.8290000e-03
   2.7900000e+02   6.8290000e-03
   2.8000000e+02   6.8290000e-03
   2.8100000e+02   6.8290000e-03
   2.8200000e+02   6.8290000e-03
   2.8300000e+02   6.8290000e-03
   2.8400000e+02   6.8290000e-03
   2.8500000e+02   6.8290000e-03
   2.8600000e+02   6.8290000e-03
   2.8700000e+02   6.8290000e-03
   2.8800000e+02   6.8290000e-03
   2.8900000e+02   6.8290000e-03
   2.9000000e+02   6.8290000e-03
   2.9100000e+02   6.8290000e-03
   2.9200000e+02   6.8290000e-03
   2.9300000e+02   6.8290000e-03
   2.9400000e+02   6.8290000e-03
   2.9500000e+02   6.8290000e-03
   2.9600000e+02   6.8290000e-03
   2.9700000e+02   6.8290000e-03
   2.9800000e+02   6.8290000e-03
   2.9900000e+02   6.8290000e-03
   3.0000000e+02   6.8290000e-03
   3.0100000e+02   6.8290000e-03
   3.0200000e+02   6.8290000e-03
   3.0300000e+02   6.8290000e-03
   3.0400000e+02   6.8290000e-03
   3.0500000e+02   6.8290000e-03
   3.0600000e+02   6.8290000e-03
   3.0700000e+02   6.8290000e-03
   3.0800000e+02   6.8290000e-03
   3.0900000e+02   6.8290000e-03
   3.1000000e+02   6.8290000e-03
   3.1100000e+02   6.8290000e-03
   3.1200000e+02   6.8290000e-03
   3.1300000e+02   6.8290000e-03
   3.1400000e+02   6.8290000e-03
   3.1500000e+02   6.8290000e-03
   3.1600000e+02   6.8290000e-03
   3.1700000e+02   6.8290000e-03
   3.1800000e+02   6.8290000e-03
   3.1900000e+02   6.8290000e-03
   3.2000000e+02   6.8290000e-03
   3.2100000e+02   6.8290000e-03
   3.2200000e+02   6.8290000e-03
   3.2300000e+02   6.8290000e-03
   3.2400000e+02   6.8290000e-03
   3.2500000e+02   6.8290000e-03
   3.2600000e+02   6.8290000e-03
   3.2700000e+02   6.8290000e-03
   3.2800000e+02   6.8290000e-03
   3.2900000e+02   6.8290000e-03
   3.3000000e+02   6.8290000e-03
   3.3100000e+02   6.8290000e-03
   3.3200000e+02   6.8290000e-03
   3.3300000e+02   6.8290000e-03
   3.3400000e+02   6.8290000e-03
   3.3500000e+02   6.8290000e-03
   3.3600000e+02   6.8290000e-03
   3.3700000e+02   6.8290000e-03
   3.3800000e+02   6.8290000e-03
   3.3900000e+02   6.8290000e-03
   3.4000000e+02   6.8290000e-03
   3.4100000e+02   6.8290000e-03
   3.4200000e+02   6.8290000e-03
   3.4300000e+02   6.8290000e-03
   3.4400000e+02   6.8290000e-03
   3.4500000e+02   6.8290000e-03
   3.4600000e+02   6.8290000e-03
   3.4700000e+02   6.8290000e-03
   3.4800000e+02   6.8290000e-03
   3.4900000e+02   6.8290000e-03
   3.5000000e+02   6.8290000e-03
   3.5100000e+02   6.8290000e-03
   3.5200000e+02   6.8290000e-03
   3.5300000e+02   6.8290000e-03
   3.5400000e+02   6.8290000e-03
   3.5500000e+02   6.8290000e-03
   3.5600000e+02   6.8290000e-03
   3.5700000e+02   6.8290000e-03
   3.5800000e+02   6.8290000e-03
   3.5900000e+02   6.8290000e-03
   3.6000000e+02   6.8290000e-03
   3.6100000e+02   6.8290000e-03
   3.6200000e+02   6.8290000e-03
   3.6300000e+02   6.8290000e-03
   3.6400000e+02   6.8290000e-03
   3.6500000e+02   6.8290000e-03
   3.6600000e+02   6.8290000e-03
   3.6700000e+02   6.8290000e-03
   3.6800000e+02   6.8290000e-03
   3.6900000e+02   6.8290000e-03
   3.7000000e+02   6.8290000e-03
   3.7100000e+02   6.8290000e-03
   3.7200000e+02   6.8290000e-03
   3.7300000e+02   6.8290000e-03
   3.7400000e+02   6.8290000e-03
   3.7500000e+02   6.8290000e-03
   3.7600000e+02   6.8290000e-03
   3.7700000e+02   6.8290000e-03
   3.7800000e+02   6.8290000e-03
   3.7900000e+02   6.8290000e-03
   3.8000000e+02   6.8290000e-03
   3.8100000e+02   6.8290000e-03
   3.8200000e+02   6.8290000e-03
   3.8300000e+02   6.8290000e-03
   3.8400000e+02   6.8290000e-03
   3.8500000e+02   6.8290000e-03
   3.8600000e+02   6.8290000e-03
   3.8700000e+02   6.8290000e-03
   3.8800000e+02   6.8290000e-03
   3.8900000e+02   6.8290000e-03
   3.9000000e+02   6.8290000e-03
   3.9100000e+02   6.8290000e-03
   3.9200000e+02   6.8290000e-03
   3.9300000e+02   6.8290000e-03
   3.9400000e+02   6.8290000e-03
   3.9500000e+02   6.8290000e-03
   3.9600000e+02   6.8290000e-03
   3.9700000e+02   6.8290000e-03
   3.9800000e+02   6.8290000e-03
   3.9900000e+02   6.8290000e-03
   4.0000000e+02   6.8290000e-03
   4.0100000e+02   6.8290000e-03
   4.0200000e+02   6.8290000e-03
   4.0300000e+02   6.8290000e-03
   4.0400000e+02   6.8290000e-03
   4.0500000e+02   6.8290000e-03
   4.0600000e+02   6.8290000e-03
   4.0700000e+02   6.8290000e-03
   4.0800000e+02   6.8290000e-03
   4.0900000e+02   6.8290000e-03
   4.1000000e+02   6.8290000e-03
   4.1100000e+02   6.8290000e-03
   4.1200000e+02   6.8290000e-03
   4.1300000e+02   6.8290000e-03
   4.1400000e+02   6.8290000e-03
   4.1500000e+02   6.8290000e-03
   4.1600000e+02   6.8290000e-03
   4.1700000e+02   6.8290000e-03
   4.1800000e+02   6.8290000e-03
   4.1900000e+02   6.8290000e-03
   4.2000000e+02   6.8290000e-03
   4.2100000e+02   6.8290000e-03
   4.2200000e+02   6.8290000e-03
   4.2300000e+02   6.8290000e-03
   4.2400000e+02   6.8290000e-03
   4.2500000e+02   6.8290000e-03
   4.2600000e+02   6.8290000e-03
   4.2700000e+02   6.8290000e-03
   4.2800000e+02   6.8290000e-03
   4.2900000e+02   6.8290000e-03
   4.3000000e+02   6.8290000e-03
   4.3100000e+02   6.8290000e-03
   4.3200000e+02   6.8290000e-03
   4.3300000e+02   6.8290000e-03
   4.3400000e+02   6.8290000e-03
   4.3500000e+02   6.8290000e-03
   4.3600000e+02   6.8290000e-03
   4.3700000e+02   6.8290000e-03
   4.3800000e+02   6.8290000e-03
   4.3900000e+02   6.8290000e-03
   4.4000000e+02   6.8290000e-03
   4.4100000e+02   6.8290000e-03
   4.4200000e+02   6.8290000e-03
   4.4300000e+02   6.8290000e-03
   4.4400000e+02   6.8290000e-03
   4.4500000e+02   6.8290000e-03
   4.4600000e+02   6.8290000e-03
   4.4700000e+02   6.8290000e-03
   4.4800000e+02   6.8290000e-03
   4.4900000e+02   6.8290000e-03
   4.5000000e+02   6.8290000e-03
   4.5100000e+02   6.8290000e-03
   4.5200000e+02   6.8290000e-03
   4.5300000e+02   6.8290000e-03
   4.5400000e+02   6.8290000e-03
   4.5500000e+02   6.8290000e-03
   4.5600000e+02   6.8290000e-03
   4.5700000e+02   6.8290000e-03
   4.5800000e+02   6.8290000e-03
   4.5900000e+02   6.8290000e-03
   4.6000000e+02   6.8290000e-03
   4.6100000e+02   6.8290000e-03
   4.6200000e+02   6.8290000e-03
   4.6300000e+02   6.8290000e-03
   4.6400000e+02   6.8290000e-03
   4.6500000e+02   6.8290000e-03
   4.6600000e+02   6.8290000e-03
   4.6700000e+02   6.8290000e-03
   4.6800000e+02   6.8290000e-03
   4.6900000e+02   6.8290000e-03
   4.7000000e+02   6.8290000e-03
   4.7100000e+02   6.8290000e-03
   4.7200000e+02   6.8290000e-03
   4.7300000e+02   6.8290000e-03
   4.7400000e+02   6.8290000e-03
   4.7500000e+02   6.8290000e-03
   4.7600000e+02   6.8290000e-03
   4.7700000e+02   6.8290000e-03
   4.7800000e+02   6.8290000e-03
   4.7900000e+02   6.8290000e-03
   4.8000000e+02   6.8290000e-03
   4.8100000e+02   6.8290000e-03
   4.8200000e+02   6.8290000e-03
   4.8300000e+02   6.8290000e-03
   4.8400000e+02   6.8290000e-03
   4.8500000e+02   6.8290000e-03
   4.8600000e+02   6.8290000e-03
   4.8700000e+02   6.8290000e-03
   4.8800000e+02   6.8290000e-03
   4.8900000e+02   6.8290000e-03
   4.9000000e+02   6.8290000e-03
   4.9100000e+02   6.8290000e-03
   4.9200000e+02   6.8290000e-03
   4.9300000e+02   6.8290000e-03
   4.9400000e+02   6.8290000e-03
   4.9500000e+02   6.8290000e-03
   4.9600000e+02   6.8290000e-03
   4.9700000e+02   6.8290000e-03
   4.9800000e+02   6.8290000e-03
   4.9900000e+02   6.8290000e-03
   5.0000000e+02   6.8290000e-03
   5.0100000e+02   6.8290000e-03
   5.0200000e+02   6.8290000e-03
   5.0300000e+02   6.8290000e-03
   5.0400000e+02   6.8290000e-03
   5.0500000e+02   6.8290000e-03
   5.0600000e+02   6.8290000e-03
   5.0700000e+02   6.8290000e-03
   5.0800000e+02   6.8290000e-03
   5.0900000e+02   6.8290000e-03
   5.1000000e+02   6.8290000e-03
   5.1100000e+02   6.8290000e-03
   5.1200000e+02   6.8290000e-03
   5.1300000e+02   6.8290000e-03
   5.1400000e+02   6.8290000e-03
   5.1500000e+02   6.8290000e-03
   5.1600000e+02   6.8290000e-03
   5.1700000e+02   6.8290000e-03
   5.1800000e+02   6.8290000e-03
   5.1900000e+02   6.8290000e-03
   5.2000000e+02   6.8290000e-03
   5.2100000e+02   6.8290000e-03
   5.2200000e+02   6.8290000e-03
   5.2300000e+02   6.8290000e-03
   5.2400000e+02   6.8290000e-03
   5.2500000e+02   6.8290000e-03
   5.2600000e+02   6.8290000e-03
   5.2700000e+02   6.8290000e-03
   5.2800000e+02   6.8290000e-03
   5.2900000e+02   6.8290000e-03
   5.3000000e+02   6.8290000e-03
   5.3100000e+02   6.8290000e-03
   5.3200000e+02   6.8290000e-03
   5.3300000e+02   6.8290000e-03
   5.3400000e+02   6.8290000e-03
   5.3500000e+02   6.8290000e-03
   5.3600000e+02   6.8290000e-03
   5.3700000e+02   6.8290000e-03
   5.3800000e+02   6.8290000e-03
   5.3900000e+02   6.8290000e-03
   5.4000000e+02   6.8290000e-03
   5.4100000e+02   6.8290000e-03
   5.4200000e+02   6.8290000e-03
   5.4300000e+02   6.8290000e-03
   5.4400000e+02   6.8290000e-03
   5.4500000e+02   6.8290000e-03
   5.4600000e+02   6.8290000e-03
   5.4700000e+02   6.8290000e-03
   5.4800000e+02   6.8290000e-03
   5.4900000e+02   6.8290000e-03
   5.5000000e+02   6.8290000e-03
   5.5100000e+02   6.8290000e-03
   5.5200000e+02   6.8290000e-03
   5.5300000e+02   6.8290000e-03
   5.5400000e+02   6.8290000e-03
   5.5500000e+02   6.8290000e-03
   5.5600000e+02   6.8290000e-03
   5.5700000e+02   6.8290000e-03
   5.5800000e+02   6.8290000e-03
   5.5900000e+02   6.8290000e-03
   5.6000000e+02   6.8290000e-03
   5.6100000e+02   6.8290000e-03
   5.6200000e+02   6.8290000e-03
   5.6300000e+02   6.8290000e-03
   5.6400000e+02   6.8290000e-03
   5.6500000e+02   6.8290000e-03
   5.6600000e+02   6.8290000e-03
   5.6700000e+02   6.8290000e-03
   5.6800000e+02   6.8290000e-03
   5.6900000e+02   6.8290000e-03
   5.7000000e+02   6.8290000e-03
   5.7100000e+02   6.8290000e-03
   5.7200000e+02   6.8290000e-03
   5.7300000e+02   6.8290000e-03
   5.7400000e+02   6.8290000e-03
   5.7500000e+02   6.8290000e-03
   5.7600000e+02   6.8290000e-03
   5.7700000e+02   6.8290000e-03
   5.7800000e+02   6.8290000e-03
   5.7900000e+02   6.8290000e-03
   5.8000000e+02   6.8290000e-03
   5.8100000e+02   6.8290000e-03
   5.8200000e+02   6.8290000e-03
   5.8300000e+02   6.8290000e-03
   5.8400000e+02   6.8290000e-03
   5.8500000e+02   6.8290000e-03
   5.8600000e+02   6.8290000e-03
   5.8700000e+02   6.8290000e-03
   5.8800000e+02   6.8290000e-03
   5.8900000e+02   6.8290000e-03
   5.9000000e+02   6.8290000e-03
   5.9100000e+02   6.8290000e-03
   5.9200000e+02   6.8290000e-03
   5.9300000e+02   6.8290000e-03
   5.9400000e+02   6.8290000e-03
   5.9500000e+02   6.8290000e-03
   5.9600000e+02   6.8290000e-03
   5.9700000e+02   6.8290000e-03
   5.9800000e+02   6.8290000e-03
   5.9900000e+02   6.8290000e-03
   6.0000000e+02   6.8290000e-03
   6.0100000e+02   6.8290000e-03
   6.0200000e+02   6.8290000e-03
   6.0300000e+02   6.8290000e-03
   6.0400000e+02   6.8290000e-03
   6.0500000e+02   6.8290000e-03
   6.0600000e+02   6.8290000e-03
   6.0700000e+02   6.8290000e-03
   6.0800000e+02   6.8290000e-03
   6.0900000e+02   6.8290000e-03
   6.1000000e+02   6.8290000e-03
   6.1100000e+02   6.8290000e-03
   6.1200000e+02   6.8290000e-03
   6.1300000e+02   6.8290000e-03
   6.1400000e+02   6.8290000e-03
   6.1500000e+02   6.8290000e-03
   6.1600000e+02   6.8290000e-03
   6.1700000e+02   6.8290000e-03
   6.1800000e+02   6.8290000e-03
   6.1900000e+02   6.8290000e-03
   6.2000000e+02   6.8290000e-03
   6.2100000e+02   6.8290000e-03
   6.2200000e+02   6.8290000e-03
   6.2300000e+02   6.8290000e-03
   6.2400000e+02   6.8290000e-03
   6.2500000e+02   6.8290000e-03
   6.2600000e+02   6.8290000e-03
   6.2700000e+02   6.8290000e-03
   6.2800000e+02   6.8290000e-03
   6.2900000e+02   6.8290000e-03
   6.3000000e+02   6.8290000e-03
   6.3100000e+02   6.8290000e-03
   6.3200000e+02   6.8290000e-03
   6.3300000e+02   6.8290000e-03
   6.3400000e+02   6.8290000e-03
   6.3500000e+02   6.8290000e-03
   6.3600000e+02   6.8290000e-03
   6.3700000e+02   6.8290000e-03
   6.3800000e+02   6.8290000e-03
   6.3900000e+02   6.8290000e-03
   6.4000000e+02   6.8290000e-03
   6.4100000e+02   6.8290000e-03
   6.4200000e+02   6.8290000e-03
   6.4300000e+02   6.8290000e-03
   6.4400000e+02   6.8290000e-03
   6.4500000e+02   6.8290000e-03
   6.4600000e+02   6.8290000e-03
   6.4700000e+02   6.8290000e-03
   6.4800000e+02   6.8290000e-03
   6.4900000e+02   6.8290000e-03
   6.5000000e+02   6.8290100e-03
   6.5100000e+02   6.8290100e-03
   6.5200000e+02   6.8290100e-03
   6.5300000e+02   6.8290100e-03
   6.5400000e+02   6.8290100e-03
   6.5500000e+02   6.8290100e-03
   6.5600000e+02   6.8290100e-03
   6.5700000e+02   6.8290200e-03
   6.5800000e+02   6.8290200e-03
   6.5900000e+02   6.8290200e-03
   6.6000000e+02   6.8290200e-03
   6.6100000e+02   6.8290300e-03
   6.6200000e+02   6.8290300e-03
   6.6300000e+02   6.8290300e-03
   6.6400000e+02   6.8290400e-03
   6.6500000e+02   6.8290400e-03
   6.6600000e+02   6.8290400e-03
   6.6700000e+02   6.8290500e-03
   6.6800000e+02   6.8290500e-03
   6.6900000e+02   6.8290600e-03
   6.7000000e+02   6.8290600e-03
   6.7010000e+02   3.2052412e-03
   6.7631200e+02   3.2052412e-03
   6.8262500e+02   3.2052412e-03
   6.8893800e+02   3.2052412e-03
   6.9525000e+02   3.2052412e-03
   7.0156200e+02   3.2052412e-03
   7.0787500e+02   3.2052412e-03
   7.1418800e+02   3.2052412e-03
   7.2050000e+02   3.2052412e-03
   7.2681200e+02   3.2052412e-03
   7.3312500e+02   3.2052412e-03
   7.3943800e+02   3.2052412e-03
   7.4575000e+02   3.2052412e-03
   7.5206200e+02   3.2052412e-03
   7.5837500e+02   3.2052412e-03
   7.6468800e+02   3.2052412e-03
   7.7100000e+02   3.2052412e-03
   7.7100000e+02   3.2052412e-03
   7.8047100e+02   3.2052412e-03
   7.8994200e+02   3.2052412e-03
   7.9941400e+02   3.2052412e-03
   8.0888500e+02   3.2052412e-03
   8.1835600e+02   3.2052412e-03
   8.2782700e+02   3.2052412e-03
   8.3729800e+02   3.2052412e-03
   8.4676900e+02   3.2052412e-03
   8.5624000e+02   3.2052412e-03
   8.6571100e+02   3.2052412e-03
   8.7518300e+02   3.2052412e-03
   8.8465400e+02   3.2052412e-03
   8.9412500e+02   3.2052412e-03
   9.0359600e+02   3.2052412e-03
   9.1306700e+02   3.2052412e-03
   9.2253900e+02   3.2052412e-03
   9.3201000e+02   3.2052412e-03
   9.4148100e+02   3.2052412e-03
   9.5095200e+02   3.2052412e-03
   9.6042300e+02   3.2052412e-03
   9.6989400e+02   3.2052412e-03
   9.7936500e+02   3.2052412e-03
   9.8883600e+02   3.2052412e-03
   9.9830800e+02   3.2052412e-03
   1.0077800e+03   3.2052412e-03
   1.0172500e+03   3.2052412e-03
   1.0267200e+03   3.2052412e-03
   1.0361900e+03   3.2052412e-03
   1.0456600e+03   3.2052412e-03
   1.0551300e+03   3.2052412e-03
   1.0646100e+03   3.2052412e-03
   1.0740800e+03   3.2052412e-03
   1.0835500e+03   3.2052412e-03
   1.0930200e+03   3.2052412e-03
   1.1024900e+03   3.2052412e-03
   1.1119600e+03   3.2052412e-03
   1.1214300e+03   3.2052412e-03
   1.1309000e+03   3.2052412e-03
   1.1403800e+03   3.2052412e-03
   1.1498500e+03   3.2052412e-03
   1.1593200e+03   3.2052412e-03
   1.1687900e+03   3.2052412e-03
   1.1782600e+03   3.2052412e-03
   1.1877300e+03   3.2052412e-03
   1.1972000e+03   3.2052412e-03
   1.2066700e+03   3.2052412e-03
   1.2161400e+03   3.2052412e-03
   1.2256200e+03   3.2052412e-03
   1.2350900e+03   3.2052412e-03
   1.2445600e+03   3.2052412e-03
   1.2540300e+03   3.2052412e-03
   1.2635000e+03   3.2052412e-03
   1.2729700e+03   3.2052412e-03
   1.2824400e+03   3.2052412e-03
   1.2919100e+03   3.2052412e-03
   1.3013800e+03   3.2052412e-03
   1.3108600e+03   3.2052412e-03
   1.3203300e+03   3.2052412e-03
   1.3298000e+03   3.2052412e-03
   1.3392700e+03   3.2052412e-03
   1.3487400e+03   3.2052412e-03
   1.3582100e+03   3.2052412e-03
   1.3676800e+03   3.2052412e-03
   1.3771500e+03   3.2052412e-03
   1.3866200e+03   3.2052412e-03
   1.3961000e+03   3.2052412e-03
   1.4055700e+03   3.2052412e-03
   1.4150400e+03   3.2052412e-03
   1.4245100e+03   3.2052412e-03
   1.4339800e+03   3.2052412e-03
   1.4434500e+03   3.2052412e-03
   1.4529200e+03   3.2052412e-03
   1.4623900e+03   3.2052412e-03
   1.4718700e+03   3.2052412e-03
   1.4813400e+03   3.2052412e-03
   1.4908100e+03   3.2052412e-03
   1.5002800e+03   3.2052412e-03
   1.5097500e+03   3.2052412e-03
   1.5192200e+03   3.2052412e-03
   1.5286900e+03   3.2052412e-03
   1.5381600e+03   3.2052412e-03
   1.5476300e+03   3.2052412e-03
   1.5571100e+03   3.2052412e-03
   1.5665800e+03   3.2052412e-03
   1.5760500e+03   3.2052412e-03
   1.5855200e+03   3.2052412e-03
   1.5949900e+03   3.2052412e-03
   1.6044600e+03   3.2052412e-03
   1.6139300e+03   3.2052412e-03
   1.6234000e+03   3.2052412e-03
   1.6328800e+03   3.2052412e-03
   1.6423500e+03   3.2052412e-03
   1.6518200e+03   3.2052412e-03
   1.6612900e+03   3.2052412e-03
   1.6707600e+03   3.2052412e-03
   1.6802300e+03   3.2052412e-03
   1.6897000e+03   3.2052412e-03
   1.6991700e+03   3.2052412e-03
   1.7086400e+03   3.2052412e-03
   1.7181200e+03   3.2052412e-03
   1.7275900e+03   3.2052412e-03
   1.7370600e+03   3.2052412e-03
   1.7465300e+03   3.2052412e-03
   1.7560000e+03   3.2052412e-03
   1.7654700e+03   3.2052412e-03
   1.7749400e+03   3.2052412e-03
   1.7844100e+03   3.2052412e-03
   1.7938800e+03   3.2052412e-03
   1.8033600e+03   3.2052412e-03
   1.8128300e+03   3.2052412e-03
   1.8223000e+03   3.2052412e-03
   1.8317700e+03   3.2052412e-03
   1.8412400e+03   3.2052412e-03
   1.8507100e+03   3.2052412e-03
   1.8601800e+03   3.2052412e-03
   1.8696500e+03   3.2052412e-03
   1.8791200e+03   3.2052412e-03
   1.8886000e+03   3.2052412e-03
   1.8980700e+03   3.2052412e-03
   1.9075400e+03   3.2052412e-03
   1.9170100e+03   3.2052412e-03
   1.9264800e+03   3.2052412e-03
   1.9359500e+03   3.2052412e-03
   1.9454200e+03   3.2052412e-03
   1.9548900e+03   3.2052412e-03
   1.9643700e+03   3.2052412e-03
   1.9738400e+03   3.2052412e-03
   1.9833100e+03   3.2052412e-03
   1.9927800e+03   3.2052412e-03
   2.0022500e+03   3.2052412e-03
   2.0117200e+03   3.2052412e-03
   2.0211900e+03   3.2052412e-03
   2.0306600e+03   3.2052412e-03
   2.0401300e+03   3.2052412e-03
   2.0496100e+03   3.2052412e-03
   2.0590800e+03   3.2052412e-03
   2.0685500e+03   3.2052412e-03
   2.0780200e+03   3.2052412e-03
   2.0874900e+03   3.2052412e-03
   2.0969600e+03   3.2052412e-03
   2.1064300e+03   3.2052412e-03
   2.1159000e+03   3.2052412e-03
   2.1253800e+03   3.2052412e-03
   2.1348500e+03   3.2052412e-03
   2.1443200e+03   3.2052412e-03
   2.1537900e+03   3.2052412e-03
   2.1632600e+03   3.2052412e-03
   2.1727300e+03   3.2052412e-03
   2.1822000e+03   3.2052412e-03
   2.1916700e+03   3.2052412e-03
   2.2011400e+03   3.2052412e-03
   2.2106200e+03   3.2052412e-03
   2.2200900e+03   3.2052412e-03
   2.2295600e+03   3.2052412e-03
   2.2390300e+03   3.2052412e-03
   2.2485000e+03   3.2052412e-03
   2.2579700e+03   3.2052412e-03
   2.2674400e+03   3.2052412e-03
   2.2769100e+03   3.2052412e-03
   2.2863800e+03   3.2052412e-03
   2.2958600e+03   3.2052412e-03
   2.3053300e+03   3.2052412e-03
   2.3148000e+03   3.2052412e-03
   2.3242700e+03   3.2052412e-03
   2.3337400e+03   3.2052412e-03
   2.3432100e+03   3.2052412e-03
   2.3526800e+03   3.2052412e-03
   2.3621500e+03   3.2052412e-03
   2.3716200e+03   3.2052412e-03
   2.3811000e+03   3.2052412e-03
   2.3905700e+03   3.2052412e-03
   2.4000400e+03   3.2052412e-03
   2.4095100e+03   3.2052412e-03
   2.4189800e+03   3.2052412e-03
   2.4284500e+03   3.2052412e-03
   2.4379200e+03   3.2052412e-03
   2.4473900e+03   3.2052412e-03
   2.4568700e+03   3.2052412e-03
   2.4663400e+03   3.2052412e-03
   2.4758100e+03   3.2052412e-03
   2.4852800e+03   3.2052412e-03
   2.4947500e+03   3.2052412e-03
   2.5042200e+03   3.2052412e-03
   2.5136900e+03   3.2052412e-03
   2.5231600e+03   3.2052412e-03
   2.5326300e+03   3.2052412e-03
   2.5421100e+03   3.2052412e-03
   2.5515800e+03   3.2052412e-03
   2.5610500e+03   3.2052412e-03
   2.5705200e+03   3.2052412e-03
   2.5799900e+03   3.2052412e-03
   2.5894600e+03   3.2052412e-03
   2.5989300e+03   3.2052412e-03
   2.6084000e+03   3.2052412e-03
   2.6178800e+03   3.2052412e-03
   2.6273500e+03   3.2052412e-03
   2.6368200e+03   3.2052412e-03
   2.6462900e+03   3.2052412e-03
   2.6557600e+03   3.2052412e-03
   2.6652300e+03   3.2052412e-03
   2.6747000e+03   3.2052412e-03
   2.6841700e+03   3.2052412e-03
   2.6936400e+03   3.2052412e-03
   2.7031200e+03   3.2052412e-03
   2.7125900e+03   3.2052412e-03
   2.7220600e+03   3.2052412e-03
   2.7315300e+03   3.2052412e-03
   2.7410000e+03   3.2052412e-03
   2.7410000e+03   3.2052412e-03
   2.7503800e+03   3.2052412e-03
   2.7597600e+03   3.2052412e-03
   2.7691300e+03   3.2052412e-03
   2.7785100e+03   3.2052412e-03
   2.7878900e+03   3.2052412e-03
   2.7972700e+03   3.2052412e-03
   2.8066400e+03   3.2052412e-03
   2.8160200e+03   3.2052412e-03
   2.8254000e+03   3.2052412e-03
   2.8347800e+03   3.2052412e-03
   2.8441500e+03   3.2052412e-03
   2.8535300e+03   3.2052412e-03
   2.8629100e+03   3.2052412e-03
   2.8722900e+03   3.2052412e-03
   2.8816600e+03   3.2052412e-03
   2.8910400e+03   3.2052412e-03 
