  -4.50000000         0.00000000    
  -4.37500000         0.00000000    
  -4.25000000         0.00000000    
  -4.12500000         0.00000000    
  -4.00000000         0.00000000    
  -3.87500000         0.00000000    
  -3.75000000        -2.05356971E-33
  -3.62500000        -6.04507080E-32
  -3.50000000         2.80168852E-32
  -3.37500000         9.39190082E-31
  -3.25000000         1.78744937E-30
  -3.12500000         8.07198015E-30
  -3.00000000         5.49610212E-29
  -2.87500000         1.78190674E-28
  -2.75000000         3.49058384E-28
  -2.62500000         3.18466864E-28
  -2.50000000        -5.18513545E-28
  -2.37500000        -3.00366166E-27
  -2.25000000        -7.38808759E-27
  -2.12500000        -1.14580960E-26
  -2.00000000        -8.01821643E-27
  -1.87500000         1.63882094E-26
  -1.75000000         7.77793556E-26
  -1.62500000         1.81550902E-25
  -1.50000000         2.97825486E-25
  -1.37500000         3.31203522E-25
  -1.25000000         1.03775416E-25
  -1.12500000        -6.16496622E-25
  -1.00000000        -2.00721989E-24
 -0.875000000        -3.99077593E-24
 -0.750000000        -5.98913060E-24
 -0.625000000        -6.77636566E-24
 -0.500000000        -4.66916357E-24
 -0.375000000         1.66598233E-24
 -0.250000000         1.16171152E-23
 -0.125000000         2.03985672E-23
   0.00000000         1.69014774E-23
  0.125000000        -1.70027151E-23
  0.250000000        -1.03847189E-22
  0.375000000        -2.62900531E-22
  0.500000000        -4.96861555E-22
  0.625000000        -7.74772077E-22
  0.750000000        -1.01648138E-21
  0.875000000        -1.08758347E-21
   1.00000000        -8.15793298E-22
   1.12500000        -3.81477451E-23
   1.25000000         1.31858274E-21
   1.37500000         3.13485094E-21
   1.50000000         5.00038516E-21
   1.62500000         6.16572593E-21
   1.75000000         5.59650127E-21
   1.87500000         2.17646204E-21
   2.00000000        -4.92446428E-21
   2.12500000        -1.57540732E-20
   2.25000000        -2.90594688E-20
   2.37500000        -4.19184664E-20
   2.50000000        -4.97305540E-20
   2.62500000        -4.67581031E-20
   2.75000000        -2.73121015E-20
   2.87500000         1.24982976E-20
   3.00000000         7.27602542E-20
   3.12500000         1.48025819E-19
   3.25000000         2.26523204E-19
   3.37500000         2.90952741E-19
   3.50000000         3.21261001E-19
   3.62500000         2.99316959E-19
   3.75000000         2.14799470E-19
   3.87500000         7.09987537E-20
   4.00000000        -1.11160059E-19
   4.12500000        -2.92548786E-19
   4.25000000        -4.19858888E-19
   4.37500000        -4.34306735E-19
   4.50000000        -2.83777544E-19
   4.62500000         6.40937279E-20
   4.75000000         6.11145025E-19
   4.87500000         1.32330896E-18
   5.00000000         2.13255144E-18
   5.12500000         2.94606517E-18
   5.25000000         3.66042062E-18
   5.37500000         4.17671202E-18
   5.50000000         4.41238818E-18
   5.62500000         4.30683911E-18
   5.75000000         3.82071623E-18
   5.87500000         2.93239601E-18
   6.00000000         1.63753999E-18
   6.12500000        -4.22342426E-20
   6.25000000        -2.03883395E-18
   6.37500000        -4.20894477E-18
   6.50000000        -6.30832709E-18
   6.62500000        -7.98633369E-18
   6.75000000        -8.81870403E-18
   6.87500000        -8.38999204E-18
   7.00000000        -6.42267902E-18
   7.12500000        -2.93085146E-18
   7.25000000         1.64199363E-18
   7.37500000         6.35162090E-18
   7.50000000         9.79466549E-18
   7.62500000         1.02881151E-17
   7.75000000         6.17553648E-18
   7.87500000        -3.79335682E-18
   8.00000000        -2.00985103E-17
   8.12500000        -4.22045184E-17
   8.25000000        -6.85235294E-17
   8.37500000        -9.66282216E-17
   8.50000000        -1.23687708E-16
   8.62500000        -1.47025253E-16
   8.75000000        -1.64641434E-16
   8.87500000        -1.75530638E-16
   9.00000000        -1.79655119E-16
   9.12500000        -1.77526512E-16
   9.25000000        -1.69462441E-16
   9.37500000        -1.54704056E-16
   9.50000000        -1.30666783E-16
   9.62500000        -9.26191353E-17
   9.75000000        -3.40312394E-17
   9.87500000         5.22923863E-17
   10.0000000         1.72358235E-16
   10.1250000         3.28659398E-16
   10.2500000         5.17797117E-16
   10.3750000         7.28563743E-16
   10.5000000         9.41018664E-16
   10.6250000         1.12701259E-15
   10.7500000         1.25245108E-15
   10.8750000         1.28135746E-15
   11.0000000         1.18151662E-15
   11.1250000         9.31174341E-16
   11.2500000         5.25978132E-16
   11.3750000        -1.49094061E-17
   11.5000000        -6.44753221E-16
   11.6250000        -1.28848217E-15
   11.7500000        -1.84628491E-15
   11.8750000        -2.20220202E-15
   12.0000000        -2.23772192E-15
   12.1250000        -1.84953858E-15
   12.2500000        -9.69744304E-16
   12.3750000         4.14105752E-16
   12.5000000         2.24218706E-15
   12.6250000         4.37211768E-15
   12.7500000         6.57806168E-15
   12.8750000         8.56116274E-15
   13.0000000         9.97181057E-15
   13.1250000         1.04425940E-14
   13.2500000         9.62912645E-15
   13.3750000         7.25453226E-15
   13.5000000         3.15260898E-15
   13.6250000        -2.69545281E-15
   13.7500000        -1.01352430E-14
   13.8750000        -1.88274079E-14
   14.0000000        -2.82515100E-14
   14.1250000        -3.77253364E-14
   14.2500000        -4.64378800E-14
   14.3750000        -5.34932985E-14
   14.5000000        -5.79627356E-14
   14.6250000        -5.89410248E-14
   14.7500000        -5.56057716E-14
   14.8750000        -4.72772083E-14
   15.0000000        -3.34772561E-14
   15.1250000        -1.39865214E-14
   15.2500000         1.11030163E-14
   15.3750000         4.13429294E-14
   15.5000000         7.58958123E-14
   15.6250000         1.13521531E-13
   15.7500000         1.52589042E-13
   15.8750000         1.91120083E-13
   16.0000000         2.26868830E-13
   16.1250000         2.57437734E-13
   16.2500000         2.80425151E-13
   16.3750000         2.93593763E-13
   16.5000000         2.95044317E-13
   16.6250000         2.83373504E-13
   16.7500000         2.57794030E-13
   16.8750000         2.18194359E-13
   17.0000000         1.65121172E-13
   17.1250000         9.96736805E-14
   17.2500000         2.33103484E-14
   17.3750000        -6.24196333E-14
   17.5000000        -1.56195667E-13
   17.6250000        -2.57258055E-13
   17.7500000        -3.65707681E-13
   17.8750000        -4.82720309E-13
   18.0000000        -6.10620820E-13
   18.1250000        -7.52766501E-13
   18.2500000        -9.13198120E-13
   18.3750000        -1.09602995E-12
   18.5000000        -1.30457038E-12
   18.6250000        -1.54018866E-12
   18.7500000        -1.80097192E-12
   18.8750000        -2.08024743E-12
   19.0000000        -2.36508122E-12
   19.1250000        -2.63489664E-12
   19.2500000        -2.86038966E-12
   19.3750000        -3.00294403E-12
   19.5000000        -3.01476465E-12
   19.6250000        -2.83994594E-12
   19.7500000        -2.41667255E-12
   19.8750000        -1.68069746E-12
   20.0000000        -5.70168533E-13
   20.1250000         9.68232764E-13
   20.2500000         2.97201044E-12
   20.3750000         5.45474473E-12
   20.5000000         8.39762981E-12
   20.6250000         1.17412833E-11
   20.7500000         1.53785578E-11
   20.8750000         1.91491944E-11
   21.0000000         2.28371749E-11
   21.1250000         2.61716065E-11
   21.2500000         2.88318362E-11
   21.3750000         3.04574144E-11
   21.5000000         3.06631560E-11
   21.6250000         2.90594077E-11
   21.7500000         2.52771484E-11
   21.8750000         1.89972985E-11
   22.0000000         9.98310028E-12
   22.1250000        -1.88585844E-12
   22.2500000        -1.65798555E-11
   22.3750000        -3.38876566E-11
   22.5000000        -5.33900320E-11
   22.6250000        -7.44407869E-11
   22.7500000        -9.61579427E-11
   22.8750000        -1.17427706E-10
   23.0000000        -1.36923320E-10
   23.1250000        -1.53140695E-10
   23.2500000        -1.64451675E-10
   23.3750000        -1.69175118E-10
   23.5000000        -1.65664787E-10
   23.6250000        -1.52411792E-10
   23.7500000        -1.28158179E-10
   23.8750000        -9.20166165E-11
   24.0000000        -4.35907005E-11
   24.1250000         1.69117116E-11
   24.2500000         8.85794008E-11
   24.3750000         1.69721445E-10
   24.5000000         2.57821597E-10
   24.6250000         3.49531071E-10
   24.7500000         4.40706499E-10
   24.8750000         5.26497734E-10
   25.0000000         6.01489081E-10
   25.1250000         6.59893862E-10
   25.2500000         6.95800029E-10
   25.3750000         7.03460956E-10
   25.5000000         6.77622680E-10
   25.6250000         6.13875062E-10
   25.7500000         5.09011056E-10
   25.8750000         3.61377289E-10
   26.0000000         1.71195461E-10
   26.1250000        -5.91664148E-11
   26.2500000        -3.24993116E-10
   26.3750000        -6.19112261E-10
   26.5000000        -9.31892230E-10
   26.6250000        -1.25136301E-09
   26.7500000        -1.56346813E-09
   26.8750000        -1.85245397E-09
   27.0000000        -2.10139262E-09
   27.1250000        -2.29283037E-09
   27.2500000        -2.40954345E-09
   27.3750000        -2.43538256E-09
   27.5000000        -2.35616748E-09
   27.6250000        -2.16060547E-09
   27.7500000        -1.84118354E-09
   27.8750000        -1.39499434E-09
   28.0000000        -8.24447899E-10
   28.1250000        -1.37822004E-10
   28.2500000         6.50392407E-10
   28.3750000         1.51938973E-09
   28.5000000         2.44222509E-09
   28.6250000         3.38628703E-09
   28.7500000         4.31408154E-09
   28.8750000         5.18432053E-09
   29.0000000         5.95330274E-09
   29.1250000         6.57654864E-09
   29.2500000         7.01064540E-09
   29.3750000         7.21523996E-09
   29.5000000         7.15509874E-09
   29.6250000         6.80215528E-09
   29.7500000         6.13744744E-09
   29.8750000         5.15284437E-09
   30.0000000         3.85247212E-09
   30.1250000         2.25374075E-09
   30.2500000         3.87893773E-10
   30.3750000        -1.69998837E-09
   30.5000000        -3.95157551E-09
   30.6250000        -6.29649000E-09
   30.7500000        -8.65412630E-09
   30.8750000        -1.09360441E-08
   31.0000000        -1.30488864E-08
   31.1250000        -1.48977302E-08
   31.2500000        -1.63897482E-08
   31.3750000        -1.74380475E-08
   31.5000000        -1.79655384E-08
   31.6250000        -1.79086488E-08
   31.7500000        -1.72207280E-08
   31.8750000        -1.58749760E-08
   32.0000000        -1.38667282E-08
   32.1250000        -1.12149952E-08
   32.2500000        -7.96312349E-09
   32.3750000        -4.17852819E-09
   32.5000000         4.85309813E-11
   32.6250000         4.60712002E-09
   32.7500000         9.36868627E-09
   32.8750000         1.41908991E-08
   33.0000000         1.89221385E-08
   33.1250000         2.34064590E-08
   33.2500000         2.74888201E-08
   33.3750000         3.10204236E-08
   33.5000000         3.38638557E-08
   33.6250000         3.58979371E-08
   33.7500000         3.70219695E-08
   33.8750000         3.71593210E-08
   34.0000000         3.62601540E-08
   34.1250000         3.43032198E-08
   34.2500000         3.12967074E-08
   34.3750000         2.72780909E-08
   34.5000000         2.23130687E-08
   34.6250000         1.64936722E-08
   34.7500000         9.93564164E-09
   34.8750000         2.77524426E-09
   35.0000000        -4.83432450E-09
   35.1250000        -1.27267867E-08
   35.2500000        -2.07267039E-08
   35.3750000        -2.86533641E-08
   35.5000000        -3.63244901E-08
   35.6250000        -4.35596945E-08
   35.7500000        -5.01836581E-08
   35.8750000        -5.60289770E-08
   36.0000000        -6.09387598E-08
   36.1250000        -6.47689831E-08
   36.2500000        -6.73907081E-08
   36.3750000        -6.86922732E-08
   36.5000000        -6.85814570E-08
   36.6250000        -6.69878304E-08
   36.7500000        -6.38652011E-08
   36.8750000        -5.91942779E-08
   37.0000000        -5.29854560E-08
   37.1250000        -4.52816451E-08
   37.2500000        -3.61610546E-08
   37.3750000        -2.57396593E-08
   37.5000000        -1.41732022E-08
   37.6250000        -1.65841074E-09
   37.7500000         1.15668479E-08
   37.8750000         2.52247307E-08
   38.0000000         3.90001986E-08
   38.1250000         5.25455910E-08
   38.2500000         6.54871712E-08
   38.3750000         7.74337039E-08
   38.5000000         8.79869759E-08
   38.6250000         9.67542277E-08
   38.7500000         1.03362083E-07
   38.8750000         1.07471635E-07
   39.0000000         1.08794247E-07
   39.1250000         1.07107283E-07
   39.2500000         1.02269269E-07
   39.3750000         9.42335774E-08
   39.5000000         8.30599305E-08
   39.6250000         6.89229580E-08
   39.7500000         5.21171160E-08
   39.8750000         3.30572902E-08
   40.0000000         1.22747128E-08
   40.1250000        -9.59222657E-09
   40.2500000        -3.18122666E-08
   40.3750000        -5.35806812E-08
   40.5000000        -7.40433563E-08
   40.6250000        -9.23250312E-08
   40.7500000        -1.07560879E-07
   40.8750000        -1.18930416E-07
   41.0000000        -1.25692623E-07
   41.1250000        -1.27220844E-07
   41.2500000        -1.23036244E-07
   41.3750000        -1.12838251E-07
   41.5000000        -9.65306910E-08
   41.6250000        -7.42423225E-08
   41.7500000        -4.63405598E-08
   41.8750000        -1.34377123E-08
   42.0000000         2.36112250E-08
   42.1250000         6.37192699E-08
   42.2500000         1.05586764E-07
   42.3750000         1.47728855E-07
   42.5000000         1.88510569E-07
   42.6250000         2.26188234E-07
   42.7500000         2.58955936E-07
   42.8750000         2.84995480E-07
   43.0000000         3.02528065E-07
   43.1250000         3.09865300E-07
   43.2500000         3.05458201E-07
   43.3750000         2.87941589E-07
   43.5000000         2.56172456E-07
   43.6250000         2.09260349E-07
   43.7500000         1.46588661E-07
   43.8750000         6.78254892E-08
   44.0000000        -2.70762737E-08
   44.1250000        -1.37890069E-07
   44.2500000        -2.64137441E-07
   44.3750000        -4.05119948E-07
   44.5000000        -5.59959744E-07
   44.6250000        -7.27647773E-07
   44.7500000        -9.07096307E-07
   44.8750000        -1.09719542E-06
   45.0000000        -1.29686873E-06
   45.1250000        -1.50512744E-06
   45.2500000        -1.72111936E-06
   45.3750000        -1.94416998E-06
   45.5000000        -2.17381489E-06
   45.6250000        -2.40981922E-06
   45.7500000        -2.65218341E-06
   45.8750000        -2.90113599E-06
   46.0000000        -3.15710986E-06
   46.1250000        -3.42070462E-06
   46.2500000        -3.69263421E-06
   46.3750000        -3.97366284E-06
   46.5000000        -4.26452925E-06
   46.6250000        -4.56586304E-06
   46.7500000        -4.87809803E-06
   46.8750000        -5.20138383E-06
   47.0000000        -5.53549717E-06
   47.1250000        -5.87976501E-06
   47.2500000        -6.23299547E-06
   47.3750000        -6.59342368E-06
   47.5000000        -6.95867629E-06
   47.6250000        -7.32575609E-06
   47.7500000        -7.69105282E-06
   47.8750000        -8.05037416E-06
   48.0000000        -8.39900622E-06
   48.1250000        -8.73180215E-06
   48.2500000        -9.04328499E-06
   48.3750000        -9.32777857E-06
   48.5000000        -9.57956217E-06
   48.6250000        -9.79302513E-06
   48.7500000        -9.96284507E-06
   48.8750000        -1.00841571E-05
   49.0000000        -1.01527276E-05
   49.1250000        -1.01651212E-05
   49.2500000        -1.01188434E-05
   49.3750000        -1.00124653E-05
   49.5000000        -9.84573035E-06
   49.6250000        -9.61961450E-06
   49.7500000        -9.33636147E-06
   49.8750000        -8.99947827E-06
   50.0000000        -8.61368699E-06
   50.1250000        -8.18484477E-06
   50.2500000        -7.71981740E-06
   50.3750000        -7.22632694E-06
   50.5000000        -6.71276302E-06
   50.6250000        -6.18797230E-06
   50.7500000        -5.66102790E-06
   50.8750000        -5.14098838E-06
   51.0000000        -4.63665583E-06
   51.1250000        -4.15633212E-06
   51.2500000        -3.70760040E-06
   51.3750000        -3.29711634E-06
   51.5000000        -2.93043377E-06
   51.6250000        -2.61186233E-06
   51.7500000        -2.34436470E-06
   51.8750000        -2.12949612E-06
   52.0000000        -1.96738824E-06
   52.1250000        -1.85677720E-06
   52.2500000        -1.79507458E-06
   52.3750000        -1.77847880E-06
   52.5000000        -1.80212430E-06
   52.6250000        -1.86025818E-06
   52.7500000        -1.94644167E-06
   52.8750000        -2.05376909E-06
   53.0000000        -2.17509296E-06
   53.1250000        -2.30325713E-06
   53.2500000        -2.43130762E-06
   53.3750000        -2.55270993E-06
   53.5000000        -2.66152529E-06
   53.6250000        -2.75257275E-06
   53.7500000        -2.82155588E-06
   53.8750000        -2.86515956E-06
   54.0000000        -2.88110959E-06
   54.1250000        -2.86819204E-06
   54.2500000        -2.82625183E-06
   54.3750000        -2.75614298E-06
   54.5000000        -2.65966901E-06
   54.6250000        -2.53948610E-06
   54.7500000        -2.39899123E-06
   54.8750000        -2.24219798E-06
   55.0000000        -2.07359972E-06
   55.1250000        -1.89803495E-06
   55.2500000        -1.72054627E-06
   55.3750000        -1.54625309E-06
   55.5000000        -1.38022517E-06
   55.6250000        -1.22737083E-06
   55.7500000        -1.09233565E-06
   55.8750000        -9.79416768E-07
   56.0000000        -8.92486241E-07
   56.1250000        -8.34928414E-07
   56.2500000        -8.09583582E-07
   56.3750000        -8.18707861E-07
   56.5000000        -8.63931859E-07
   56.6250000        -9.46224759E-07
   56.7500000        -1.06586765E-06
   56.8750000        -1.22242636E-06
   57.0000000        -1.41472765E-06
   57.1250000        -1.64083121E-06
   57.2500000        -1.89801335E-06
   57.3750000        -2.18275295E-06
   57.5000000        -2.49071809E-06
   57.6250000        -2.81676807E-06
   57.7500000        -3.15496823E-06
   57.8750000        -3.49861966E-06
   58.0000000        -3.84030955E-06
   58.1250000        -4.17198498E-06
   58.2500000        -4.48505352E-06
   58.3750000        -4.77050435E-06
   58.5000000        -5.01906698E-06
   58.6250000        -5.22138771E-06
   58.7500000        -5.36823791E-06
   58.8750000        -5.45073635E-06
   59.0000000        -5.46060073E-06
   59.1250000        -5.39039638E-06
   59.2500000        -5.23379867E-06
   59.3750000        -4.98584768E-06
   59.5000000        -4.64318964E-06
   59.6250000        -4.20429433E-06
   59.7500000        -3.66964855E-06
   59.8750000        -3.04189734E-06
   60.0000000        -2.32594107E-06
   60.1250000        -1.52897314E-06
   60.2500000        -6.60463627E-07
   60.3750000         2.67936315E-07
   60.5000000         1.24255519E-06
   60.6250000         2.24791825E-06
   60.7500000         3.26705208E-06
   60.8750000         4.28182921E-06
   61.0000000         5.27336897E-06
   61.1250000         6.22250491E-06
   61.2500000         7.11024904E-06
   61.3750000         7.91830007E-06
   61.5000000         8.62954403E-06
   61.6250000         9.22855634E-06
   61.7500000         9.70205110E-06
   61.8750000         1.00393190E-05
   62.0000000         1.02325803E-05
   62.1250000         1.02772792E-05
   62.2500000         1.01722917E-05
   62.3750000         9.92004243E-06
   62.5000000         9.52650771E-06
   62.6250000         9.00114355E-06
   62.7500000         8.35667106E-06
   62.8750000         7.60879720E-06
   63.0000000         6.77582011E-06
   63.1250000         5.87814793E-06
   63.2500000         4.93775724E-06
   63.3750000         3.97758095E-06
   63.5000000         3.02087324E-06
   63.6250000         2.09054633E-06
   63.7500000         1.20850484E-06
   63.8750000         3.95013956E-07
   64.0000000        -3.31900765E-07
   64.1250000        -9.56972599E-07
   64.2500000        -1.46815114E-06
   64.3750000        -1.85694569E-06
   64.5000000        -2.11866882E-06
   64.6250000        -2.25255280E-06
   64.7500000        -2.26174734E-06
   64.8750000        -2.15319824E-06
   65.0000000        -1.93739038E-06
   65.1250000        -1.62799336E-06
   65.2500000        -1.24139888E-06
   65.3750000        -7.96174220E-07
   65.5000000        -3.12448805E-07
   65.6250000         1.88743002E-07
   65.7500000         6.86143323E-07
   65.8750000         1.15894886E-06
   66.0000000         1.58746252E-06
   66.1250000         1.95370581E-06
   66.2500000         2.24194923E-06
   66.3750000         2.43916475E-06
   66.5000000         2.53537246E-06
   66.6250000         2.52387827E-06
   66.7500000         2.40138252E-06
   66.8750000         2.16797480E-06
   67.0000000         1.82701410E-06
   67.1250000         1.38488338E-06
   67.2500000         8.50658637E-07
   67.3750000         2.35694415E-07
   67.5000000        -4.46868597E-07
   67.6250000        -1.18263210E-06
   67.7500000        -1.95649227E-06
   67.8750000        -2.75318530E-06
   68.0000000        -3.55781935E-06
   68.1250000        -4.35635275E-06
   68.2500000        -5.13602254E-06
   68.3750000        -5.88567855E-06
   68.5000000        -6.59605030E-06
   68.6250000        -7.25988002E-06
   68.7500000        -7.87199588E-06
   68.8750000        -8.42925238E-06
   69.0000000        -8.93041124E-06
   69.1250000        -9.37590357E-06
   69.2500000        -9.76754563E-06
   69.3750000        -1.01081951E-05
   69.5000000        -1.04013725E-05
   69.6250000        -1.06508714E-05
   69.7500000        -1.08603608E-05
   69.8750000        -1.10330284E-05
   70.0000000        -1.11712570E-05
   70.1250000        -1.12763555E-05
   70.2500000        -1.13483675E-05
   70.3750000        -1.13859578E-05
   70.5000000        -1.13863716E-05
   70.6250000        -1.13455044E-05
   70.7500000        -1.12580274E-05
   70.8750000        -1.11176132E-05
   71.0000000        -1.09172188E-05
   71.1250000        -1.06494181E-05
   71.2500000        -1.03067987E-05
   71.3750000        -9.88235479E-06
   71.5000000        -9.36989363E-06
   71.6250000        -8.76444392E-06
   71.7500000        -8.06262688E-06
   71.8750000        -7.26298003E-06
   72.0000000        -6.36623645E-06
   72.1250000        -5.37552523E-06
   72.2500000        -4.29650299E-06
   72.3750000        -3.13740725E-06
   72.5000000        -1.90901096E-06
   72.6250000        -6.24515394E-07
   72.7500000         7.00654198E-07
   72.8750000         2.04911589E-06
   73.0000000         3.40186239E-06
   73.1250000         4.73864429E-06
   73.2500000         6.03839999E-06
   73.3750000         7.27970473E-06
   73.5000000         8.44123770E-06
   73.6250000         9.50224694E-06
   73.7500000         1.04430055E-05
   73.8750000         1.12452426E-05
   74.0000000         1.18925409E-05
   74.1250000         1.23706950E-05
   74.2500000         1.26680161E-05
   74.3750000         1.27755911E-05
   74.5000000         1.26874793E-05
   74.6250000         1.24008466E-05
   74.7500000         1.19160559E-05
   74.8750000         1.12366843E-05
   75.0000000         1.03695020E-05
   75.1250000         9.32439070E-06
   75.2500000         8.11423160E-06
   75.3750000         6.75473257E-06
   75.5000000         5.26424355E-06
   75.6250000         3.66351946E-06
   75.7500000         1.97547502E-06
   75.8750000         2.24892503E-07
   76.0000000        -1.56186320E-06
   76.1250000        -3.35718596E-06
   76.2500000        -5.13254690E-06
   76.3750000        -6.85885152E-06
   76.5000000        -8.50681590E-06
   76.6250000        -1.00473435E-05
   76.7500000        -1.14519016E-05
   76.8750000        -1.26929408E-05
   77.0000000        -1.37443103E-05
   77.1250000        -1.45816475E-05
   77.2500000        -1.51828071E-05
   77.3750000        -1.55282323E-05
   77.5000000        -1.56013648E-05
   77.6250000        -1.53889923E-05
   77.7500000        -1.48815643E-05
   77.8750000        -1.40734837E-05
   78.0000000        -1.29633536E-05
   78.1250000        -1.15540961E-05
   78.2500000        -9.85310635E-06
   78.3750000        -7.87225417E-06
   78.5000000        -5.62780133E-06
   78.6250000        -3.14030490E-06
   78.7500000        -4.34321919E-07
   78.8750000         2.46185004E-06
   79.0000000         5.51663015E-06
   79.1250000         8.69560881E-06
   79.2500000         1.19621091E-05
   79.3750000         1.52777957E-05
   79.5000000         1.86033103E-05
   79.6250000         2.18989426E-05
   79.7500000         2.51252859E-05
   79.8750000         2.82439432E-05
   80.0000000         3.12181728E-05
   80.1250000         3.40134684E-05
   80.2500000         3.65981396E-05
   80.3750000         3.89437773E-05
   80.5000000         4.10256653E-05
   80.6250000         4.28230996E-05
   80.7500000         4.43195895E-05
   80.8750000         4.55030095E-05
   81.0000000         4.63656179E-05
   81.1250000         4.69040206E-05
   81.2500000         4.71190178E-05
   81.3750000         4.70154118E-05
   81.5000000         4.66017482E-05
   81.6250000         4.58899813E-05
   81.7500000         4.48951287E-05
   81.8750000         4.36348964E-05
   82.0000000         4.21292752E-05
   82.1250000         4.04001512E-05
   82.2500000         3.84709201E-05
   82.3750000         3.63661129E-05
   82.5000000         3.41110499E-05
   82.6250000         3.17315025E-05
   82.7500000         2.92534132E-05
   82.8750000         2.67026062E-05
   83.0000000         2.41045509E-05
   83.1250000         2.14841039E-05
   83.2500000         1.88653503E-05
   83.3750000         1.62713477E-05
   83.5000000         1.37239504E-05
   83.6250000         1.12436510E-05
   83.7500000         8.84934252E-06
   83.8750000         6.55815074E-06
   84.0000000         4.38527422E-06
   84.1250000         2.34377535E-06
   84.2500000         4.44417168E-07
   84.3750000        -1.30449951E-06
   84.5000000        -2.89729041E-06
   84.6250000        -4.33100240E-06
   84.7500000        -5.60548824E-06
   84.8750000        -6.72347142E-06
   85.0000000        -7.69054441E-06
   85.1250000        -8.51511140E-06
   85.2500000        -9.20820730E-06
   85.3750000        -9.78338903E-06
   85.5000000        -1.02564118E-05
   85.6250000        -1.06449370E-05
   85.7500000        -1.09681296E-05
   85.8750000        -1.12461939E-05
   86.0000000        -1.14999339E-05
   86.1250000        -1.17502068E-05
   86.2500000        -1.20173763E-05
   86.3750000        -1.23208029E-05
   86.5000000        -1.26782916E-05
   86.6250000        -1.31056249E-05
   86.7500000        -1.36161052E-05
   86.8750000        -1.42201907E-05
   87.0000000        -1.49251509E-05
   87.1250000        -1.57349186E-05
   87.2500000        -1.66499376E-05
   87.3750000        -1.76671965E-05
   87.5000000        -1.87803598E-05
   87.6250000        -1.99799506E-05
   87.7500000        -2.12537343E-05
   87.8750000        -2.25871063E-05
   88.0000000        -2.39635974E-05
   88.1250000        -2.53654198E-05
   88.2500000        -2.67740979E-05
   88.3750000        -2.81711145E-05
   88.5000000        -2.95384816E-05
   88.6250000        -3.08594354E-05
   88.7500000        -3.21189618E-05
   88.8750000        -3.33043172E-05
   89.0000000        -3.44054679E-05
   89.1250000        -3.54154181E-05
   89.2500000        -3.63304134E-05
   89.3750000        -3.71500719E-05
   89.5000000        -3.78773220E-05
   89.6250000        -3.85183012E-05
   89.7500000        -3.90820278E-05
   89.8750000        -3.95800671E-05
   90.0000000        -4.00260396E-05
   90.1250000        -4.04350649E-05
   90.2500000        -4.08231317E-05
   90.3750000        -4.12064692E-05
   90.5000000        -4.16008988E-05
   90.6250000        -4.20211218E-05
   90.7500000        -4.24801474E-05
   90.8750000        -4.29886968E-05
   91.0000000        -4.35547372E-05
   91.1250000        -4.41830671E-05
   91.2500000        -4.48750943E-05
   91.3750000        -4.56286398E-05
   91.5000000        -4.64379482E-05
   91.6250000        -4.72938082E-05
   91.7500000        -4.81837924E-05
   91.8750000        -4.90926323E-05
   92.0000000        -5.00026836E-05
   92.1250000        -5.08944722E-05
   92.2500000        -5.17473163E-05
   92.3750000        -5.25400355E-05
   92.5000000        -5.32515769E-05
   92.6250000        -5.38617387E-05
   92.7500000        -5.43518072E-05
   92.8750000        -5.47051604E-05
   93.0000000        -5.49077777E-05
   93.1250000        -5.49486613E-05
   93.2500000        -5.48201606E-05
   93.3750000        -5.45181356E-05
   93.5000000        -5.40420297E-05
   93.6250000        -5.33948114E-05
   93.7500000        -5.25827709E-05
   93.8750000        -5.16152431E-05
   94.0000000        -5.05041935E-05
   94.1250000        -4.92637773E-05
   94.2500000        -4.79097725E-05
   94.3750000        -4.64590339E-05
   94.5000000        -4.49289219E-05
   94.6250000        -4.33367131E-05
   94.7500000        -4.16990952E-05
   94.8750000        -4.00316421E-05
   95.0000000        -3.83484330E-05
   95.1250000        -3.66617278E-05
   95.2500000        -3.49816801E-05
   95.3750000        -3.33162134E-05
   95.5000000        -3.16709629E-05
   95.6250000        -3.00493102E-05
   95.7500000        -2.84524904E-05
   95.8750000        -2.68797921E-05
   96.0000000        -2.53287944E-05
   96.1250000        -2.37956465E-05
   96.2500000        -2.22753442E-05
   96.3750000        -2.07620833E-05
   96.5000000        -1.92495099E-05
   96.6250000        -1.77310267E-05
   96.7500000        -1.62000015E-05
   96.8750000        -1.46500042E-05
   97.0000000        -1.30749359E-05
   97.1250000        -1.14691666E-05
   97.2500000        -9.82758229E-06
   97.3750000        -8.14562281E-06
   97.5000000        -6.41928909E-06
   97.6250000        -4.64512232E-06
   97.7500000        -2.82016777E-06
   97.8750000        -9.41963094E-07
   98.0000000         9.91475986E-07
   98.1250000         2.98165060E-06
   98.2500000         5.02951798E-06
   98.3750000         7.13540794E-06
   98.5000000         9.29890120E-06
   98.6250000         1.15186631E-05
   98.7500000         1.37922489E-05
   98.8750000         1.61158987E-05
   99.0000000         1.84842957E-05
   99.1250000         2.08903584E-05
   99.2500000         2.33250339E-05
   99.3750000         2.57771298E-05
   99.5000000         2.82331985E-05
   99.6250000         3.06774891E-05
   99.7500000         3.30919720E-05
   99.8750000         3.54564690E-05
   100.000000         3.77488541E-05
   100.125000         3.99453857E-05
   100.250000         4.20211109E-05
   100.375000         4.39503601E-05
   100.500000         4.57073802E-05
   100.625000         4.72669526E-05
   100.750000         4.86051104E-05
   100.875000         4.96998618E-05
   101.000000         5.05319258E-05
   101.125000         5.10854079E-05
   101.250000         5.13484374E-05
   101.375000         5.13137675E-05
   101.500000         5.09791571E-05
   101.625000         5.03477822E-05
   101.750000         4.94283449E-05
   101.875000         4.82351970E-05
   102.000000         4.67881364E-05
   102.125000         4.51121632E-05
   102.250000         4.32370216E-05
   102.375000         4.11965775E-05
   102.500000         3.90281239E-05
   102.625000         3.67714965E-05
   102.750000         3.44681393E-05
   102.875000         3.21601146E-05
   103.000000         2.98890373E-05
   103.125000         2.76950486E-05
   103.250000         2.56157946E-05
   103.375000         2.36854885E-05
   103.500000         2.19340109E-05
   103.625000         2.03861873E-05
   103.750000         1.90611463E-05
   103.875000         1.79718500E-05
   104.000000         1.71247993E-05
   104.125000         1.65199017E-05
   104.250000         1.61505232E-05
   104.375000         1.60037107E-05
   104.500000         1.60606069E-05
   104.625000         1.62969864E-05
   104.750000         1.66839727E-05
   104.875000         1.71888496E-05
   105.000000         1.77759866E-05
   105.125000         1.84078290E-05
   105.250000         1.90459323E-05
   105.375000         1.96520141E-05
   105.500000         2.01889998E-05
   105.625000         2.06220120E-05
   105.750000         2.09193149E-05
   105.875000         2.10531580E-05
   106.000000         2.10005146E-05
   106.125000         2.07436951E-05
   106.250000         2.02708197E-05
   106.375000         1.95761404E-05
   106.500000         1.86601992E-05
   106.625000         1.75298355E-05
   106.750000         1.61980370E-05
   106.875000         1.46836364E-05
   107.000000         1.30108629E-05
   107.125000         1.12087773E-05
   107.250000         9.31059367E-06
   107.375000         7.35290951E-06
   107.500000         5.37486221E-06
   107.625000         3.41724058E-06
   107.750000         1.52155724E-06
   107.875000        -2.70871624E-07
   108.000000        -1.91985191E-06
   108.125000        -3.38719065E-06
   108.250000        -4.63752622E-06
   108.375000        -5.63909816E-06
   108.500000        -6.36442064E-06
   108.625000        -6.79087361E-06
   108.750000        -6.90116985E-06
   108.875000        -6.68371422E-06
   109.000000        -6.13284146E-06
   109.125000        -5.24892403E-06
   109.250000        -4.03836339E-06
   109.375000        -2.51345955E-06
   109.500000        -6.92153378E-07
   109.625000         1.40231373E-06
   109.750000         3.74187675E-06
   109.875000         6.29418082E-06
   110.000000         9.02321335E-06
   110.125000         1.18899961E-05
   110.250000         1.48533281E-05
   110.375000         1.78705668E-05
   110.500000         2.08984166E-05
   110.625000         2.38937264E-05
   110.750000         2.68142630E-05
   110.875000         2.96194430E-05
   111.000000         3.22710366E-05
   111.125000         3.47337882E-05
   111.250000         3.69759764E-05
   111.375000         3.89698762E-05
   111.500000         4.06921463E-05
   111.625000         4.21240984E-05
   111.750000         4.32519082E-05
   111.875000         4.40666809E-05
   112.000000         4.45644364E-05
   112.125000         4.47459788E-05
   112.250000         4.46167141E-05
   112.375000         4.41863449E-05
   112.500000         4.34684989E-05
   112.625000         4.24803147E-05
   112.750000         4.12419686E-05
   112.875000         3.97761796E-05
   113.000000         3.81076497E-05
   113.125000         3.62625651E-05
   113.250000         3.42680214E-05
   113.375000         3.21515363E-05
   113.500000         2.99405092E-05
   113.625000         2.76617666E-05
   113.750000         2.53411163E-05
   113.875000         2.30029491E-05
   114.000000         2.06699042E-05
   114.125000         1.83625762E-05
   114.250000         1.60992859E-05
   114.375000         1.38959249E-05
   114.500000         1.17658428E-05
   114.625000         9.71979716E-06
   114.750000         7.76596698E-06
   114.875000         5.91001981E-06
   115.000000         4.15522254E-06
   115.125000         2.50259836E-06
   115.250000         9.51133359E-07
   115.375000        -5.01998784E-07
   115.500000        -1.86113573E-06
   115.625000        -3.13185728E-06
   115.750000        -4.32062734E-06
   115.875000        -5.43447459E-06
   116.000000        -6.48062678E-06
   116.125000        -7.46621436E-06
   116.250000        -8.39790482E-06
   116.375000        -9.28165537E-06
   116.500000        -1.01224350E-05
   116.625000        -1.09240036E-05
   116.750000        -1.16887359E-05
   116.875000        -1.24175249E-05
   117.000000        -1.31096822E-05
   117.125000        -1.37629222E-05
   117.250000        -1.43734105E-05
   117.375000        -1.49358930E-05
   117.500000        -1.54438494E-05
   117.625000        -1.58897219E-05
   117.750000        -1.62651995E-05
   117.875000        -1.65615402E-05
   118.000000        -1.67699054E-05
   118.125000        -1.68817296E-05
   118.250000        -1.68890929E-05
   118.375000        -1.67850794E-05
   118.500000        -1.65641195E-05
   118.625000        -1.62223150E-05
   118.750000        -1.57576978E-05
   118.875000        -1.51704626E-05
   119.000000        -1.44631440E-05
   119.125000        -1.36407070E-05
   119.250000        -1.27105932E-05
   119.375000        -1.16826704E-05
   119.500000        -1.05691161E-05
   119.625000        -9.38421454E-06
   119.750000        -8.14410669E-06
   119.875000        -6.86644034E-06
   120.000000        -5.56999748E-06
   120.125000        -4.27426858E-06
   120.250000        -2.99899284E-06
   120.375000        -1.76369656E-06
   120.500000        -5.87206671E-07
   120.625000         5.12799488E-07
   120.750000         1.52025837E-06
   120.875000         2.42113447E-06
   121.000000         3.20378808E-06
   121.125000         3.85929752E-06
   121.250000         4.38171310E-06
   121.375000         4.76824016E-06
   121.500000         5.01932891E-06
   121.625000         5.13869236E-06
   121.750000         5.13323130E-06
   121.875000         5.01287832E-06
   122.000000         4.79035998E-06
   122.125000         4.48089077E-06
   122.250000         4.10180974E-06
   122.375000         3.67215148E-06
   122.500000         3.21219090E-06
   122.625000         2.74293939E-06
   122.750000         2.28564159E-06
   122.875000         1.86122816E-06
   123.000000         1.48979700E-06
   123.125000         1.19010974E-06
   123.250000         9.79097535E-07
   123.375000         8.71444684E-07
   123.500000         8.79187041E-07
   123.625000         1.01139301E-06
   123.750000         1.27392616E-06
   123.875000         1.66925554E-06
   124.000000         2.19636831E-06
   124.125000         2.85073520E-06
   124.250000         3.62439368E-06
   124.375000         4.50604966E-06
   124.500000         5.48128673E-06
   124.625000         6.53284633E-06
   124.750000         7.64095057E-06
   124.875000         8.78370065E-06
   125.000000         9.93751291E-06
   125.125000         1.10776064E-05
   125.250000         1.21785179E-05
   125.375000         1.32146333E-05
   125.500000         1.41607215E-05
   125.625000         1.49924772E-05
   125.750000         1.56870337E-05
   125.875000         1.62234610E-05
   126.000000         1.65832316E-05
   126.125000         1.67506314E-05
   126.250000         1.67131348E-05
   126.375000         1.64617268E-05
   126.500000         1.59911415E-05
   126.625000         1.53000565E-05
   126.750000         1.43911848E-05
   126.875000         1.32713103E-05
   127.000000         1.19512297E-05
   127.125000         1.04456121E-05
   127.250000         8.77277307E-06
   127.375000         6.95438348E-06
   127.500000         5.01509794E-06
   127.625000         2.98213604E-06
   127.750000         8.84784242E-07
   127.875000        -1.24612552E-06
   128.000000        -3.37878942E-06
   128.125000        -5.48101980E-06
   128.250000        -7.52085452E-06
   128.375000        -9.46717319E-06
   128.500000        -1.12902917E-05
   128.625000        -1.29625432E-05
   128.750000        -1.44588139E-05
   128.875000        -1.57570430E-05
   129.000000        -1.68386487E-05
   129.125000        -1.76888807E-05
   129.250000        -1.82971162E-05
   129.375000        -1.86570524E-05
   129.500000        -1.87668211E-05
   129.625000        -1.86290181E-05
   129.750000        -1.82506392E-05
   129.875000        -1.76429330E-05
   130.000000        -1.68211627E-05
   130.125000        -1.58042913E-05
   130.250000        -1.46145876E-05
   130.375000        -1.32771584E-05
   130.500000        -1.18194293E-05
   130.625000        -1.02705762E-05
   130.750000        -8.66090886E-06
   130.875000        -7.02126090E-06
   131.000000        -5.38234508E-06
   131.125000        -3.77413994E-06
   131.250000        -2.22528411E-06
   131.375000        -7.62513537E-07
   131.500000         5.89862793E-07
   131.625000         1.81042276E-06
   131.750000         2.88102797E-06
   131.875000         3.78713980E-06
   132.000000         4.51805317E-06
   132.125000         5.06702918E-06
   132.250000         5.43133956E-06
   132.375000         5.61220440E-06
   132.500000         5.61464094E-06
   132.625000         5.44722161E-06
   132.750000         5.12175075E-06
   132.875000         4.65287212E-06
   133.000000         4.05761921E-06
   133.125000         3.35492223E-06
   133.250000         2.56508906E-06
   133.375000         1.70926296E-06
   133.500000         8.08885090E-07
   133.625000        -1.14827657E-07
   133.750000        -1.04138121E-06
   133.875000        -1.95146481E-06
   134.000000        -2.82734709E-06
   134.125000        -3.65322171E-06
   134.250000        -4.41547445E-06
   134.375000        -5.10287236E-06
   134.500000        -5.70668726E-06
   134.625000        -6.22073276E-06
   134.750000        -6.64133540E-06
   134.875000        -6.96724601E-06
   135.000000        -7.19948866E-06
   135.125000        -7.34116338E-06
   135.250000        -7.39721281E-06
   135.375000        -7.37415849E-06
   135.500000        -7.27981160E-06
   135.625000        -7.12298061E-06
   135.750000        -6.91316973E-06
   135.875000        -6.66029337E-06
   136.000000        -6.37439734E-06
   136.125000        -6.06541107E-06
   136.250000        -5.74293244E-06
   136.375000        -5.41603231E-06
   136.500000        -5.09312258E-06
   136.625000        -4.78183620E-06
   136.750000        -4.48895617E-06
   136.875000        -4.22038602E-06
   137.000000        -3.98114025E-06
   137.125000        -3.77535616E-06
   137.250000        -3.60635477E-06
   137.375000        -3.47669220E-06
   137.500000        -3.38824907E-06
   137.625000        -3.34232004E-06
   137.750000        -3.33970729E-06
   137.875000        -3.38081668E-06
   138.000000        -3.46574075E-06
   138.125000        -3.59432556E-06
   138.250000        -3.76621438E-06
   138.375000        -3.98086377E-06
   138.500000        -4.23754227E-06
   138.625000        -4.53528492E-06
   138.750000        -4.87284024E-06
   138.875000        -5.24858115E-06
   139.000000        -5.66040808E-06
   139.125000        -6.10563984E-06
   139.250000        -6.58089948E-06
   139.375000        -7.08200650E-06
   139.500000        -7.60387456E-06
   139.625000        -8.14042596E-06
   139.750000        -8.68454208E-06
   139.875000        -9.22804065E-06
   140.000000        -9.76170486E-06
   140.125000        -1.02753565E-05
   140.250000        -1.07579936E-05
   140.375000        -1.11979762E-05
   140.500000        -1.15832727E-05
   140.625000        -1.19017659E-05
   140.750000        -1.21415769E-05
   140.875000        -1.22914471E-05
   141.000000        -1.23411146E-05
   141.125000        -1.22817082E-05
   141.250000        -1.21061184E-05
   141.375000        -1.18093476E-05
   141.500000        -1.13888136E-05
   141.625000        -1.08445984E-05
   141.750000        -1.01796331E-05
   141.875000        -9.39979236E-06
   142.000000        -8.51390178E-06
   142.125000        -7.53365566E-06
   142.250000        -6.47342813E-06
   142.375000        -5.34998571E-06
   142.500000        -4.18212539E-06
   142.625000        -2.99021190E-06
   142.750000        -1.79568076E-06
   142.875000        -6.20479511E-07
   143.000000         5.13498946E-07
   143.125000         1.58499404E-06
   143.250000         2.57391707E-06
   143.375000         3.46185971E-06
   143.500000         4.23254096E-06
   143.625000         4.87217403E-06
   143.750000         5.36975404E-06
   143.875000         5.71725195E-06
   144.000000         5.90969148E-06
   144.125000         5.94514222E-06
   144.250000         5.82461143E-06
   144.375000         5.55183669E-06
   144.500000         5.13301802E-06
   144.625000         4.57647866E-06
   144.750000         3.89230036E-06
   144.875000         3.09193615E-06
   145.000000         2.18783043E-06
   145.125000         1.19305946E-06
   145.250000         1.21023191E-07
   145.375000        -1.01482055E-06
   145.500000        -2.20114384E-06
   145.625000        -3.42488897E-06
   145.750000        -4.67331893E-06
   145.875000        -5.93402319E-06
   146.000000        -7.19486025E-06
   146.125000        -8.44385795E-06
   146.250000        -9.66908101E-06
   146.375000        -1.08584945E-05
   146.500000        -1.19998249E-05
   146.625000        -1.30804528E-05
   146.750000        -1.40873435E-05
   146.875000        -1.50070446E-05
   147.000000        -1.58257517E-05
   147.125000        -1.65294605E-05
   147.250000        -1.71041956E-05
   147.375000        -1.75363275E-05
   147.500000        -1.78129594E-05
   147.625000        -1.79223698E-05
   147.750000        -1.78544960E-05
   147.875000        -1.76014310E-05
   148.000000        -1.71579140E-05
   148.125000        -1.65217753E-05
   148.250000        -1.56943406E-05
   148.375000        -1.46807242E-05
   148.500000        -1.34900429E-05
   148.625000        -1.21354815E-05
   148.750000        -1.06342359E-05
   148.875000        -9.00729719E-06
   149.000000        -7.27910992E-06
   149.125000        -5.47706486E-06
   149.250000        -3.63088884E-06
   149.375000        -1.77190498E-06
   149.500000         6.77723193E-08
   149.625000         1.85610156E-06
   149.750000         3.56199257E-06
   149.875000         5.15617194E-06
   150.000000         6.61199056E-06
   150.125000         7.90615286E-06
   150.250000         9.01932708E-06
   150.375000         9.93662525E-06
   150.500000         1.06479265E-05
   150.625000         1.11480385E-05
   150.750000         1.14366849E-05
   150.875000         1.15183293E-05
   151.000000         1.14018321E-05
   151.125000         1.10999763E-05
   151.250000         1.06288544E-05
   151.375000         1.00071720E-05
   151.500000         9.25548193E-06
   151.625000         8.39539189E-06
   151.750000         7.44877116E-06
   151.875000         6.43700196E-06
   152.000000         5.38030326E-06
   152.125000         4.29715010E-06
   152.250000         3.20379763E-06
   152.375000         2.11396832E-06
   152.500000         1.03863908E-06
   152.625000        -1.40008281E-08
   152.750000        -1.03846651E-06
   152.875000        -2.03176705E-06
   153.000000        -2.99307976E-06
   153.125000        -3.92332595E-06
   153.250000        -4.82469341E-06
   153.375000        -5.70009070E-06
   153.500000        -6.55259828E-06
   153.625000        -7.38492736E-06
   153.750000        -8.19891466E-06
   153.875000        -8.99508905E-06
   154.000000        -9.77231866E-06
   154.125000        -1.05275567E-05
   154.250000        -1.12557254E-05
   154.375000        -1.19496890E-05
   154.500000        -1.26003724E-05
   154.625000        -1.31969955E-05
   154.750000        -1.37273964E-05
   154.875000        -1.41784694E-05
   155.000000        -1.45366694E-05
   155.125000        -1.47885794E-05
   155.250000        -1.49215175E-05
   155.375000        -1.49241569E-05
   155.500000        -1.47871369E-05
   155.625000        -1.45036292E-05
   155.750000        -1.40698439E-05
   155.875000        -1.34854481E-05
   156.000000        -1.27538606E-05
   156.125000        -1.18824364E-05
   156.250000        -1.08825034E-05
   156.375000        -9.76924366E-06
   156.500000        -8.56143743E-06
   156.625000        -7.28107761E-06
   156.750000        -5.95282381E-06
   156.875000        -4.60337924E-06
   157.000000        -3.26074837E-06
   157.125000        -1.95341659E-06
   157.250000        -7.09511596E-07
   157.375000         4.44072981E-07
   157.500000         1.48253991E-06
   157.625000         2.38398593E-06
   157.750000         3.13012492E-06
   157.875000         3.70689463E-06
   158.000000         4.10492112E-06
   158.125000         4.31982880E-06
   158.250000         4.35237143E-06
   158.375000         4.20837068E-06
   158.500000         3.89849538E-06
   158.625000         3.43786064E-06
   158.750000         2.84547559E-06
   158.875000         2.14356010E-06
   159.000000         1.35675270E-06
   159.125000         5.11251017E-07
   159.250000        -3.66098163E-07
   159.375000        -1.24871246E-06
   159.500000        -2.11115821E-06
   159.625000        -2.92996810E-06
   159.750000        -3.68436349E-06
   159.875000        -4.35684342E-06
   160.000000        -4.93362450E-06
   160.125000        -5.40491646E-06
   160.250000        -5.76501225E-06
   160.375000        -6.01222200E-06
   160.500000        -6.14864166E-06
   160.625000        -6.17977867E-06
   160.750000        -6.11404994E-06
   160.875000        -5.96220843E-06
   161.000000        -5.73669604E-06
   161.125000        -5.45097055E-06
   161.250000        -5.11882945E-06
   161.375000        -4.75376783E-06
   161.500000        -4.36839127E-06
   161.625000        -3.97393114E-06
   161.750000        -3.57985095E-06
   161.875000        -3.19357673E-06
   162.000000        -2.82037354E-06
   162.125000        -2.46334230E-06
   162.250000        -2.12355576E-06
   162.375000        -1.80030497E-06
   162.500000        -1.49143568E-06
   162.625000        -1.19376739E-06
   162.750000        -9.03547743E-07
   162.875000        -6.16930265E-07
   163.000000        -3.30440685E-07
   163.125000        -4.14136494E-08
   163.250000         2.51626290E-07
   163.375000         5.48663195E-07
   163.500000         8.47966248E-07
   163.625000         1.14597844E-06
   163.750000         1.43730915E-06
   163.875000         1.71483703E-06
   164.000000         1.96992301E-06
   164.125000         2.19271033E-06
   164.250000         2.37252152E-06
   164.375000         2.49830828E-06
   164.500000         2.55914915E-06
   164.625000         2.54475981E-06
   164.750000         2.44599755E-06
   164.875000         2.25533745E-06
   165.000000         1.96729184E-06
   165.125000         1.57876843E-06
   165.250000         1.08933966E-06
   165.375000         5.01421823E-07
   165.500000        -1.79647500E-07
   165.625000        -9.45635293E-07
   165.750000        -1.78554069E-06
   165.875000        -2.68582085E-06
   166.000000        -3.63070239E-06
   166.125000        -4.60257343E-06
   166.250000        -5.58243892E-06
   166.375000        -6.55041731E-06
   166.500000        -7.48626599E-06
   166.625000        -8.36991603E-06
   166.750000        -9.18199385E-06
   166.875000        -9.90431545E-06
   167.000000        -1.05203499E-05
   167.125000        -1.10156116E-05
   167.250000        -1.13780134E-05
   167.375000        -1.15981393E-05
   167.500000        -1.16694519E-05
   167.625000        -1.15884313E-05
   167.750000        -1.13546421E-05
   167.875000        -1.09707289E-05
   168.000000        -1.04423489E-05
   168.125000        -9.77804484E-06
   168.250000        -8.98906183E-06
   168.375000        -8.08910318E-06
   168.500000        -7.09405867E-06
   168.625000        -6.02167802E-06
   168.750000        -4.89122158E-06
   168.875000        -3.72308114E-06
   169.000000        -2.53837948E-06
   169.125000        -1.35855589E-06
   169.250000        -2.04949259E-07
   169.375000         9.01630870E-07
   169.500000         1.94131781E-06
   169.625000         2.89559330E-06
   169.750000         3.74767296E-06
   169.875000         4.48285482E-06
   170.000000         5.08883113E-06
   170.125000         5.55594488E-06
   170.250000         5.87739805E-06
   170.375000         6.04937577E-06
