  -4.50000000         0.00000000    
  -4.37500000         0.00000000    
  -4.25000000         0.00000000    
  -4.12500000         0.00000000    
  -4.00000000         0.00000000    
  -3.87500000         0.00000000    
  -3.75000000         1.00447807E-32
  -3.62500000         1.34489190E-31
  -3.50000000         3.11242504E-31
  -3.37500000        -3.36315893E-31
  -3.25000000        -3.92462242E-30
  -3.12500000        -3.18508609E-29
  -3.00000000        -1.47641489E-28
  -2.87500000        -3.85238856E-28
  -2.75000000        -5.88471120E-28
  -2.62500000        -9.82191049E-29
  -2.50000000         2.51405175E-27
  -2.37500000         9.02362813E-27
  -2.25000000         1.95453601E-26
  -2.12500000         2.84656883E-26
  -2.00000000         1.97793190E-26
  -1.87500000        -3.30604764E-26
  -1.75000000        -1.53641101E-25
  -1.62500000        -3.25581064E-25
  -1.50000000        -4.30293746E-25
  -1.37500000        -1.79556316E-25
  -1.25000000         9.02864815E-25
  -1.12500000         3.36240996E-24
  -1.00000000         7.46334282E-24
 -0.875000000         1.25701120E-23
 -0.750000000         1.63744158E-23
 -0.625000000         1.43201494E-23
 -0.500000000        -1.62825858E-25
 -0.375000000        -3.38679854E-23
 -0.250000000        -8.98967397E-23
 -0.125000000        -1.61732326E-22
   0.00000000        -2.26660438E-22
  0.125000000        -2.41510132E-22
  0.250000000        -1.45145837E-22
  0.375000000         1.27425308E-22
  0.500000000         6.16067500E-22
  0.625000000         1.29281070E-21
  0.750000000         2.01385158E-21
  0.875000000         2.48354274E-21
   1.00000000         2.25525463E-21
   1.12500000         7.96211019E-22
   1.25000000        -2.36427747E-21
   1.37500000        -7.40437639E-21
   1.50000000        -1.39314308E-20
   1.62500000        -2.07299895E-20
   1.75000000        -2.56452889E-20
   1.87500000        -2.57250989E-20
   2.00000000        -1.77192459E-20
   2.12500000         1.03573908E-21
   2.25000000         3.14377811E-20
   2.37500000         7.13826108E-20
   2.50000000         1.14840961E-19
   2.62500000         1.51695722E-19
   2.75000000         1.68747507E-19
   2.87500000         1.52113733E-19
   3.00000000         9.09153953E-20
   3.12500000        -1.82826755E-20
   3.25000000        -1.67244869E-19
   3.37500000        -3.33321010E-19
   3.50000000        -4.79495249E-19
   3.62500000        -5.58214668E-19
   3.75000000        -5.19279638E-19
   3.87500000        -3.21082795E-19
   4.00000000         5.66030711E-20
   4.12500000         6.00985851E-19
   4.25000000         1.25887180E-18
   4.37500000         1.93635557E-18
   4.50000000         2.50733085E-18
   4.62500000         2.83086683E-18
   4.75000000         2.77549743E-18
   4.87500000         2.24664508E-18
   5.00000000         1.21221582E-18
   5.12500000        -2.78790886E-19
   5.25000000        -2.08895406E-18
   5.37500000        -3.99893188E-18
   5.50000000        -5.72818935E-18
   5.62500000        -6.96826047E-18
   5.75000000        -7.42527610E-18
   5.87500000        -6.86756157E-18
   6.00000000        -5.17363754E-18
   6.12500000        -2.37562136E-18
   6.25000000         1.30761807E-18
   6.37500000         5.45414482E-18
   6.50000000         9.44698079E-18
   6.62500000         1.25138522E-17
   6.75000000         1.38038015E-17
   6.87500000         1.25004725E-17
   7.00000000         7.96361765E-18
   7.12500000        -1.19823690E-19
   7.25000000        -1.16028575E-17
   7.37500000        -2.57964711E-17
   7.50000000        -4.14683310E-17
   7.62500000        -5.69394936E-17
   7.75000000        -7.02752002E-17
   7.87500000        -7.95399672E-17
   8.00000000        -8.30633066E-17
   8.12500000        -7.96492079E-17
   8.25000000        -6.86664729E-17
   8.37500000        -4.99821801E-17
   8.50000000        -2.37445470E-17
   8.62500000         9.92485131E-18
   8.75000000         5.12199003E-17
   8.87500000         1.00781072E-16
   9.00000000         1.59536909E-16
   9.12500000         2.28173365E-16
   9.25000000         3.06240474E-16
   9.37500000         3.91024290E-16
   9.50000000         4.76434486E-16
   9.62500000         5.52251982E-16
   9.75000000         6.04115915E-16
   9.87500000         6.14579631E-16
   10.0000000         5.65423503E-16
   10.1250000         4.41181690E-16
   10.2500000         2.33555042E-16
   10.3750000        -5.39154768E-17
   10.5000000        -4.01787934E-16
   10.6250000        -7.72285519E-16
   10.7500000        -1.10948071E-15
   10.8750000        -1.34287598E-15
   11.0000000        -1.39475007E-15
   11.1250000        -1.19106840E-15
   11.2500000        -6.75096165E-16
   11.3750000         1.77802764E-16
   11.5000000         1.34623616E-15
   11.6250000         2.75207336E-15
   11.7500000         4.25529193E-15
   11.8750000         5.65632636E-15
   12.0000000         6.70711604E-15
   12.1250000         7.13101961E-15
   12.2500000         6.65057321E-15
   12.3750000         5.02089113E-15
   12.5000000         2.06553283E-15
   12.6250000        -2.28897377E-15
   12.7500000        -7.98390894E-15
   12.8750000        -1.48080672E-14
   13.0000000        -2.23891950E-14
   13.1250000        -3.01988625E-14
   13.2500000        -3.75711933E-14
   13.3750000        -4.37346692E-14
   13.5000000        -4.78552710E-14
   13.6250000        -4.90885984E-14
   13.7500000        -4.66384642E-14
   13.8750000        -3.98194932E-14
   14.0000000        -2.81216124E-14
   14.1250000        -1.12744651E-14
   14.2500000         1.06902478E-14
   14.3750000         3.73810920E-14
   14.5000000         6.79974672E-14
   14.6250000         1.01293594E-13
   14.7500000         1.35562677E-13
   14.8750000         1.68649464E-13
   15.0000000         1.98000280E-13
   15.1250000         2.20758619E-13
   15.2500000         2.33912851E-13
   15.3750000         2.34497643E-13
   15.5000000         2.19845450E-13
   15.6250000         1.87876285E-13
   15.7500000         1.37406539E-13
   15.8750000         6.84491052E-14
   16.0000000        -1.75282254E-14
   16.1250000        -1.17423500E-13
   16.2500000        -2.26436450E-13
   16.3750000        -3.38151111E-13
   16.5000000        -4.44787002E-13
   16.6250000        -5.37626638E-13
   16.7500000        -6.07611726E-13
   16.8750000        -6.46080140E-13
   17.0000000        -6.45599839E-13
   17.1250000        -6.00839094E-13
   17.2500000        -5.09400736E-13
   17.3750000        -3.72540730E-13
   17.5000000        -1.95690821E-13
   17.6250000         1.12925458E-14
   17.7500000         2.34219003E-13
   17.8750000         4.55046049E-13
   18.0000000         6.52783220E-13
   18.1250000         8.04823114E-13
   18.2500000         8.88673792E-13
   18.3750000         8.84030587E-13
   18.5000000         7.75085779E-13
   18.6250000         5.52932537E-13
   18.7500000         2.17877013E-13
   18.8750000        -2.18561985E-13
   19.0000000        -7.32214582E-13
   19.1250000        -1.28563685E-12
   19.2500000        -1.82854188E-12
   19.3750000        -2.29948244E-12
   19.5000000        -2.62890534E-12
   19.6250000        -2.74359572E-12
   19.7500000        -2.57240670E-12
   19.8750000        -2.05302550E-12
   20.0000000        -1.13939446E-12
   20.1250000         1.90733632E-13
   20.2500000         1.92871066E-12
   20.3750000         4.02905313E-12
   20.5000000         6.40533633E-12
   20.6250000         8.92855321E-12
   20.7500000         1.14284953E-11
   20.8750000         1.36985458E-11
   21.0000000         1.55040963E-11
   21.1250000         1.65946007E-11
   21.2500000         1.67189509E-11
   21.3750000         1.56437190E-11
   21.5000000         1.31734294E-11
   21.6250000         9.17185425E-12
   21.7500000         3.58303296E-12
   21.8750000        -3.54945001E-12
   22.0000000        -1.20665335E-11
   22.1250000        -2.16827684E-11
   22.2500000        -3.19820767E-11
   22.3750000        -4.24216010E-11
   22.5000000        -5.23448715E-11
   22.6250000        -6.10049997E-11
   22.7500000        -6.75980105E-11
   22.8750000        -7.13058501E-11
   23.0000000        -7.13476778E-11
   23.1250000        -6.70373201E-11
   23.2500000        -5.78439831E-11
   23.3750000        -4.34526339E-11
   23.5000000        -2.38199113E-11
   23.6250000         7.78942015E-13
   23.7500000         2.97164689E-11
   23.8750000         6.19968729E-11
   24.0000000         9.62610269E-11
   24.1250000         1.30815095E-10
   24.2500000         1.63684080E-10
   24.3750000         1.92690530E-10
   24.5000000         2.15556184E-10
   24.6250000         2.30023681E-10
   24.7500000         2.33993130E-10
   24.8750000         2.25666708E-10
   25.0000000         2.03694298E-10
   25.1250000         1.67310860E-10
   25.2500000         1.16456803E-10
   25.3750000         5.18722149E-11
   25.5000000        -2.48435664E-11
   25.6250000        -1.11214128E-10
   25.7500000        -2.03915579E-10
   25.8750000        -2.98857328E-10
   26.0000000        -3.91314675E-10
   26.1250000        -4.76111262E-10
   26.2500000        -5.47846823E-10
   26.3750000        -6.01161954E-10
   26.5000000        -6.31029784E-10
   26.6250000        -6.33060215E-10
   26.7500000        -6.03803507E-10
   26.8750000        -5.41034773E-10
   27.0000000        -4.44003306E-10
   27.1250000        -3.13630039E-10
   27.2500000        -1.52636820E-10
   27.3750000         3.44064395E-11
   27.5000000         2.41126591E-10
   27.6250000         4.59491667E-10
   27.7500000         6.80057455E-10
   27.8750000         8.92313057E-10
   28.0000000         1.08511733E-09
   28.1250000         1.24721233E-09
   28.2500000         1.36779343E-09
   28.3750000         1.43711076E-09
   28.5000000         1.44707413E-09
   28.6250000         1.39182665E-09
   28.7500000         1.26825350E-09
   28.8750000         1.07639075E-09
   29.0000000         8.19703361E-10
   29.1250000         5.05200326E-10
   29.2500000         1.43367748E-10
   29.3750000        -2.52091986E-10
   29.5000000        -6.64724054E-10
   29.6250000        -1.07597486E-09
   29.7500000        -1.46601931E-09
   29.8750000        -1.81472626E-09
   30.0000000        -2.10272244E-09
   30.1250000        -2.31249908E-09
   30.2500000        -2.42950438E-09
   30.3750000        -2.44315079E-09
   30.5000000        -2.34767872E-09
   30.6250000        -2.14280926E-09
   30.7500000        -1.83413118E-09
   30.8750000        -1.43317980E-09
   31.0000000        -9.57179003E-10
   31.1250000        -4.28426489E-10
   31.2500000         1.26651023E-10
   31.3750000         6.78763989E-10
   31.5000000         1.19727928E-09
   31.6250000         1.65193192E-09
   31.7500000         2.01463601E-09
   31.8750000         2.26130403E-09
   32.0000000         2.37355069E-09
   32.1250000         2.34019337E-09
   32.2500000         2.15842522E-09
   32.3750000         1.83458393E-09
   32.5000000         1.38443501E-09
   32.6250000         8.32920288E-10
   32.7500000         2.13350657E-10
   32.8750000        -4.33947267E-10
   33.0000000        -1.06349429E-09
   33.1250000        -1.62694946E-09
   33.2500000        -2.07573669E-09
   33.3750000        -2.36387976E-09
   33.5000000        -2.45088305E-09
   33.6250000        -2.30453812E-09
   33.7500000        -1.90345650E-09
   33.8750000        -1.23920074E-09
   34.0000000        -3.17871590E-10
   34.1250000         8.38965175E-10
   34.2500000         2.19409801E-09
   34.3750000         3.69529585E-09
   34.5000000         5.27672217E-09
   34.6250000         6.86113788E-09
   34.7500000         8.36279934E-09
   34.8750000         9.69094849E-09
   35.0000000         1.07537534E-08
   35.1250000         1.14625269E-08
   35.2500000         1.17360202E-08
   35.3750000         1.15046292E-08
   35.5000000         1.07142615E-08
   35.6250000         9.32973254E-09
   35.7500000         7.33748395E-09
   35.8750000         4.74748330E-09
   36.0000000         1.59423974E-09
   36.1250000        -2.06317985E-09
   36.2500000        -6.14211304E-09
   36.3750000        -1.05382600E-08
   36.5000000        -1.51285278E-08
   36.6250000        -1.97746939E-08
   36.7500000        -2.43277203E-08
   36.8750000        -2.86325914E-08
   37.0000000        -3.25334177E-08
   37.1250000        -3.58787240E-08
   37.2500000        -3.85266006E-08
   37.3750000        -4.03496294E-08
   37.5000000        -4.12393391E-08
   37.6250000        -4.11101091E-08
   37.7500000        -3.99023143E-08
   37.8750000        -3.75846838E-08
   38.0000000        -3.41557822E-08
   38.1250000        -2.96446085E-08
   38.2500000        -2.41102640E-08
   38.3750000        -1.76408186E-08
   38.5000000        -1.03513340E-08
   38.6250000        -2.38119968E-09
   38.7500000         6.10914563E-09
   38.8750000         1.49419765E-08
   39.0000000         2.39264342E-08
   39.1250000         3.28629284E-08
   39.2500000         4.15476755E-08
   39.3750000         4.97772739E-08
   39.5000000         5.73531942E-08
   39.6250000         6.40861089E-08
   39.7500000         6.97999738E-08
   39.8750000         7.43358655E-08
   40.0000000         7.75554057E-08
   40.1250000         7.93438630E-08
   40.2500000         7.96128177E-08
   40.3750000         7.83024632E-08
   40.5000000         7.53833547E-08
   40.6250000         7.08578440E-08
   40.7500000         6.47609468E-08
   40.8750000         5.71607472E-08
   41.0000000         4.81582312E-08
   41.1250000         3.78865401E-08
   41.2500000         2.65095643E-08
   41.3750000         1.42198084E-08
   41.5000000         1.23542188E-09
   41.6250000        -1.22036710E-08
   41.7500000        -2.58406114E-08
   41.8750000        -3.94075137E-08
   42.0000000        -5.26325081E-08
   42.1250000        -6.52479315E-08
   42.2500000        -7.69996902E-08
   42.3750000        -8.76577460E-08
   42.5000000        -9.70276446E-08
   42.6250000        -1.04963050E-07
   42.7500000        -1.11378952E-07
   42.8750000        -1.16265475E-07
   43.0000000        -1.19702037E-07
   43.1250000        -1.21871338E-07
   43.2500000        -1.23073136E-07
   43.3750000        -1.23737181E-07
   43.5000000        -1.24435161E-07
   43.6250000        -1.25890992E-07
   43.7500000        -1.28989200E-07
   43.8750000        -1.34781075E-07
   44.0000000        -1.44487970E-07
   44.1250000        -1.59501553E-07
   44.2500000        -1.81380628E-07
   44.3750000        -2.11844281E-07
   44.5000000        -2.52760799E-07
   44.6250000        -3.06132790E-07
   44.7500000        -3.74077700E-07
   44.8750000        -4.58803754E-07
   45.0000000        -5.62582045E-07
   45.1250000        -6.87713452E-07
   45.2500000        -8.36492291E-07
   45.3750000        -1.01116530E-06
   45.5000000        -1.21388757E-06
   45.6250000        -1.44667536E-06
   45.7500000        -1.71135616E-06
   45.8750000        -2.00951786E-06
   46.0000000        -2.34245681E-06
   46.1250000        -2.71112526E-06
   46.2500000        -3.11608278E-06
   46.3750000        -3.55744851E-06
   46.5000000        -4.03485637E-06
   46.6250000        -4.54741939E-06
   46.7500000        -5.09370011E-06
   46.8750000        -5.67168581E-06
   47.0000000        -6.27877989E-06
   47.1250000        -6.91179866E-06
   47.2500000        -7.56698637E-06
   47.3750000        -8.24003928E-06
   47.5000000        -8.92614480E-06
   47.6250000        -9.62003833E-06
   47.7500000        -1.03160701E-05
   47.8750000        -1.10082901E-05
   48.0000000        -1.16905412E-05
   48.1250000        -1.23565715E-05
   48.2500000        -1.30001481E-05
   48.3750000        -1.36151848E-05
   48.5000000        -1.41958735E-05
   48.6250000        -1.47368128E-05
   48.7500000        -1.52331449E-05
   48.8750000        -1.56806709E-05
   49.0000000        -1.60759791E-05
   49.1250000        -1.64165449E-05
   49.2500000        -1.67008184E-05
   49.3750000        -1.69282939E-05
   49.5000000        -1.70995627E-05
   49.6250000        -1.72163309E-05
   49.7500000        -1.72814216E-05
   49.8750000        -1.72987420E-05
   50.0000000        -1.72732252E-05
   50.1250000        -1.72107593E-05
   50.2500000        -1.71180563E-05
   50.3750000        -1.70025396E-05
   50.5000000        -1.68721745E-05
   50.6250000        -1.67353119E-05
   50.7500000        -1.66004938E-05
   50.8750000        -1.64762714E-05
   51.0000000        -1.63710010E-05
   51.1250000        -1.62926553E-05
   51.2500000        -1.62486376E-05
   51.3750000        -1.62456054E-05
   51.5000000        -1.62893120E-05
   51.6250000        -1.63844797E-05
   51.7500000        -1.65346755E-05
   51.8750000        -1.67422331E-05
   52.0000000        -1.70082039E-05
   52.1250000        -1.73323206E-05
   52.2500000        -1.77130187E-05
   52.3750000        -1.81474643E-05
   52.5000000        -1.86316265E-05
   52.6250000        -1.91603722E-05
   52.7500000        -1.97275767E-05
   52.8750000        -2.03262734E-05
   53.0000000        -2.09487971E-05
   53.1250000        -2.15869550E-05
   53.2500000        -2.22321996E-05
   53.3750000        -2.28758090E-05
   53.5000000        -2.35090556E-05
   53.6250000        -2.41233847E-05
   53.7500000        -2.47105636E-05
   53.8750000        -2.52628433E-05
   54.0000000        -2.57730862E-05
   54.1250000        -2.62348822E-05
   54.2500000        -2.66426596E-05
   54.3750000        -2.69917509E-05
   54.5000000        -2.72784691E-05
   54.6250000        -2.75001457E-05
   54.7500000        -2.76551546E-05
   54.8750000        -2.77429281E-05
   55.0000000        -2.77639465E-05
   55.1250000        -2.77197159E-05
   55.2500000        -2.76127412E-05
   55.3750000        -2.74464710E-05
   55.5000000        -2.72252473E-05
   55.6250000        -2.69542379E-05
   55.7500000        -2.66393654E-05
   55.8750000        -2.62872218E-05
   56.0000000        -2.59049702E-05
   56.1250000        -2.55002597E-05
   56.2500000        -2.50811136E-05
   56.3750000        -2.46558193E-05
   56.5000000        -2.42328097E-05
   56.6250000        -2.38205412E-05
   56.7500000        -2.34273721E-05
   56.8750000        -2.30614241E-05
   57.0000000        -2.27304627E-05
   57.1250000        -2.24417599E-05
   57.2500000        -2.22019789E-05
   57.3750000        -2.20170405E-05
   57.5000000        -2.18920268E-05
   57.6250000        -2.18310779E-05
   57.7500000        -2.18373098E-05
   57.8750000        -2.19127487E-05
   58.0000000        -2.20582915E-05
   58.1250000        -2.22736817E-05
   58.2500000        -2.25575168E-05
   58.3750000        -2.29072793E-05
   58.5000000        -2.33193859E-05
   58.6250000        -2.37892709E-05
   58.7500000        -2.43114955E-05
   58.8750000        -2.48798624E-05
   59.0000000        -2.54875704E-05
   59.1250000        -2.61273472E-05
   59.2500000        -2.67916366E-05
   59.3750000        -2.74727481E-05
   59.5000000        -2.81630237E-05
   59.6250000        -2.88549836E-05
   59.7500000        -2.95414793E-05
   59.8750000        -3.02158005E-05
   60.0000000        -3.08717790E-05
   60.1250000        -3.15038524E-05
   60.2500000        -3.21071093E-05
   60.3750000        -3.26772861E-05
   60.5000000        -3.32107629E-05
   60.6250000        -3.37044949E-05
   60.7500000        -3.41559426E-05
   60.8750000        -3.45629815E-05
   61.0000000        -3.49237707E-05
   61.1250000        -3.52366478E-05
   61.2500000        -3.54999938E-05
   61.3750000        -3.57121098E-05
   61.5000000        -3.58711113E-05
   61.6250000        -3.59748556E-05
   61.7500000        -3.60208505E-05
   61.8750000        -3.60062477E-05
   62.0000000        -3.59278492E-05
   62.1250000        -3.57821446E-05
   62.2500000        -3.55654047E-05
   62.3750000        -3.52738170E-05
   62.5000000        -3.49036345E-05
   62.6250000        -3.44513937E-05
   62.7500000        -3.39141297E-05
   62.8750000        -3.32896161E-05
   63.0000000        -3.25766232E-05
   63.1250000        -3.17751692E-05
   63.2500000        -3.08867529E-05
   63.3750000        -2.99145740E-05
   63.5000000        -2.88637166E-05
   63.6250000        -2.77412801E-05
   63.7500000        -2.65564722E-05
   63.8750000        -2.53206272E-05
   64.0000000        -2.40471709E-05
   64.1250000        -2.27515138E-05
   64.2500000        -2.14508709E-05
   64.3750000        -2.01640214E-05
   64.5000000        -1.89110106E-05
   64.6250000        -1.77127695E-05
   64.7500000        -1.65907277E-05
   64.8750000        -1.55663583E-05
   65.0000000        -1.46607190E-05
   65.1250000        -1.38939740E-05
   65.2500000        -1.32849227E-05
   65.3750000        -1.28505562E-05
   65.5000000        -1.26056348E-05
   65.6250000        -1.25623264E-05
   65.7500000        -1.27298918E-05
   65.8750000        -1.31144498E-05
   66.0000000        -1.37188172E-05
   66.1250000        -1.45424219E-05
   66.2500000        -1.55813177E-05
   66.3750000        -1.68282659E-05
   66.5000000        -1.82729218E-05
   66.6250000        -1.99020669E-05
   66.7500000        -2.16999451E-05
   66.8750000        -2.36486158E-05
   67.0000000        -2.57283900E-05
   67.1250000        -2.79182659E-05
   67.2500000        -3.01963937E-05
   67.3750000        -3.25405417E-05
   67.5000000        -3.49285438E-05
   67.6250000        -3.73387084E-05
   67.7500000        -3.97502154E-05
   67.8750000        -4.21434015E-05
   68.0000000        -4.45000587E-05
   68.1250000        -4.68036051E-05
   68.2500000        -4.90392013E-05
   68.3750000        -5.11938015E-05
   68.5000000        -5.32561207E-05
   68.6250000        -5.52165511E-05
   68.7500000        -5.70669945E-05
   68.8750000        -5.88006733E-05
   69.0000000        -6.04118904E-05
   69.1250000        -6.18957711E-05
   69.2500000        -6.32479787E-05
   69.3750000        -6.44644606E-05
   69.5000000        -6.55412077E-05
   69.6250000        -6.64740219E-05
   69.7500000        -6.72583628E-05
   69.8750000        -6.78892029E-05
   70.0000000        -6.83610051E-05
   70.1250000        -6.86677231E-05
   70.2500000        -6.88028667E-05
   70.3750000        -6.87596767E-05
   70.5000000        -6.85312916E-05
   70.6250000        -6.81110614E-05
   70.7500000        -6.74928378E-05
   70.8750000        -6.66713386E-05
   71.0000000        -6.56425327E-05
   71.1250000        -6.44040047E-05
   71.2500000        -6.29553688E-05
   71.3750000        -6.12986041E-05
   71.5000000        -5.94383928E-05
   71.6250000        -5.73823891E-05
   71.7500000        -5.51414450E-05
   71.8750000        -5.27297561E-05
   72.0000000        -5.01649338E-05
   72.1250000        -4.74679582E-05
   72.2500000        -4.46631238E-05
   72.3750000        -4.17778137E-05
   72.5000000        -3.88422413E-05
   72.6250000        -3.58891157E-05
   72.7500000        -3.29532086E-05
   72.8750000        -3.00709016E-05
   73.0000000        -2.72796497E-05
   73.1250000        -2.46174477E-05
   73.2500000        -2.21222399E-05
   73.3750000        -1.98313555E-05
   73.5000000        -1.77809288E-05
   73.6250000        -1.60053296E-05
   73.7500000        -1.45366485E-05
   73.8750000        -1.34041902E-05
   74.0000000        -1.26340256E-05
   74.1250000        -1.22485944E-05
   74.2500000        -1.22663560E-05
   74.3750000        -1.27014982E-05
   74.5000000        -1.35637101E-05
   74.6250000        -1.48580093E-05
   74.7500000        -1.65846250E-05
   74.8750000        -1.87389396E-05
   75.0000000        -2.13114927E-05
   75.1250000        -2.42880233E-05
   75.2500000        -2.76495721E-05
   75.3750000        -3.13726305E-05
   75.5000000        -3.54293297E-05
   75.6250000        -3.97877011E-05
   75.7500000        -4.44119250E-05
   75.8750000        -4.92626932E-05
   76.0000000        -5.42975467E-05
   76.1250000        -5.94712983E-05
   76.2500000        -6.47364432E-05
   76.3750000        -7.00436722E-05
   76.5000000        -7.53422864E-05
   76.6250000        -8.05808086E-05
   76.7500000        -8.57074338E-05
   76.8750000        -9.06705900E-05
   77.0000000        -9.54194838E-05
   77.1250000        -9.99045951E-05
   77.2500000        -1.04078194E-04
   77.3750000        -1.07894812E-04
   77.5000000        -1.11311652E-04
   77.6250000        -1.14289011E-04
   77.7500000        -1.16790616E-04
   77.8750000        -1.18783864E-04
   78.0000000        -1.20240096E-04
   78.1250000        -1.21134726E-04
   78.2500000        -1.21447352E-04
   78.3750000        -1.21161822E-04
   78.5000000        -1.20266202E-04
   78.6250000        -1.18752760E-04
   78.7500000        -1.16617892E-04
   78.8750000        -1.13861999E-04
   79.0000000        -1.10489389E-04
   79.1250000        -1.06508152E-04
   79.2500000        -1.01930047E-04
   79.3750000        -9.67703963E-05
   79.5000000        -9.10479794E-05
   79.6250000        -8.47850097E-05
   79.7500000        -7.80070113E-05
   79.8750000        -7.07428408E-05
   80.0000000        -6.30246650E-05
   80.1250000        -5.48879070E-05
   80.2500000        -4.63712640E-05
   80.3750000        -3.75166601E-05
   80.5000000        -2.83691643E-05
   80.6250000        -1.89769034E-05
   80.7500000        -9.39088295E-06
   80.8750000         3.35232244E-07
   81.0000000         1.01454298E-05
   81.1250000         1.99817496E-05
   81.2500000         2.97847528E-05
   81.3750000         3.94941126E-05
   81.5000000         4.90492748E-05
   81.6250000         5.83902001E-05
   81.7500000         6.74581752E-05
   81.8750000         7.61966803E-05
   82.0000000         8.45522954E-05
   82.1250000         9.24755805E-05
   82.2500000         9.99220138E-05
   82.3750000         1.06852793E-04
   82.5000000         1.13235641E-04
   82.6250000         1.19045450E-04
   82.7500000         1.24264887E-04
   82.8750000         1.28884712E-04
   83.0000000         1.32904053E-04
   83.1250000         1.36330433E-04
   83.2500000         1.39179581E-04
   83.3750000         1.41475117E-04
   83.5000000         1.43247977E-04
   83.6250000         1.44535617E-04
   83.7500000         1.45381186E-04
   83.8750000         1.45832324E-04
   84.0000000         1.45940066E-04
   84.1250000         1.45757513E-04
   84.2500000         1.45338432E-04
   84.3750000         1.44735968E-04
   84.5000000         1.44001286E-04
   84.6250000         1.43182275E-04
   84.7500000         1.42322388E-04
   84.8750000         1.41459619E-04
   85.0000000         1.40625605E-04
   85.1250000         1.39845055E-04
   85.2500000         1.39135140E-04
   85.3750000         1.38505406E-04
   85.5000000         1.37957730E-04
   85.6250000         1.37486553E-04
   85.7500000         1.37079332E-04
   85.8750000         1.36717223E-04
   86.0000000         1.36375893E-04
   86.1250000         1.36026531E-04
   86.2500000         1.35636947E-04
   86.3750000         1.35172741E-04
   86.5000000         1.34598580E-04
   86.6250000         1.33879395E-04
   86.7500000         1.32981600E-04
   86.8750000         1.31874272E-04
   87.0000000         1.30530127E-04
   87.1250000         1.28926476E-04
   87.2500000         1.27046034E-04
   87.3750000         1.24877479E-04
   87.5000000         1.22415906E-04
   87.6250000         1.19663076E-04
   87.7500000         1.16627540E-04
   87.8750000         1.13324459E-04
   88.0000000         1.09775385E-04
   88.1250000         1.06007843E-04
   88.2500000         1.02054742E-04
   88.3750000         9.79537290E-05
   88.5000000         9.37463992E-05
   88.6250000         8.94774348E-05
   88.7500000         8.51937366E-05
   88.8750000         8.09434350E-05
   89.0000000         7.67750098E-05
   89.1250000         7.27362785E-05
   89.2500000         6.88735599E-05
   89.3750000         6.52307717E-05
   89.5000000         6.18486592E-05
   89.6250000         5.87640789E-05
   89.7500000         5.60093758E-05
   89.8750000         5.36118714E-05
   90.0000000         5.15934589E-05
   90.1250000         4.99703056E-05
   90.2500000         4.87526777E-05
   90.3750000         4.79449081E-05
   90.5000000         4.75454653E-05
   90.6250000         4.75471315E-05
   90.7500000         4.79373193E-05
   90.8750000         4.86984609E-05
   91.0000000         4.98085028E-05
   91.1250000         5.12414699E-05
   91.2500000         5.29681165E-05
   91.3750000         5.49565702E-05
   91.5000000         5.71730452E-05
   91.6250000         5.95825513E-05
   91.7500000         6.21495783E-05
   91.8750000         6.48387868E-05
   92.0000000         6.76155760E-05
   92.1250000         7.04466729E-05
   92.2500000         7.33005945E-05
   92.3750000         7.61480624E-05
   92.5000000         7.89622572E-05
   92.6250000         8.17190594E-05
   92.7500000         8.43971284E-05
   92.8750000         8.69779178E-05
   93.0000000         8.94456243E-05
   93.1250000         9.17869620E-05
   93.2500000         9.39910242E-05
   93.3750000         9.60489342E-05
   93.5000000         9.79535835E-05
   93.6250000         9.96992894E-05
   93.7500000         1.01281461E-04
   93.8750000         1.02696285E-04
   94.0000000         1.03940452E-04
   94.1250000         1.05010906E-04
   94.2500000         1.05904634E-04
   94.3750000         1.06618565E-04
   94.5000000         1.07149448E-04
   94.6250000         1.07493906E-04
   94.7500000         1.07648440E-04
   94.8750000         1.07609587E-04
   95.0000000         1.07374035E-04
   95.1250000         1.06938889E-04
   95.2500000         1.06301857E-04
   95.3750000         1.05461477E-04
   95.5000000         1.04417413E-04
   95.6250000         1.03170627E-04
   95.7500000         1.01723592E-04
   95.8750000         1.00080440E-04
   96.0000000         9.82470592E-05
   96.1250000         9.62311096E-05
   96.2500000         9.40420068E-05
   96.3750000         9.16908029E-05
   96.5000000         8.91900199E-05
   96.6250000         8.65534166E-05
   96.7500000         8.37957050E-05
   96.8750000         8.09322228E-05
   97.0000000         7.79785332E-05
   97.1250000         7.49501269E-05
   97.2500000         7.18619776E-05
   97.3750000         6.87282372E-05
   97.5000000         6.55619151E-05
   97.6250000         6.23746237E-05
   97.7500000         5.91763928E-05
   97.8750000         5.59755463E-05
   98.0000000         5.27787051E-05
   98.1250000         4.95907989E-05
   98.2500000         4.64152617E-05
   98.3750000         4.32542183E-05
   98.5000000         4.01088146E-05
   98.6250000         3.69795416E-05
   98.7500000         3.38666614E-05
   98.8750000         3.07706032E-05
   99.0000000         2.76924038E-05
   99.1250000         2.46340915E-05
   99.2500000         2.15990585E-05
   99.3750000         1.85923600E-05
   99.5000000         1.56209226E-05
   99.6250000         1.26936766E-05
   99.7500000         9.82156962E-06
   99.8750000         7.01747331E-06
   100.000000         4.29597094E-06
   100.125000         1.67304177E-06
   100.250000        -8.34347929E-07
   100.375000        -3.20874551E-06
   100.500000        -5.43278975E-06
   100.625000        -7.48982029E-06
   100.750000        -9.36450579E-06
   100.875000        -1.10434667E-05
   101.000000        -1.25158840E-05
   101.125000        -1.37740371E-05
   101.250000        -1.48137597E-05
   101.375000        -1.56348087E-05
   101.500000        -1.62410852E-05
   101.625000        -1.66407663E-05
   101.750000        -1.68462448E-05
   101.875000        -1.68739898E-05
   102.000000        -1.67441995E-05
   102.125000        -1.64803605E-05
   102.250000        -1.61086864E-05
   102.375000        -1.56574424E-05
   102.500000        -1.51562026E-05
   102.625000        -1.46350394E-05
   102.750000        -1.41237015E-05
   102.875000        -1.36507851E-05
   103.000000        -1.32429286E-05
   103.125000        -1.29240634E-05
   103.250000        -1.27147423E-05
   103.375000        -1.26315672E-05
   103.500000        -1.26867253E-05
   103.625000        -1.28876536E-05
   103.750000        -1.32368414E-05
   103.875000        -1.37317584E-05
   104.000000        -1.43649322E-05
   104.125000        -1.51241429E-05
   104.250000        -1.59927458E-05
   104.375000        -1.69500890E-05
   104.500000        -1.79720373E-05
   104.625000        -1.90315550E-05
   104.750000        -2.00993672E-05
   104.875000        -2.11446368E-05
   105.000000        -2.21356877E-05
   105.125000        -2.30407368E-05
   105.250000        -2.38286011E-05
   105.375000        -2.44694274E-05
   105.500000        -2.49353670E-05
   105.625000        -2.52012269E-05
   105.750000        -2.52451009E-05
   105.875000        -2.50489302E-05
   106.000000        -2.45990323E-05
   106.125000        -2.38865814E-05
   106.250000        -2.29080179E-05
   106.375000        -2.16654043E-05
   106.500000        -2.01667099E-05
   106.625000        -1.84260152E-05
   106.750000        -1.64636331E-05
   106.875000        -1.43061270E-05
   107.000000        -1.19862198E-05
   107.125000        -9.54258212E-06
   107.250000        -7.01949057E-06
   107.375000        -4.46634112E-06
   107.500000        -1.93701226E-06
   107.625000         5.10921325E-07
   107.750000         2.81713051E-06
   107.875000         4.91961646E-06
   108.000000         6.75593219E-06
   108.125000         8.26452106E-06
   108.250000         9.38614994E-06
   108.375000         1.00654015E-05
   108.500000         1.02521999E-05
   108.625000         9.90331591E-06
   108.750000         8.98382405E-06
   108.875000         7.46844125E-06
   109.000000         5.34272249E-06
   109.125000         2.60404795E-06
   109.250000        -7.37630046E-07
   109.375000        -4.65932953E-06
   109.500000        -9.12489577E-06
   109.625000        -1.40852026E-05
   109.750000        -1.94786971E-05
   109.875000        -2.52323134E-05
   110.000000        -3.12627235E-05
   110.125000        -3.74779047E-05
   110.250000        -4.37789895E-05
   110.375000        -5.00623901E-05
   110.500000        -5.62220594E-05
   110.625000        -6.21518993E-05
   110.750000        -6.77482021E-05
   110.875000        -7.29120802E-05
   111.000000        -7.75517765E-05
   111.125000        -8.15848107E-05
   111.250000        -8.49398348E-05
   111.375000        -8.75582336E-05
   111.500000        -8.93953329E-05
   111.625000        -9.04211920E-05
   111.750000        -9.06209898E-05
   111.875000        -8.99949591E-05
   112.000000        -8.85578920E-05
   112.125000        -8.63382375E-05
   112.250000        -8.33768063E-05
   112.375000        -7.97251923E-05
   112.500000        -7.54438879E-05
   112.625000        -7.06002684E-05
   112.750000        -6.52664312E-05
   112.875000        -5.95170386E-05
   113.000000        -5.34272185E-05
   113.125000        -4.70705963E-05
   113.250000        -4.05175742E-05
   113.375000        -3.38338505E-05
   113.500000        -2.70793007E-05
   113.625000        -2.03072050E-05
   113.750000        -1.35638502E-05
   113.875000        -6.88853379E-06
   114.000000        -3.13919600E-07
   114.125000         6.13327757E-06
   114.250000         1.24313083E-05
   114.375000         1.85621975E-05
   114.500000         2.45103838E-05
   114.625000         3.02613007E-05
   114.750000         3.57999597E-05
   114.875000         4.11096153E-05
   115.000000         4.61706077E-05
   115.125000         5.09594283E-05
   115.250000         5.54481012E-05
   115.375000         5.96038808E-05
   115.500000         6.33893505E-05
   115.625000         6.67628628E-05
   115.750000         6.96793795E-05
   115.875000         7.20916796E-05
   116.000000         7.39518000E-05
   116.125000         7.52128253E-05
   116.250000         7.58307506E-05
   116.375000         7.57665184E-05
   116.500000         7.49880055E-05
   116.625000         7.34719943E-05
   116.750000         7.12058318E-05
   116.875000         6.81890160E-05
   117.000000         6.44342799E-05
   117.125000         5.99683626E-05
   117.250000         5.48323333E-05
   117.375000         4.90814018E-05
   117.500000         4.27842933E-05
   117.625000         3.60221420E-05
   117.750000         2.88869214E-05
   117.875000         2.14795273E-05
   118.000000         1.39075055E-05
   118.125000         6.28255884E-06
   118.250000        -1.28211195E-06
   118.375000        -8.67451763E-06
   118.500000        -1.57865488E-05
   118.625000        -2.25165113E-05
   118.750000        -2.87714211E-05
   118.875000        -3.44690125E-05
   119.000000        -3.95393326E-05
   119.125000        -4.39259711E-05
   119.250000        -4.75867600E-05
   119.375000        -5.04940690E-05
   119.500000        -5.26345830E-05
   119.625000        -5.40086949E-05
   119.750000        -5.46294650E-05
   119.875000        -5.45212824E-05
   120.000000        -5.37182423E-05
   120.125000        -5.22623959E-05
   120.250000        -5.02018338E-05
   120.375000        -4.75888301E-05
   120.500000        -4.44780271E-05
   120.625000        -4.09247987E-05
   120.750000        -3.69838162E-05
   120.875000        -3.27078887E-05
   121.000000        -2.81471184E-05
   121.125000        -2.33483697E-05
   121.250000        -1.83550801E-05
   121.375000        -1.32073792E-05
   121.500000        -7.94247899E-06
   121.625000        -2.59530907E-06
   121.750000         2.80067661E-06
   121.875000         8.21258800E-06
   122.000000         1.36071430E-05
   122.125000         1.89497532E-05
   122.250000         2.42037022E-05
   122.375000         2.93295034E-05
   122.500000         3.42844687E-05
   122.625000         3.90225578E-05
   122.750000         4.34944777E-05
   122.875000         4.76481364E-05
   123.000000         5.14293497E-05
   123.125000         5.47828568E-05
   123.250000         5.76535749E-05
   123.375000         5.99880332E-05
   123.500000         6.17359765E-05
   123.625000         6.28520211E-05
   123.750000         6.32973097E-05
   123.875000         6.30411087E-05
   124.000000         6.20622741E-05
   124.125000         6.03505068E-05
   124.250000         5.79073094E-05
   124.375000         5.47467171E-05
   124.500000         5.08956073E-05
   124.625000         4.63936594E-05
   124.750000         4.12929803E-05
   124.875000         3.56573182E-05
   125.000000         2.95609480E-05
   125.125000         2.30872411E-05
   125.250000         1.63269633E-05
   125.375000         9.37635468E-06
   125.500000         2.33507399E-06
   125.625000        -4.69596580E-06
   125.750000        -1.16167630E-05
   125.875000        -1.83303528E-05
   126.000000        -2.47448097E-05
   126.125000        -3.07750961E-05
   126.250000        -3.63446634E-05
   126.375000        -4.13868256E-05
   126.500000        -4.58457871E-05
   126.625000        -4.96774373E-05
   126.750000        -5.28497440E-05
   126.875000        -5.53428872E-05
   127.000000        -5.71490782E-05
   127.125000        -5.82720677E-05
   127.250000        -5.87264622E-05
   127.375000        -5.85367561E-05
   127.500000        -5.77362880E-05
   127.625000        -5.63659778E-05
   127.750000        -5.44730574E-05
   127.875000        -5.21097281E-05
   128.000000        -4.93318621E-05
   128.125000        -4.61977106E-05
   128.250000        -4.27667292E-05
   128.375000        -3.90984969E-05
   128.500000        -3.52517491E-05
   128.625000        -3.12835691E-05
   128.750000        -2.72487050E-05
   128.875000        -2.31990361E-05
   129.000000        -1.91831859E-05
   129.125000        -1.52462380E-05
   129.250000        -1.14295790E-05
   129.375000        -7.77082369E-06
   129.500000        -4.30382033E-06
   129.625000        -1.05869583E-06
   129.750000         1.93805454E-06
   129.875000         4.66347092E-06
   130.000000         7.09802771E-06
   130.125000         9.22554682E-06
   130.250000         1.10331293E-05
   130.375000         1.25111128E-05
   130.500000         1.36530498E-05
   130.625000         1.44557152E-05
   130.750000         1.49191264E-05
   130.875000         1.50465776E-05
   131.000000         1.48446688E-05
   131.125000         1.43233328E-05
   131.250000         1.34958336E-05
   131.375000         1.23787413E-05
   131.500000         1.09918556E-05
   131.625000         9.35808748E-06
   131.750000         7.50328718E-06
   131.875000         5.45600096E-06
   132.000000         3.24718576E-06
   132.125000         9.09847586E-07
   132.250000        -1.52136204E-06
   132.375000        -4.01060242E-06
   132.500000        -6.52133622E-06
   132.625000        -9.01685416E-06
   132.750000        -1.14608110E-05
   132.875000        -1.38177738E-05
   133.000000        -1.60537584E-05
   133.125000        -1.81367486E-05
   133.250000        -2.00371778E-05
   133.375000        -2.17283850E-05
   133.500000        -2.31870017E-05
   133.625000        -2.43932955E-05
   133.750000        -2.53314320E-05
   133.875000        -2.59896860E-05
   134.000000        -2.63605543E-05
   134.125000        -2.64408045E-05
   134.250000        -2.62314552E-05
   134.375000        -2.57376541E-05
   134.500000        -2.49685272E-05
   134.625000        -2.39369037E-05
   134.750000        -2.26590328E-05
   134.875000        -2.11542101E-05
   135.000000        -1.94443764E-05
   135.125000        -1.75536716E-05
   135.250000        -1.55079633E-05
   135.375000        -1.33343628E-05
   135.500000        -1.10607434E-05
   135.625000        -8.71525663E-06
   135.750000        -6.32587489E-06
   135.875000        -3.91996491E-06
   136.000000        -1.52390203E-06
   136.125000         8.37266953E-07
   136.250000         3.14010208E-06
   136.375000         5.36298330E-06
   136.500000         7.48626189E-06
   136.625000         9.49233254E-06
   136.750000         1.13656488E-05
   136.875000         1.30926728E-05
   137.000000         1.46617567E-05
   137.125000         1.60629825E-05
   137.250000         1.72879609E-05
   137.375000         1.83295942E-05
   137.500000         1.91818363E-05
   137.625000         1.98394464E-05
   137.750000         2.02977481E-05
   137.875000         2.05524429E-05
   138.000000         2.05994420E-05
   138.125000         2.04347634E-05
   138.250000         2.00545110E-05
   138.375000         1.94549048E-05
   138.500000         1.86324178E-05
   138.625000         1.75839814E-05
   138.750000         1.63072691E-05
   138.875000         1.48010686E-05
   139.000000         1.30656972E-05
   139.125000         1.11034833E-05
   139.250000         8.91925447E-06
   139.375000         6.52085691E-06
   139.500000         3.91963522E-06
   139.625000         1.13087822E-06
   139.750000        -1.82580209E-06
   139.875000        -4.92619029E-06
   140.000000        -8.14130090E-06
   140.125000        -1.14373524E-05
   140.250000        -1.47758956E-05
   140.375000        -1.81141004E-05
   140.500000        -2.14052307E-05
   140.625000        -2.45992651E-05
   140.750000        -2.76437058E-05
   140.875000        -3.04845180E-05
   141.000000        -3.30672010E-05
   141.125000        -3.53379583E-05
   141.250000        -3.72449394E-05
   141.375000        -3.87395303E-05
   141.500000        -3.97775839E-05
   141.625000        -4.03206868E-05
   141.750000        -4.03372724E-05
   141.875000        -3.98036609E-05
   142.000000        -3.87049222E-05
   142.125000        -3.70355774E-05
   142.250000        -3.48000758E-05
   142.375000        -3.20130493E-05
   142.500000        -2.86993545E-05
   142.625000        -2.48938413E-05
   142.750000        -2.06409240E-05
   142.875000        -1.59938936E-05
   143.000000        -1.10140618E-05
   143.125000        -5.76969160E-06
   143.250000        -3.34803588E-07
   143.375000         5.21215588E-06
   143.500000         1.07897158E-05
   143.625000         1.63148306E-05
   143.750000         2.17043507E-05
   143.875000         2.68764506E-05
   144.000000         3.17520353E-05
   144.125000         3.62560095E-05
   144.250000         4.03185295E-05
   144.375000         4.38760435E-05
   144.500000         4.68722828E-05
   144.625000         4.92590625E-05
   144.750000         5.09969614E-05
   144.875000         5.20558751E-05
   145.000000         5.24154057E-05
   145.125000         5.20651447E-05
   145.250000         5.10048121E-05
   145.375000         4.92442778E-05
   145.500000         4.68034632E-05
   145.625000         4.37121234E-05
   145.750000         4.00095050E-05
   145.875000         3.57438948E-05
   146.000000         3.09720344E-05
   146.125000         2.57584215E-05
   146.250000         2.01744951E-05
   146.375000         1.42976687E-05
   146.500000         8.21026970E-06
   146.625000         1.99834903E-06
   146.750000        -4.24960899E-06
   146.875000        -1.04440687E-05
   147.000000        -1.64958965E-05
   147.125000        -2.23178686E-05
   147.250000        -2.78261778E-05
   147.375000        -3.29419636E-05
   147.500000        -3.75927484E-05
   147.625000        -4.17138253E-05
   147.750000        -4.52494751E-05
   147.875000        -4.81540810E-05
   148.000000        -5.03929841E-05
   148.125000        -5.19431123E-05
   148.250000        -5.27934135E-05
   148.375000        -5.29449171E-05
   148.500000        -5.24106181E-05
   148.625000        -5.12149782E-05
   148.750000        -4.93932348E-05
   148.875000        -4.69903898E-05
   149.000000        -4.40600161E-05
   149.125000        -4.06628315E-05
   149.250000        -3.68651745E-05
   149.375000        -3.27373200E-05
   149.500000        -2.83518075E-05
   149.625000        -2.37817130E-05
   149.750000        -1.90990304E-05
   149.875000        -1.43731286E-05
   150.000000        -9.66937114E-06
   150.125000        -5.04792251E-06
   150.250000        -5.62777814E-07
   150.375000         3.73896796E-06
   150.500000         7.81760264E-06
   150.625000         1.16410274E-05
   150.750000         1.51847335E-05
   150.875000         1.84315704E-05
   151.000000         2.13712865E-05
   151.125000         2.39999208E-05
   151.250000         2.63190432E-05
   151.375000         2.83348927E-05
   151.500000         3.00574793E-05
   151.625000         3.14996250E-05
   151.750000         3.26760637E-05
   151.875000         3.36025514E-05
   152.000000         3.42950734E-05
   152.125000         3.47691566E-05
   152.250000         3.50392693E-05
   152.375000         3.51183735E-05
   152.500000         3.50176051E-05
   152.625000         3.47460846E-05
   152.750000         3.43108368E-05
   152.875000         3.37168676E-05
   153.000000         3.29673167E-05
   153.125000         3.20636755E-05
   153.250000         3.10061369E-05
   153.375000         2.97939405E-05
   153.500000         2.84257530E-05
   153.625000         2.69000884E-05
   153.750000         2.52156915E-05
   153.875000         2.33719147E-05
   154.000000         2.13690528E-05
   154.125000         1.92086263E-05
   154.250000         1.68936349E-05
   154.375000         1.44287387E-05
   154.500000         1.18203834E-05
   154.625000         9.07689537E-06
   154.750000         6.20851097E-06
   154.875000         3.22738038E-06
   155.000000         1.47533555E-07
   155.125000        -3.01517548E-06
   155.250000        -6.24313361E-06
   155.375000        -9.51704806E-06
   155.500000        -1.28160336E-05
   155.625000        -1.61176922E-05
   155.750000        -1.93981996E-05
   155.875000        -2.26323955E-05
   156.000000        -2.57938773E-05
   156.125000        -2.88551146E-05
   156.250000        -3.17875747E-05
   156.375000        -3.45618828E-05
   156.500000        -3.71480055E-05
   156.625000        -3.95155221E-05
   156.750000        -4.16338808E-05
   156.875000        -4.34727845E-05
   157.000000        -4.50025727E-05
   157.125000        -4.61947238E-05
   157.250000        -4.70223677E-05
   157.375000        -4.74608714E-05
   157.500000        -4.74884691E-05
   157.625000        -4.70869199E-05
   157.750000        -4.62421522E-05
   157.875000        -4.49449544E-05
   158.000000        -4.31915796E-05
   158.125000        -4.09843306E-05
   158.250000        -3.83320621E-05
   158.375000        -3.52505667E-05
   158.500000        -3.17628474E-05
   158.625000        -2.78992447E-05
   158.750000        -2.36973610E-05
   158.875000        -1.92018433E-05
   159.000000        -1.44639425E-05
   159.125000        -9.54088955E-06
   159.250000        -4.49507343E-06
   159.375000         6.06963908E-07
   159.500000         5.69569511E-06
   159.625000         1.06999187E-05
   159.750000         1.55481757E-05
   159.875000         2.01702478E-05
   160.000000         2.44986659E-05
   160.125000         2.84702346E-05
   160.250000         3.20274594E-05
   160.375000         3.51199196E-05
   160.500000         3.77054312E-05
   160.625000         3.97510739E-05
   160.750000         4.12339687E-05
   160.875000         4.21417899E-05
   161.000000         4.24730461E-05
   161.125000         4.22370213E-05
   161.250000         4.14534879E-05
   161.375000         4.01521102E-05
   161.500000         3.83715924E-05
   161.625000         3.61586171E-05
   161.750000         3.35665536E-05
   161.875000         3.06540460E-05
   162.000000         2.74834692E-05
   162.125000         2.41193502E-05
   162.250000         2.06267632E-05
   162.375000         1.70697786E-05
   162.500000         1.35100036E-05
   162.625000         1.00052584E-05
   162.750000         6.60842306E-06
   162.875000         3.36649123E-06
   163.000000         3.19840893E-07
   163.125000        -2.49825007E-06
   163.250000        -5.06185688E-06
   163.375000        -7.35241429E-06
   163.500000        -9.35852040E-06
   163.625000        -1.10755254E-05
   163.750000        -1.25049519E-05
   163.875000        -1.36537865E-05
   164.000000        -1.45336580E-05
   164.125000        -1.51599570E-05
   164.250000        -1.55509242E-05
   164.375000        -1.57267605E-05
   164.500000        -1.57087634E-05
   164.625000        -1.55185462E-05
   164.750000        -1.51773684E-05
   164.875000        -1.47055507E-05
   165.000000        -1.41220489E-05
   165.125000        -1.34441234E-05
   165.250000        -1.26871746E-05
   165.375000        -1.18646749E-05
   165.500000        -1.09882176E-05
   165.625000        -1.00676662E-05
   165.750000        -9.11137158E-06
   165.875000        -8.12645158E-06
   166.000000        -7.11910343E-06
   166.125000        -6.09492736E-06
   166.250000        -5.05924936E-06
   166.375000        -4.01742000E-06
   166.500000        -2.97506858E-06
   166.625000        -1.93830692E-06
   166.750000        -9.13869030E-07
   166.875000         9.08233062E-08
   167.000000         1.06766765E-06
   167.125000         2.00796535E-06
   167.250000         2.90257435E-06
   167.375000         3.74212573E-06
   167.500000         4.51729193E-06
   167.625000         5.21909215E-06
   167.750000         5.83921792E-06
   167.875000         6.37036419E-06
   168.000000         6.80654193E-06
   168.125000         7.14336375E-06
   168.250000         7.37827531E-06
   168.375000         7.51072957E-06
   168.500000         7.54228040E-06
   168.625000         7.47660124E-06
   168.750000         7.31940827E-06
   168.875000         7.07830804E-06
   169.000000         6.76255740E-06
   169.125000         6.38275151E-06
   169.250000         5.95046004E-06
   169.375000         5.47781201E-06
   169.500000         4.97705923E-06
   169.625000         4.46014201E-06
   169.750000         3.93826258E-06
   169.875000         3.42150292E-06
   170.000000         2.91849460E-06
   170.125000         2.43615705E-06
   170.250000         1.97952068E-06
   170.375000         1.55164048E-06
