  -4.50000000         0.00000000    
  -4.37500000         0.00000000    
  -4.25000000         0.00000000    
  -4.12500000         0.00000000    
  -4.00000000         0.00000000    
  -3.87500000         0.00000000    
  -3.75000000         0.00000000    
  -3.62500000        -4.83678686E-31
  -3.50000000        -1.93920438E-30
  -3.37500000        -1.09961015E-29
  -3.25000000        -3.67618378E-29
  -3.12500000         7.20555272E-29
  -3.00000000         8.19365421E-28
  -2.87500000         2.85001135E-27
  -2.75000000         4.75004813E-27
  -2.62500000        -3.20215339E-27
  -2.50000000        -4.81306133E-26
  -2.37500000        -1.73759902E-25
  -2.25000000        -3.96951356E-25
  -2.12500000        -5.74815233E-25
  -2.00000000        -1.65362465E-25
  -1.87500000         2.01098650E-24
  -1.75000000         7.66644926E-24
  -1.62500000         1.80116477E-23
  -1.50000000         3.12487274E-23
  -1.37500000         3.88093880E-23
  -1.25000000         2.23163039E-23
  -1.12500000        -4.43832299E-23
  -1.00000000        -1.82327856E-22
 -0.875000000        -3.80007475E-22
 -0.750000000        -5.55721584E-22
 -0.625000000        -5.27857452E-22
 -0.500000000        -2.55137859E-23
 -0.375000000         1.22418500E-21
 -0.250000000         3.31522438E-21
 -0.125000000         5.92137928E-21
   0.00000000         8.09911844E-21
  0.125000000         8.30194975E-21
  0.250000000         4.77926338E-21
  0.375000000        -3.56361161E-21
  0.500000000        -1.59798030E-20
  0.625000000        -2.87890680E-20
  0.750000000        -3.50421948E-20
  0.875000000        -2.56535801E-20
   1.00000000         7.56648117E-21
   1.12500000         6.72001400E-20
   1.25000000         1.44957315E-19
   1.37500000         2.17857143E-19
   1.50000000         2.48289221E-19
   1.62500000         1.90005403E-19
   1.75000000         7.04523167E-22
   1.87500000        -3.40355845E-19
   2.00000000        -8.13785353E-19
   2.12500000        -1.34646454E-18
   2.25000000        -1.80919372E-18
   2.37500000        -2.03001537E-18
   2.50000000        -1.82376016E-18
   2.62500000        -1.03344316E-18
   2.75000000         4.25073176E-19
   2.87500000         2.52531644E-18
   3.00000000         5.10722982E-18
   3.12500000         7.87114548E-18
   3.25000000         1.03840317E-17
   3.37500000         1.20895557E-17
   3.50000000         1.23167681E-17
   3.62500000         1.02948103E-17
   3.75000000         5.20044812E-18
   3.87500000        -3.71645549E-18
   4.00000000        -1.68797057E-17
   4.12500000        -3.39784190E-17
   4.25000000        -5.34339419E-17
   4.37500000        -7.18614547E-17
   4.50000000        -8.37454527E-17
   4.62500000        -8.16213984E-17
   4.75000000        -5.70563246E-17
   4.87500000        -2.60706629E-18
   5.00000000         8.53107034E-17
   5.12500000         2.03060942E-16
   5.25000000         3.36739166E-16
   5.37500000         4.60543195E-16
   5.50000000         5.37747866E-16
   5.62500000         5.25209714E-16
   5.75000000         3.81674396E-16
   5.87500000         7.91800113E-17
   6.00000000        -3.84291278E-16
   6.12500000        -9.73766017E-16
   6.25000000        -1.61123751E-15
   6.37500000        -2.17782017E-15
   6.50000000        -2.52617920E-15
   6.62500000        -2.50333981E-15
   6.75000000        -1.98147921E-15
   6.87500000        -8.91768357E-16
   7.00000000         7.45581111E-16
   7.12500000         2.80261201E-15
   7.25000000         5.04291695E-15
   7.37500000         7.14300597E-15
   7.50000000         8.73594291E-15
   7.62500000         9.47293018E-15
   7.75000000         9.09423531E-15
   7.87500000         7.49784248E-15
   8.00000000         4.79299861E-15
   8.12500000         1.32693227E-15
   8.25000000        -2.32383171E-15
   8.37500000        -5.40141264E-15
   8.50000000        -7.05230484E-15
   8.62500000        -6.44405980E-15
   8.75000000        -2.90205177E-15
   8.87500000         3.94754157E-15
   9.00000000         1.40435716E-14
   9.12500000         2.67795108E-14
   9.25000000         4.09306073E-14
   9.37500000         5.46304504E-14
   9.50000000         6.54063866E-14
   9.62500000         7.02801736E-14
   9.75000000         6.59363853E-14
   9.87500000         4.89567188E-14
   10.0000000         1.61124132E-14
   10.1250000        -3.52988512E-14
   10.2500000        -1.07091954E-13
   10.3750000        -1.99834981E-13
   10.5000000        -3.12521683E-13
   10.6250000        -4.42307053E-13
   10.7500000        -5.84335531E-13
   10.8750000        -7.31686684E-13
   11.0000000        -8.75452814E-13
   11.1250000        -1.00495296E-12
   11.2500000        -1.10807305E-12
   11.3750000        -1.17170976E-12
   11.5000000        -1.18228322E-12
   11.6250000        -1.12627746E-12
   11.7500000        -9.90765846E-13
   11.8750000        -7.63886567E-13
   12.0000000        -4.35242174E-13
   12.1250000         3.77121345E-15
   12.2500000         5.59682400E-13
   12.3750000         1.23665726E-12
   12.5000000         2.03612626E-12
   12.6250000         2.95623725E-12
   12.7500000         3.99103797E-12
   12.8750000         5.12931624E-12
   13.0000000         6.35305393E-12
   13.1250000         7.63549814E-12
   13.2500000         8.93891818E-12
   13.3750000         1.02121740E-11
   13.5000000         1.13882940E-11
   13.6250000         1.23822948E-11
   13.7500000         1.30895910E-11
   13.8750000         1.33852833E-11
   14.0000000         1.31247391E-11
   14.1250000         1.21458728E-11
   14.2500000         1.02735346E-11
   14.3750000         7.32643373E-12
   14.5000000         3.12694445E-12
   14.6250000        -2.48589279E-12
   14.7500000        -9.64005351E-12
   14.8750000        -1.84110036E-11
   15.0000000        -2.87994090E-11
   15.1250000        -4.07068615E-11
   15.2500000        -5.39110041E-11
   15.3750000        -6.80418014E-11
   15.5000000        -8.25612079E-11
   15.6250000        -9.67489908E-11
   15.7500000        -1.09697425E-10
   15.8750000        -1.20318103E-10
   16.0000000        -1.27363231E-10
   16.1250000        -1.29463967E-10
   16.2500000        -1.25186986E-10
   16.3750000        -1.13109869E-10
   16.5000000        -9.19140389E-11
   16.6250000        -6.04931522E-11
   16.7500000        -1.80725851E-11
   16.8750000         3.56653873E-11
   17.0000000         1.00457989E-10
   17.1250000         1.75347806E-10
   17.2500000         2.58587790E-10
   17.3750000         3.47574330E-10
   17.5000000         4.38818232E-10
   17.6250000         5.27962285E-10
   17.7500000         6.09852169E-10
   17.8750000         6.78666456E-10
   18.0000000         7.28108407E-10
   18.1250000         7.51658624E-10
   18.2500000         7.42885142E-10
   18.3750000         6.95801861E-10
   18.5000000         6.05264949E-10
   18.6250000         4.67390238E-10
   18.7500000         2.79972573E-10
   18.8750000         4.28859656E-11
   19.0000000        -2.41561188E-10
   19.1250000        -5.68339265E-10
   19.2500000        -9.29505639E-10
   19.3750000        -1.31412914E-09
   19.5000000        -1.70835335E-09
   19.6250000        -2.09561146E-09
   19.7500000        -2.45700527E-09
   19.8750000        -2.77185164E-09
   20.0000000        -3.01838510E-09
   20.1250000        -3.17461502E-09
   20.2500000        -3.21930349E-09
   20.3750000        -3.13304338E-09
   20.5000000        -2.89939095E-09
   20.6250000        -2.50601495E-09
   20.7500000        -1.94580752E-09
   20.8750000        -1.21790422E-09
   21.0000000        -3.28558125E-10
   21.1250000         7.08189174E-10
   21.2500000         1.87009164E-09
   21.3750000         3.12658543E-09
   21.5000000         4.43901982E-09
   21.6250000         5.76125947E-09
   21.7500000         7.04068048E-09
   21.8750000         8.21955304E-09
   22.0000000         9.23681309E-09
   22.1250000         1.00301758E-08
   22.2500000         1.05385443E-08
   22.3750000         1.07046656E-08
   22.5000000         1.04779145E-08
   22.6250000         9.81714088E-09
   22.7500000         8.69343708E-09
   22.8750000         7.09273618E-09
   23.0000000         5.01807618E-09
   23.1250000         2.49143506E-09
   23.2500000        -4.45001480E-10
   23.3750000        -3.72824971E-09
   23.5000000        -7.27470839E-09
   23.6250000        -1.09811795E-08
   23.7500000        -1.47267825E-08
   23.8750000        -1.83757667E-08
   24.0000000        -2.17812008E-08
   24.1250000        -2.47894931E-08
   24.2500000        -2.72456173E-08
   24.3750000        -2.89989277E-08
   24.5000000        -2.99093692E-08
   24.6250000        -2.98538971E-08
   24.7500000        -2.87328312E-08
   24.8750000        -2.64759308E-08
   25.0000000        -2.30478747E-08
   25.1250000        -1.84529121E-08
   25.2500000        -1.27384006E-08
   25.3750000        -5.99699668E-09
   25.5000000         1.63270730E-09
   25.6250000         9.96725547E-09
   25.7500000         1.87812166E-08
   25.8750000         2.78119305E-08
   26.0000000         3.67660746E-08
   26.1250000         4.53279299E-08
   26.2500000         5.31691562E-08
   26.3750000         5.99598380E-08
   26.5000000         6.53804406E-08
   26.6250000         6.91342379E-08
   26.7500000         7.09598353E-08
   26.8750000         7.06432672E-08
   27.0000000         6.80291237E-08
   27.1250000         6.30303276E-08
   27.2500000         5.56358870E-08
   27.3750000         4.59164191E-08
   27.5000000         3.40269075E-08
   27.6250000         2.02064765E-08
   27.7500000         4.77502882E-09
   27.8750000        -1.18733672E-08
   28.0000000        -2.92802245E-08
   28.1250000        -4.69353516E-08
   28.2500000        -6.42922018E-08
   28.3750000        -8.07853695E-08
   28.5000000        -9.58497566E-08
   28.6250000        -1.08940590E-07
   28.7500000        -1.19553704E-07
   28.8750000        -1.27245244E-07
   29.0000000        -1.31649912E-07
   29.1250000        -1.32497178E-07
   29.2500000        -1.29624382E-07
   29.3750000        -1.22986521E-07
   29.5000000        -1.12661631E-07
   29.6250000        -9.88519844E-08
   29.7500000        -8.18802803E-08
   29.8750000        -6.21812219E-08
   30.0000000        -4.02884197E-08
   30.1250000        -1.68170029E-08
   30.2500000         7.55743290E-09
   30.3750000         3.21229017E-08
   30.5000000         5.61571767E-08
   30.6250000         7.89550469E-08
   30.7500000         9.98554839E-08
   30.8750000         1.18267643E-07
   31.0000000         1.33694556E-07
   31.1250000         1.45753333E-07
   31.2500000         1.54190985E-07
   31.3750000         1.58895006E-07
   31.5000000         1.59898050E-07
   31.6250000         1.57376491E-07
   31.7500000         1.51642453E-07
   31.8750000         1.43129867E-07
   32.0000000         1.32374709E-07
   32.1250000         1.19990318E-07
   32.2500000         1.06638758E-07
   32.3750000         9.29993504E-08
   32.5000000         7.97358410E-08
   32.6250000         6.74636738E-08
   32.7500000         5.67188003E-08
   32.8750000         4.79294862E-08
   33.0000000         4.13926173E-08
   33.1250000         3.72556244E-08
   33.2500000         3.55049572E-08
   33.3750000         3.59618966E-08
   33.5000000         3.82860392E-08
   33.6250000         4.19864676E-08
   33.7500000         4.64402561E-08
   33.8750000         5.09177625E-08
   34.0000000         5.46137109E-08
   34.1250000         5.66824490E-08
   34.2500000         5.62763347E-08
   34.3750000         5.25853814E-08
   34.5000000         4.48763160E-08
   34.6250000         3.25294494E-08
   34.7500000         1.50713486E-08
   34.8750000        -7.79756704E-09
   35.0000000        -3.61825236E-08
   35.1250000        -6.99817591E-08
   35.2500000        -1.08881963E-07
   35.3750000        -1.52362631E-07
   35.5000000        -1.99708779E-07
   35.6250000        -2.50031633E-07
   35.7500000        -3.02295859E-07
   35.8750000        -3.55352626E-07
   36.0000000        -4.07976160E-07
   36.1250000        -4.58902321E-07
   36.2500000        -5.06867252E-07
   36.3750000        -5.50643392E-07
   36.5000000        -5.89072215E-07
   36.6250000        -6.21090749E-07
   36.7500000        -6.45750731E-07
   36.8750000        -6.62230264E-07
   37.0000000        -6.69836481E-07
   37.1250000        -6.67999643E-07
   37.2500000        -6.56259544E-07
   37.3750000        -6.34245282E-07
   37.5000000        -6.01649390E-07
   37.6250000        -5.58200611E-07
   37.7500000        -5.03634737E-07
   37.8750000        -4.37670110E-07
   38.0000000        -3.59986700E-07
   38.1250000        -2.70215679E-07
   38.2500000        -1.67938779E-07
   38.3750000        -5.27017114E-08
   38.5000000         7.59575371E-08
   38.6250000         2.18464010E-07
   38.7500000         3.75144793E-07
   38.8750000         5.46152307E-07
   39.0000000         7.31373348E-07
   39.1250000         9.30326223E-07
   39.2500000         1.14204977E-06
   39.3750000         1.36498772E-06
   39.5000000         1.59687409E-06
   39.6250000         1.83462339E-06
   39.7500000         2.07423273E-06
   39.8750000         2.31069998E-06
   40.0000000         2.53796497E-06
   40.1250000         2.74887634E-06
   40.2500000         2.93518974E-06
   40.3750000         3.08760241E-06
   40.5000000         3.19582159E-06
   40.6250000         3.24867324E-06
   40.7500000         3.23424661E-06
   40.8750000         3.14007480E-06
   41.0000000         2.95334871E-06
   41.1250000         2.66115808E-06
   41.2500000         2.25075496E-06
   41.3750000         1.70983219E-06
   41.5000000         1.02680917E-06
   41.6250000         1.91115575E-07
   41.7500000        -8.06533251E-07
   41.8750000        -1.97388135E-06
   42.0000000        -3.31690740E-06
   42.1250000        -4.83963231E-06
   42.2500000        -6.54397445E-06
   42.3750000        -8.42965346E-06
   42.5000000        -1.04941473E-05
   42.6250000        -1.27327121E-05
   42.7500000        -1.51384547E-05
   42.8750000        -1.77024704E-05
   43.0000000        -2.04140360E-05
   43.1250000        -2.32608472E-05
   43.2500000        -2.62293088E-05
   43.3750000        -2.93048652E-05
   43.5000000        -3.24723405E-05
   43.6250000        -3.57163080E-05
   43.7500000        -3.90214700E-05
   43.8750000        -4.23730198E-05
   44.0000000        -4.57569586E-05
   44.1250000        -4.91604187E-05
   44.2500000        -5.25719333E-05
   44.3750000        -5.59816217E-05
   44.5000000        -5.93813311E-05
   44.6250000        -6.27647169E-05
   44.7500000        -6.61272279E-05
   44.8750000        -6.94659975E-05
   45.0000000        -7.27797378E-05
   45.1250000        -7.60684125E-05
   45.2500000        -7.93330328E-05
   45.3750000        -8.25752140E-05
   45.5000000        -8.57967898E-05
   45.6250000        -8.89993753E-05
   45.7500000        -9.21838800E-05
   45.8750000        -9.53500858E-05
   46.0000000        -9.84961225E-05
   46.1250000        -1.01618134E-04
   46.2500000        -1.04709863E-04
   46.3750000        -1.07762360E-04
   46.5000000        -1.10763809E-04
   46.6250000        -1.13699367E-04
   46.7500000        -1.16551208E-04
   46.8750000        -1.19298609E-04
   47.0000000        -1.21918165E-04
   47.1250000        -1.24384183E-04
   47.2500000        -1.26669140E-04
   47.3750000        -1.28744228E-04
   47.5000000        -1.30580054E-04
   47.6250000        -1.32147412E-04
   47.7500000        -1.33418085E-04
   47.8750000        -1.34365648E-04
   48.0000000        -1.34966424E-04
   48.1250000        -1.35200302E-04
   48.2500000        -1.35051538E-04
   48.3750000        -1.34509552E-04
   48.5000000        -1.33569571E-04
   48.6250000        -1.32233181E-04
   48.7500000        -1.30508735E-04
   48.8750000        -1.28411630E-04
   49.0000000        -1.25964390E-04
   49.1250000        -1.23196573E-04
   49.2500000        -1.20144476E-04
   49.3750000        -1.16850708E-04
   49.5000000        -1.13363581E-04
   49.6250000        -1.09736262E-04
   49.7500000        -1.06025873E-04
   49.8750000        -1.02292426E-04
   50.0000000        -9.85976367E-05
   50.1250000        -9.50037065E-05
   50.2500000        -9.15720811E-05
   50.3750000        -8.83621324E-05
   50.5000000        -8.54299578E-05
   50.6250000        -8.28271732E-05
   50.7500000        -8.05998643E-05
   50.8750000        -7.87875906E-05
   51.0000000        -7.74226064E-05
   51.1250000        -7.65292061E-05
   51.2500000        -7.61232732E-05
   51.3750000        -7.62120471E-05
   51.5000000        -7.67940437E-05
   51.6250000        -7.78592366E-05
   51.7500000        -7.93893923E-05
   51.8750000        -8.13585575E-05
   52.0000000        -8.37338157E-05
   52.1250000        -8.64760877E-05
   52.2500000        -8.95410849E-05
   52.3750000        -9.28803711E-05
   52.5000000        -9.64424471E-05
   52.6250000        -1.00173886E-04
   52.7500000        -1.04020452E-04
   52.8750000        -1.07928223E-04
   53.0000000        -1.11844602E-04
   53.1250000        -1.15719253E-04
   53.2500000        -1.19504948E-04
   53.3750000        -1.23158301E-04
   53.5000000        -1.26640283E-04
   53.6250000        -1.29916720E-04
   53.7500000        -1.32958521E-04
   53.8750000        -1.35741866E-04
   54.0000000        -1.38248084E-04
   54.1250000        -1.40463657E-04
   54.2500000        -1.42379911E-04
   54.3750000        -1.43992584E-04
   54.5000000        -1.45301557E-04
   54.6250000        -1.46310282E-04
   54.7500000        -1.47025261E-04
   54.8750000        -1.47455547E-04
   55.0000000        -1.47612256E-04
   55.1250000        -1.47508050E-04
   55.2500000        -1.47156708E-04
   55.3750000        -1.46572725E-04
   55.5000000        -1.45771031E-04
   55.6250000        -1.44766702E-04
   55.7500000        -1.43574856E-04
   55.8750000        -1.42210483E-04
   56.0000000        -1.40688528E-04
   56.1250000        -1.39023861E-04
   56.2500000        -1.37231371E-04
   56.3750000        -1.35326205E-04
   56.5000000        -1.33323774E-04
   56.6250000        -1.31240100E-04
   56.7500000        -1.29091801E-04
   56.8750000        -1.26896412E-04
   57.0000000        -1.24672355E-04
   57.1250000        -1.22439073E-04
   57.2500000        -1.20217032E-04
   57.3750000        -1.18027594E-04
   57.5000000        -1.15892974E-04
   57.6250000        -1.13835958E-04
   57.7500000        -1.11879679E-04
   57.8750000        -1.10047244E-04
   58.0000000        -1.08361332E-04
   58.1250000        -1.06843800E-04
   58.2500000        -1.05515144E-04
   58.3750000        -1.04394101E-04
   58.5000000        -1.03497056E-04
   58.6250000        -1.02837694E-04
   58.7500000        -1.02426493E-04
   58.8750000        -1.02270409E-04
   59.0000000        -1.02372564E-04
   59.1250000        -1.02732061E-04
   59.2500000        -1.03343831E-04
   59.3750000        -1.04198654E-04
   59.5000000        -1.05283230E-04
   59.6250000        -1.06580417E-04
   59.7500000        -1.08069478E-04
   59.8750000        -1.09726505E-04
   60.0000000        -1.11524896E-04
   60.1250000        -1.13435897E-04
   60.2500000        -1.15429182E-04
   60.3750000        -1.17473515E-04
   60.5000000        -1.19537384E-04
   60.6250000        -1.21589626E-04
   60.7500000        -1.23600083E-04
   60.8750000        -1.25540173E-04
   61.0000000        -1.27383450E-04
   61.1250000        -1.29106003E-04
   61.2500000        -1.30686938E-04
   61.3750000        -1.32108617E-04
   61.5000000        -1.33356894E-04
   61.6250000        -1.34421207E-04
   61.7500000        -1.35294657E-04
   61.8750000        -1.35973925E-04
   62.0000000        -1.36459159E-04
   62.1250000        -1.36753719E-04
   62.2500000        -1.36863979E-04
   62.3750000        -1.36798990E-04
   62.5000000        -1.36570117E-04
   62.6250000        -1.36190691E-04
   62.7500000        -1.35675626E-04
   62.8750000        -1.35041017E-04
   63.0000000        -1.34303846E-04
   63.1250000        -1.33481517E-04
   63.2500000        -1.32591653E-04
   63.3750000        -1.31651715E-04
   63.5000000        -1.30678833E-04
   63.6250000        -1.29689535E-04
   63.7500000        -1.28699598E-04
   63.8750000        -1.27723921E-04
   64.0000000        -1.26776402E-04
   64.1250000        -1.25869876E-04
   64.2500000        -1.25016144E-04
   64.3750000        -1.24225859E-04
   64.5000000        -1.23508595E-04
   64.6250000        -1.22872894E-04
   64.7500000        -1.22326295E-04
   64.8750000        -1.21875353E-04
   65.0000000        -1.21525823E-04
   65.1250000        -1.21282625E-04
   65.2500000        -1.21149984E-04
   65.3750000        -1.21131547E-04
   65.5000000        -1.21230412E-04
   65.6250000        -1.21449310E-04
   65.7500000        -1.21790661E-04
   65.8750000        -1.22256693E-04
   66.0000000        -1.22849568E-04
   66.1250000        -1.23571459E-04
   66.2500000        -1.24424681E-04
   66.3750000        -1.25411709E-04
   66.5000000        -1.26535335E-04
   66.6250000        -1.27798659E-04
   66.7500000        -1.29205131E-04
   66.8750000        -1.30758519E-04
   67.0000000        -1.32462883E-04
   67.1250000        -1.34322443E-04
   67.2500000        -1.36341478E-04
   67.3750000        -1.38524134E-04
   67.5000000        -1.40874108E-04
   67.6250000        -1.43394485E-04
   67.7500000        -1.46087303E-04
   67.8750000        -1.48953273E-04
   68.0000000        -1.51991306E-04
   68.1250000        -1.55198242E-04
   68.2500000        -1.58568335E-04
   68.3750000        -1.62092911E-04
   68.5000000        -1.65760110E-04
   68.6250000        -1.69554507E-04
   68.7500000        -1.73456981E-04
   68.8750000        -1.77444555E-04
   69.0000000        -1.81490439E-04
   69.1250000        -1.85564146E-04
   69.2500000        -1.89631712E-04
   69.3750000        -1.93656131E-04
   69.5000000        -1.97597808E-04
   69.6250000        -2.01415271E-04
   69.7500000        -2.05065910E-04
   69.8750000        -2.08506928E-04
   70.0000000        -2.11696199E-04
   70.1250000        -2.14593339E-04
   70.2500000        -2.17160778E-04
   70.3750000        -2.19364825E-04
   70.5000000        -2.21176640E-04
   70.6250000        -2.22573246E-04
   70.7500000        -2.23538285E-04
   70.8750000        -2.24062867E-04
   71.0000000        -2.24146017E-04
   71.1250000        -2.23795083E-04
   71.2500000        -2.23025854E-04
   71.3750000        -2.21862472E-04
   71.5000000        -2.20337184E-04
   71.6250000        -2.18489702E-04
   71.7500000        -2.16366490E-04
   71.8750000        -2.14019776E-04
   72.0000000        -2.11506354E-04
   72.1250000        -2.08886238E-04
   72.2500000        -2.06221230E-04
   72.3750000        -2.03573349E-04
   72.5000000        -2.01003233E-04
   72.6250000        -1.98568596E-04
   72.7500000        -1.96322711E-04
   72.8750000        -1.94312903E-04
   73.0000000        -1.92579420E-04
   73.1250000        -1.91154264E-04
   73.2500000        -1.90060309E-04
   73.3750000        -1.89310842E-04
   73.5000000        -1.88909107E-04
   73.6250000        -1.88848397E-04
   73.7500000        -1.89112223E-04
   73.8750000        -1.89674960E-04
   74.0000000        -1.90502673E-04
   74.1250000        -1.91554180E-04
   74.2500000        -1.92782376E-04
   74.3750000        -1.94135704E-04
   74.5000000        -1.95559740E-04
   74.6250000        -1.96998910E-04
   74.7500000        -1.98398135E-04
   74.8750000        -1.99704577E-04
   75.0000000        -2.00869079E-04
   75.1250000        -2.01847710E-04
   75.2500000        -2.02602881E-04
   75.3750000        -2.03104442E-04
   75.5000000        -2.03330317E-04
   75.6250000        -2.03267002E-04
   75.7500000        -2.02909636E-04
   75.8750000        -2.02261828E-04
   76.0000000        -2.01335191E-04
   76.1250000        -2.00148541E-04
   76.2500000        -1.98726877E-04
   76.3750000        -1.97100104E-04
   76.5000000        -1.95301647E-04
   76.6250000        -1.93366825E-04
   76.7500000        -1.91331375E-04
   76.8750000        -1.89229715E-04
   77.0000000        -1.87093465E-04
   77.1250000        -1.84949968E-04
   77.2500000        -1.82821110E-04
   77.3750000        -1.80722243E-04
   77.5000000        -1.78661416E-04
   77.6250000        -1.76638976E-04
   77.7500000        -1.74647401E-04
   77.8750000        -1.72671498E-04
   78.0000000        -1.70689033E-04
   78.1250000        -1.68671511E-04
   78.2500000        -1.66585363E-04
   78.3750000        -1.64393423E-04
   78.5000000        -1.62056545E-04
   78.6250000        -1.59535353E-04
   78.7500000        -1.56792172E-04
   78.8750000        -1.53792935E-04
   79.0000000        -1.50509033E-04
   79.1250000        -1.46919148E-04
   79.2500000        -1.43010708E-04
   79.3750000        -1.38781324E-04
   79.5000000        -1.34239817E-04
   79.6250000        -1.29406879E-04
   79.7500000        -1.24315455E-04
   79.8750000        -1.19010627E-04
   80.0000000        -1.13549249E-04
   80.1250000        -1.07998989E-04
   80.2500000        -1.02437196E-04
   80.3750000        -9.69492758E-05
   80.5000000        -9.16268909E-05
   80.6250000        -8.65657858E-05
   80.7500000        -8.18635890E-05
   80.8750000        -7.76173620E-05
   81.0000000        -7.39212119E-05
   81.1250000        -7.08639127E-05
   81.2500000        -6.85265986E-05
   81.3750000        -6.69806832E-05
   81.5000000        -6.62859966E-05
   81.6250000        -6.64892432E-05
   81.7500000        -6.76227792E-05
   81.8750000        -6.97037758E-05
   82.0000000        -7.27337756E-05
   82.1250000        -7.66986632E-05
   82.2500000        -8.15690437E-05
   82.3750000        -8.73010067E-05
   82.5000000        -9.38372177E-05
   82.6250000        -1.01108380E-04
   82.7500000        -1.09034918E-04
   82.8750000        -1.17528856E-04
   83.0000000        -1.26495957E-04
   83.1250000        -1.35837778E-04
   83.2500000        -1.45453872E-04
   83.3750000        -1.55243950E-04
   83.5000000        -1.65109712E-04
   83.6250000        -1.74956847E-04
   83.7500000        -1.84696532E-04
   83.8750000        -1.94246808E-04
   84.0000000        -2.03533593E-04
   84.1250000        -2.12491432E-04
   84.2500000        -2.21063878E-04
   84.3750000        -2.29203564E-04
   84.5000000        -2.36872002E-04
   84.6250000        -2.44038980E-04
   84.7500000        -2.50681944E-04
   84.8750000        -2.56784901E-04
   85.0000000        -2.62337417E-04
   85.1250000        -2.67333206E-04
   85.2500000        -2.71769124E-04
   85.3750000        -2.75643804E-04
   85.5000000        -2.78956461E-04
   85.6250000        -2.81706016E-04
   85.7500000        -2.83890171E-04
   85.8750000        -2.85504793E-04
   86.0000000        -2.86543538E-04
   86.1250000        -2.86997762E-04
   86.2500000        -2.86856754E-04
   86.3750000        -2.86108116E-04
   86.5000000        -2.84738402E-04
   86.6250000        -2.82734167E-04
   86.7500000        -2.80083012E-04
   86.8750000        -2.76774896E-04
   87.0000000        -2.72803329E-04
   87.1250000        -2.68166943E-04
   87.2500000        -2.62870686E-04
   87.3750000        -2.56927102E-04
   87.5000000        -2.50357378E-04
   87.6250000        -2.43192233E-04
   87.7500000        -2.35472515E-04
   87.8750000        -2.27249460E-04
   88.0000000        -2.18584610E-04
   88.1250000        -2.09549413E-04
   88.2500000        -2.00224458E-04
   88.3750000        -1.90698309E-04
   88.5000000        -1.81065945E-04
   88.6250000        -1.71427077E-04
   88.7500000        -1.61883974E-04
   88.8750000        -1.52539273E-04
   89.0000000        -1.43493467E-04
   89.1250000        -1.34842441E-04
   89.2500000        -1.26675019E-04
   89.3750000        -1.19070544E-04
   89.5000000        -1.12096539E-04
   89.6250000        -1.05806859E-04
   89.7500000        -1.00239915E-04
   89.8750000        -9.54173884E-05
   90.0000000        -9.13433832E-05
   90.1250000        -8.80040316E-05
   90.2500000        -8.53675519E-05
   90.3750000        -8.33849263E-05
   90.5000000        -8.19910056E-05
   90.6250000        -8.11059945E-05
   90.7500000        -8.06376047E-05
   90.8750000        -8.04833981E-05
   91.0000000        -8.05334785E-05
   91.1250000        -8.06735043E-05
   91.2500000        -8.07877223E-05
   91.3750000        -8.07620963E-05
   91.5000000        -8.04874508E-05
   91.6250000        -7.98624824E-05
   91.7500000        -7.87964091E-05
   91.8750000        -7.72114945E-05
   92.0000000        -7.50450272E-05
   92.1250000        -7.22510667E-05
   92.2500000        -6.88014043E-05
   92.3750000        -6.46863627E-05
   92.5000000        -5.99147752E-05
   92.6250000        -5.45135699E-05
   92.7500000        -4.85268974E-05
   92.8750000        -4.20146789E-05
   93.0000000        -3.50507689E-05
   93.1250000        -2.77207710E-05
   93.2500000        -2.01195944E-05
   93.3750000        -1.23487198E-05
   93.5000000        -4.51337428E-06
   93.6250000         3.28033161E-06
   93.7500000         1.09282555E-05
   93.8750000         1.83309403E-05
   94.0000000         2.53961498E-05
   94.1250000         3.20411491E-05
   94.2500000         3.81946229E-05
   94.3750000         4.37983290E-05
   94.5000000         4.88082187E-05
   94.6250000         5.31952501E-05
   94.7500000         5.69456715E-05
   94.8750000         6.00609346E-05
   95.0000000         6.25571847E-05
   95.1250000         6.44643151E-05
   95.2500000         6.58246718E-05
   95.3750000         6.66915148E-05
   95.5000000         6.71271337E-05
   95.6250000         6.72008173E-05
   95.7500000         6.69867077E-05
   95.8750000         6.65615516E-05
   96.0000000         6.60024816E-05
   96.1250000         6.53848474E-05
   96.2500000         6.47802299E-05
   96.3750000         6.42545783E-05
   96.5000000         6.38666097E-05
   96.6250000         6.36665136E-05
   96.7500000         6.36949335E-05
   96.8750000         6.39822974E-05
   97.0000000         6.45484688E-05
   97.1250000         6.54027390E-05
   97.2500000         6.65441839E-05
   97.3750000         6.79622462E-05
   97.5000000         6.96376301E-05
   97.6250000         7.15433998E-05
   97.7500000         7.36462825E-05
   97.8750000         7.59080358E-05
   98.0000000         7.82869101E-05
   98.1250000         8.07391407E-05
   98.2500000         8.32203732E-05
   98.3750000         8.56869592E-05
   98.5000000         8.80971638E-05
   98.6250000         9.04121698E-05
   98.7500000         9.25968488E-05
   98.8750000         9.46203290E-05
   99.0000000         9.64563442E-05
   99.1250000         9.80833429E-05
   99.2500000         9.94843576E-05
   99.3750000         1.00646743E-04
   99.5000000         1.01561687E-04
   99.6250000         1.02223661E-04
   99.7500000         1.02629783E-04
   99.8750000         1.02779122E-04
   100.000000         1.02672020E-04
   100.125000         1.02309496E-04
   100.250000         1.01692734E-04
   100.375000         1.00822632E-04
   100.500000         9.96996168E-05
   100.625000         9.83234931E-05
   100.750000         9.66935477E-05
   100.875000         9.48087618E-05
   101.000000         9.26681896E-05
   101.125000         9.02714892E-05
   101.250000         8.76194827E-05
   101.375000         8.47148476E-05
   101.500000         8.15628009E-05
   101.625000         7.81717827E-05
   101.750000         7.45540456E-05
   101.875000         7.07262298E-05
   102.000000         6.67097192E-05
   102.125000         6.25308749E-05
   102.250000         5.82210814E-05
   102.375000         5.38165768E-05
   102.500000         4.93580592E-05
   102.625000         4.48900937E-05
   102.750000         4.04603161E-05
   102.875000         3.61184138E-05
   103.000000         3.19150058E-05
   103.125000         2.79003198E-05
   103.250000         2.41228463E-05
   103.375000         2.06279055E-05
   103.500000         1.74562228E-05
   103.625000         1.46425682E-05
   103.750000         1.22145075E-05
   103.875000         1.01912574E-05
   104.000000         8.58280600E-06
   104.125000         7.38921153E-06
   104.250000         6.60020123E-06
   104.375000         6.19506000E-06
   104.500000         6.14281453E-06
   104.625000         6.40274175E-06
   104.750000         6.92517142E-06
   104.875000         7.65258937E-06
   105.000000         8.52100766E-06
   105.125000         9.46154341E-06
   105.250000         1.04021756E-05
   105.375000         1.12696334E-05
   105.500000         1.19913411E-05
   105.625000         1.24973740E-05
   105.750000         1.27223093E-05
   105.875000         1.26070045E-05
   106.000000         1.21001476E-05
   106.125000         1.11596073E-05
   106.250000         9.75345574E-06
   106.375000         7.86073815E-06
   106.500000         5.47185891E-06
   106.625000         2.58865089E-06
   106.750000        -7.75903061E-07
   106.875000        -4.59828834E-06
   107.000000        -8.84536894E-06
   107.125000        -1.34755564E-05
   107.250000        -1.84402124E-05
   107.375000        -2.36852047E-05
   107.500000        -2.91525466E-05
   107.625000        -3.47821187E-05
   107.750000        -4.05133324E-05
   107.875000        -4.62867210E-05
   108.000000        -5.20454269E-05
   108.125000        -5.77364590E-05
   108.250000        -6.33117597E-05
   108.375000        -6.87290303E-05
   108.500000        -7.39522366E-05
   108.625000        -7.89519036E-05
   108.750000        -8.37050975E-05
   108.875000        -8.81951564E-05
   109.000000        -9.24112101E-05
   109.125000        -9.63474886E-05
   109.250000        -1.00002471E-04
   109.375000        -1.03377970E-04
   109.500000        -1.06478081E-04
   109.625000        -1.09308188E-04
   109.750000        -1.11873960E-04
   109.875000        -1.14180475E-04
   110.000000        -1.16231386E-04
   110.125000        -1.18028358E-04
   110.250000        -1.19570606E-04
   110.375000        -1.20854675E-04
   110.500000        -1.21874451E-04
   110.625000        -1.22621350E-04
   110.750000        -1.23084727E-04
   110.875000        -1.23252539E-04
   111.000000        -1.23112113E-04
   111.125000        -1.22650978E-04
   111.250000        -1.21857920E-04
   111.375000        -1.20724042E-04
   111.500000        -1.19243734E-04
   111.625000        -1.17415679E-04
   111.750000        -1.15243754E-04
   111.875000        -1.12737813E-04
   112.000000        -1.09914195E-04
   112.125000        -1.06796142E-04
   112.250000        -1.03413913E-04
   112.375000        -9.98046526E-05
   112.500000        -9.60120451E-05
   112.625000        -9.20856473E-05
   112.750000        -8.80800435E-05
   112.875000        -8.40537250E-05
   113.000000        -8.00678536E-05
   113.125000        -7.61847405E-05
   113.250000        -7.24663405E-05
   113.375000        -6.89726439E-05
   113.500000        -6.57600249E-05
   113.625000        -6.28796770E-05
   113.750000        -6.03761182E-05
   113.875000        -5.82858665E-05
   114.000000        -5.66363269E-05
   114.125000        -5.54448743E-05
   114.250000        -5.47182754E-05
   114.375000        -5.44523355E-05
   114.500000        -5.46319243E-05
   114.625000        -5.52312486E-05
   114.750000        -5.62145106E-05
   114.875000        -5.75367994E-05
   115.000000        -5.91452590E-05
   115.125000        -6.09805174E-05
   115.250000        -6.29782735E-05
   115.375000        -6.50710281E-05
   115.500000        -6.71898815E-05
   115.625000        -6.92663598E-05
   115.750000        -7.12342298E-05
   115.875000        -7.30311585E-05
   116.000000        -7.46002988E-05
   116.125000        -7.58916212E-05
   116.250000        -7.68630562E-05
   116.375000        -7.74813379E-05
   116.500000        -7.77226232E-05
   116.625000        -7.75727603E-05
   116.750000        -7.70272964E-05
   116.875000        -7.60912299E-05
   117.000000        -7.47784798E-05
   117.125000        -7.31111431E-05
   117.250000        -7.11185712E-05
   117.375000        -6.88362998E-05
   117.500000        -6.63048850E-05
   117.625000        -6.35686592E-05
   117.750000        -6.06744907E-05
   117.875000        -5.76705825E-05
   118.000000        -5.46052834E-05
   118.125000        -5.15260435E-05
   118.250000        -4.84784141E-05
   118.375000        -4.55052650E-05
   118.500000        -4.26460610E-05
   118.625000        -3.99363271E-05
   118.750000        -3.74072843E-05
   118.875000        -3.50855698E-05
   119.000000        -3.29931390E-05
   119.125000        -3.11472577E-05
   119.250000        -2.95606078E-05
   119.375000        -2.82414876E-05
   119.500000        -2.71940880E-05
   119.625000        -2.64188147E-05
   119.750000        -2.59126828E-05
   119.875000        -2.56697112E-05
   120.000000        -2.56813692E-05
   120.125000        -2.59370354E-05
   120.250000        -2.64244445E-05
   120.375000        -2.71301487E-05
   120.500000        -2.80399636E-05
   120.625000        -2.91393990E-05
   120.750000        -3.04140667E-05
   120.875000        -3.18500497E-05
   121.000000        -3.34342476E-05
   121.125000        -3.51546514E-05
   121.250000        -3.70005728E-05
   121.375000        -3.89627785E-05
   121.500000        -4.10335779E-05
   121.625000        -4.32067682E-05
   121.750000        -4.54775764E-05
   121.875000        -4.78424081E-05
   122.000000        -5.02985749E-05
   122.125000        -5.28439268E-05
   122.250000        -5.54763792E-05
   122.375000        -5.81934219E-05
   122.500000        -6.09915623E-05
   122.625000        -6.38657657E-05
   122.750000        -6.68088906E-05
   122.875000        -6.98111471E-05
   123.000000        -7.28596133E-05
   123.125000        -7.59378745E-05
   123.250000        -7.90257182E-05
   123.375000        -8.20989735E-05
   123.500000        -8.51295335E-05
   123.625000        -8.80854859E-05
   123.750000        -9.09314622E-05
   123.875000        -9.36290962E-05
   124.000000        -9.61377518E-05
   124.125000        -9.84152866E-05
   124.250000        -1.00419027E-04
   124.375000        -1.02106875E-04
   124.500000        -1.03438433E-04
   124.625000        -1.04376253E-04
   124.750000        -1.04887054E-04
   124.875000        -1.04942970E-04
   125.000000        -1.04522645E-04
   125.125000        -1.03612358E-04
   125.250000        -1.02206846E-04
   125.375000        -1.00310092E-04
   125.500000        -9.79357937E-05
   125.625000        -9.51076800E-05
   125.750000        -9.18595324E-05
   125.875000        -8.82349123E-05
   126.000000        -8.42866575E-05
   126.125000        -8.00760827E-05
   126.250000        -7.56719310E-05
   126.375000        -7.11490720E-05
   126.500000        -6.65869666E-05
   126.625000        -6.20680075E-05
   126.750000        -5.76756356E-05
   126.875000        -5.34924220E-05
   127.000000        -4.95980821E-05
   127.125000        -4.60674783E-05
   127.250000        -4.29687025E-05
   127.375000        -4.03612576E-05
   127.500000        -3.82944054E-05
   127.625000        -3.68057445E-05
   127.750000        -3.59200531E-05
   127.875000        -3.56484306E-05
   128.000000        -3.59878104E-05
   128.125000        -3.69207810E-05
   128.250000        -3.84158411E-05
   128.375000        -4.04280145E-05
   128.500000        -4.28998137E-05
   128.625000        -4.57625974E-05
   128.750000        -4.89382146E-05
   128.875000        -5.23409544E-05
   129.000000        -5.58796964E-05
   129.125000        -5.94602752E-05
   129.250000        -6.29879141E-05
   129.375000        -6.63697356E-05
   129.500000        -6.95171839E-05
   129.625000        -7.23484118E-05
   129.750000        -7.47904487E-05
   129.875000        -7.67811362E-05
   130.000000        -7.82708012E-05
   130.125000        -7.92235151E-05
   130.250000        -7.96180684E-05
   130.375000        -7.94484586E-05
   130.500000        -7.87239551E-05
   130.625000        -7.74688015E-05
   130.750000        -7.57214220E-05
   130.875000        -7.35333015E-05
   131.000000        -7.09674787E-05
   131.125000        -6.80967496E-05
   131.250000        -6.50016518E-05
   131.375000        -6.17682090E-05
   131.500000        -5.84856243E-05
   131.625000        -5.52439014E-05
   131.750000        -5.21315123E-05
   131.875000        -4.92331565E-05
   132.000000        -4.66276870E-05
   132.125000        -4.43862336E-05
   132.250000        -4.25706348E-05
   132.375000        -4.12321424E-05
   132.500000        -4.04104576E-05
   132.625000        -4.01331345E-05
   132.750000        -4.04152815E-05
   132.875000        -4.12596346E-05
   133.000000        -4.26569022E-05
   133.125000        -4.45864280E-05
   133.250000        -4.70170380E-05
   133.375000        -4.99081470E-05
   133.500000        -5.32109589E-05
   133.625000        -5.68698233E-05
   133.750000        -6.08236332E-05
   133.875000        -6.50072543E-05
   134.000000        -6.93529510E-05
   134.125000        -7.37917580E-05
   134.250000        -7.82547577E-05
   134.375000        -8.26743344E-05
   134.500000        -8.69852520E-05
   134.625000        -9.11256575E-05
   134.750000        -9.50379253E-05
   134.875000        -9.86694431E-05
   135.000000        -1.01973186E-04
   135.125000        -1.04908264E-04
   135.250000        -1.07440217E-04
   135.375000        -1.09541332E-04
   135.500000        -1.11190762E-04
   135.625000        -1.12374582E-04
   135.750000        -1.13085742E-04
   135.875000        -1.13323920E-04
   136.000000        -1.13095310E-04
   136.125000        -1.12412330E-04
   136.250000        -1.11293273E-04
   136.375000        -1.09761866E-04
   136.500000        -1.07846812E-04
   136.625000        -1.05581239E-04
   136.750000        -1.03002130E-04
   136.875000        -1.00149737E-04
   137.000000        -9.70669207E-05
   137.125000        -9.37985023E-05
   137.250000        -9.03906184E-05
   137.375000        -8.68900315E-05
   137.500000        -8.33434970E-05
   137.625000        -7.97970715E-05
   137.750000        -7.62955460E-05
   137.875000        -7.28817904E-05
   138.000000        -6.95962080E-05
   138.125000        -6.64761974E-05
   138.250000        -6.35556498E-05
   138.375000        -6.08644732E-05
   138.500000        -5.84282061E-05
   138.625000        -5.62676287E-05
   138.750000        -5.43984315E-05
   138.875000        -5.28309647E-05
   139.000000        -5.15700049E-05
   139.125000        -5.06146316E-05
   139.250000        -4.99581511E-05
   139.375000        -4.95881177E-05
   139.500000        -4.94864835E-05
   139.625000        -4.96297907E-05
   139.750000        -4.99895250E-05
   139.875000        -5.05325952E-05
   140.000000        -5.12218903E-05
   140.125000        -5.20170033E-05
   140.250000        -5.28750606E-05
   140.375000        -5.37516171E-05
   140.500000        -5.46017036E-05
   140.625000        -5.53808750E-05
   140.750000        -5.60463304E-05
   140.875000        -5.65580340E-05
   141.000000        -5.68797950E-05
   141.125000        -5.69802833E-05
   141.250000        -5.68339383E-05
   141.375000        -5.64217444E-05
   141.500000        -5.57318708E-05
   141.625000        -5.47601048E-05
   141.750000        -5.35100990E-05
   141.875000        -5.19933892E-05
   142.000000        -5.02292787E-05
   142.125000        -4.82444266E-05
   142.250000        -4.60723168E-05
   142.375000        -4.37525377E-05
   142.500000        -4.13299204E-05
   142.625000        -3.88535482E-05
   142.750000        -3.63756881E-05
   142.875000        -3.39506623E-05
   143.000000        -3.16336846E-05
   143.125000        -2.94796882E-05
   143.250000        -2.75421826E-05
   143.375000        -2.58721229E-05
   143.500000        -2.45168831E-05
   143.625000        -2.35192583E-05
   143.750000        -2.29165926E-05
   143.875000        -2.27399978E-05
   144.000000        -2.30136902E-05
   144.125000        -2.37544391E-05
   144.250000        -2.49711647E-05
   144.375000        -2.66646693E-05
   144.500000        -2.88274859E-05
   144.625000        -3.14439130E-05
   144.750000        -3.44901709E-05
   144.875000        -3.79347075E-05
   145.000000        -4.17386800E-05
   145.125000        -4.58565555E-05
   145.250000        -5.02368566E-05
   145.375000        -5.48230382E-05
   145.500000        -5.95544661E-05
   145.625000        -6.43674794E-05
   145.750000        -6.91965324E-05
   145.875000        -7.39753887E-05
   146.000000        -7.86382952E-05
   146.125000        -8.31212019E-05
   146.250000        -8.73628960E-05
   146.375000        -9.13061012E-05
   146.500000        -9.48985107E-05
   146.625000        -9.80936602E-05
   146.750000        -1.00851699E-04
   146.875000        -1.03140017E-04
   147.000000        -1.04933672E-04
   147.125000        -1.06215710E-04
   147.250000        -1.06977233E-04
   147.375000        -1.07217369E-04
   147.500000        -1.06943015E-04
   147.625000        -1.06168452E-04
   147.750000        -1.04914863E-04
   147.875000        -1.03209662E-04
   148.000000        -1.01085789E-04
   148.125000        -9.85808583E-05
   148.250000        -9.57364100E-05
   148.375000        -9.25970162E-05
   148.500000        -8.92094322E-05
   148.625000        -8.56218467E-05
   148.750000        -8.18830958E-05
   148.875000        -7.80420232E-05
   149.000000        -7.41468320E-05
   149.125000        -7.02445686E-05
   149.250000        -6.63806932E-05
   149.375000        -6.25986431E-05
   149.500000        -5.89395568E-05
   149.625000        -5.54419894E-05
   149.750000        -5.21417060E-05
   149.875000        -4.90715029E-05
   150.000000        -4.62610478E-05
   150.125000        -4.37367926E-05
   150.250000        -4.15218165E-05
   150.375000        -3.96357573E-05
   150.500000        -3.80947058E-05
   150.625000        -3.69111222E-05
   150.750000        -3.60937593E-05
   150.875000        -3.56476012E-05
   151.000000        -3.55738084E-05
   151.125000        -3.58696670E-05
   151.250000        -3.65285887E-05
   151.375000        -3.75400814E-05
   151.500000        -3.88897861E-05
   151.625000        -4.05595310E-05
   151.750000        -4.25274047E-05
   151.875000        -4.47678904E-05
   152.000000        -4.72520114E-05
   152.125000        -4.99475791E-05
   152.250000        -5.28194432E-05
   152.375000        -5.58298198E-05
   152.500000        -5.89386909E-05
   152.625000        -6.21042564E-05
   152.750000        -6.52834497E-05
   152.875000        -6.84325132E-05
   153.000000        -7.15076530E-05
   153.125000        -7.44657518E-05
   153.250000        -7.72651038E-05
   153.375000        -7.98661567E-05
   153.500000        -8.22323636E-05
   153.625000        -8.43308953E-05
   153.750000        -8.61334338E-05
   153.875000        -8.76168197E-05
   154.000000        -8.87636998E-05
   154.125000        -8.95629782E-05
   154.250000        -9.00102459E-05
   154.375000        -9.01079256E-05
   154.500000        -8.98653598E-05
   154.625000        -8.92986864E-05
   154.750000        -8.84305045E-05
   154.875000        -8.72893579E-05
   155.000000        -8.59090505E-05
   155.125000        -8.43278249E-05
   155.250000        -8.25873140E-05
   155.375000        -8.07314573E-05
   155.500000        -7.88053003E-05
   155.625000        -7.68537066E-05
   155.750000        -7.49200990E-05
   155.875000        -7.30452302E-05
   156.000000        -7.12659748E-05
   156.125000        -6.96142743E-05
   156.250000        -6.81162128E-05
   156.375000        -6.67912391E-05
   156.500000        -6.56516786E-05
   156.625000        -6.47024208E-05
   156.750000        -6.39408754E-05
   156.875000        -6.33571763E-05
   157.000000        -6.29346687E-05
   157.125000        -6.26506153E-05
   157.250000        -6.24771201E-05
   157.375000        -6.23822925E-05
   157.500000        -6.23314991E-05
   157.625000        -6.22887674E-05
   157.750000        -6.22182633E-05
   157.875000        -6.20857390E-05
   158.000000        -6.18599588E-05
   158.125000        -6.15140380E-05
   158.250000        -6.10265924E-05
   158.375000        -6.03827757E-05
   158.500000        -5.95750025E-05
   158.625000        -5.86034912E-05
   158.750000        -5.74764890E-05
   158.875000        -5.62102323E-05
   159.000000        -5.48286334E-05
   159.125000        -5.33626444E-05
   159.250000        -5.18494126E-05
   159.375000        -5.03311712E-05
   159.500000        -4.88539226E-05
   159.625000        -4.74659646E-05
   159.750000        -4.62162898E-05
   159.875000        -4.51529158E-05
   160.000000        -4.43211975E-05
   160.125000        -4.37621675E-05
   160.250000        -4.35109869E-05
   160.375000        -4.35955262E-05
   160.500000        -4.40351505E-05
   160.625000        -4.48397695E-05
   160.750000        -4.60091542E-05
   160.875000        -4.75326015E-05
   161.000000        -4.93889202E-05
   161.125000        -5.15468200E-05
   161.250000        -5.39655884E-05
   161.375000        -5.65961564E-05
   161.500000        -5.93824734E-05
   161.625000        -6.22630832E-05
   161.750000        -6.51729933E-05
   161.875000        -6.80455996E-05
   162.000000        -7.08147709E-05
   162.125000        -7.34168352E-05
   162.250000        -7.57925372E-05
   162.375000        -7.78888425E-05
   162.500000        -7.96604945E-05
   162.625000        -8.10713027E-05
   162.750000        -8.20951027E-05
   162.875000        -8.27163531E-05
   163.000000        -8.29303390E-05
   163.125000        -8.27430413E-05
   163.250000        -8.21705689E-05
   163.375000        -8.12383296E-05
   163.500000        -7.99798217E-05
   163.625000        -7.84352669E-05
   163.750000        -7.66499870E-05
   163.875000        -7.46727164E-05
   164.000000        -7.25538484E-05
   164.125000        -7.03437618E-05
   164.250000        -6.80911617E-05
   164.375000        -6.58416975E-05
   164.500000        -6.36367404E-05
   164.625000        -6.15124445E-05
   164.750000        -5.94991398E-05
   164.875000        -5.76210114E-05
   165.000000        -5.58961292E-05
   165.125000        -5.43367714E-05
   165.250000        -5.29500467E-05
   165.375000        -5.17387161E-05
   165.500000        -5.07022196E-05
   165.625000        -4.98378104E-05
   165.750000        -4.91417122E-05
   165.875000        -4.86102472E-05
   166.000000        -4.82408614E-05
   166.125000        -4.80329509E-05
   166.250000        -4.79884584E-05
   166.375000        -4.81121788E-05
   166.500000        -4.84117772E-05
   166.625000        -4.88974401E-05
   166.750000        -4.95812637E-05
   166.875000        -5.04763339E-05
   167.000000        -5.15955617E-05
   167.125000        -5.29503559E-05
   167.250000        -5.45491894E-05
   167.375000        -5.63961657E-05
   167.500000        -5.84896188E-05
   167.625000        -6.08209266E-05
   167.750000        -6.33734962E-05
   167.875000        -6.61221202E-05
   168.000000        -6.90326633E-05
   168.125000        -7.20621902E-05
   168.250000        -7.51594926E-05
   168.375000        -7.82660645E-05
   168.500000        -8.13174629E-05
   168.625000        -8.42450609E-05
   168.750000        -8.69780633E-05
   168.875000        -8.94457771E-05
   169.000000        -9.15800192E-05
   169.125000        -9.33175252E-05
   169.250000        -9.46023429E-05
   169.375000        -9.53880372E-05
   169.500000        -9.56395816E-05
   169.625000        -9.53350027E-05
   169.750000        -9.44664935E-05
   169.875000        -9.30411334E-05
   170.000000        -9.10809831E-05
   170.125000        -8.86227717E-05
   170.250000        -8.57168998E-05
   170.375000        -8.24260715E-05
