  -18.8999996         0.00000000    
  -18.7849998         0.00000000    
  -18.6700001         0.00000000    
  -18.5550003         0.00000000    
  -18.4400005         0.00000000    
  -18.3250008         0.00000000    
  -18.2099991         0.00000000    
  -18.0949993         0.00000000    
  -17.9799995         0.00000000    
  -17.8649998         0.00000000    
  -17.7500000         0.00000000    
  -17.6350002         0.00000000    
  -17.5200005         0.00000000    
  -17.4050007         0.00000000    
  -17.2900009         0.00000000    
  -17.1749992         0.00000000    
  -17.0599995         0.00000000    
  -16.9449997         0.00000000    
  -16.8299999         0.00000000    
  -16.7150002         0.00000000    
  -16.6000004         0.00000000    
  -16.4850006         0.00000000    
  -16.3700008         0.00000000    
  -16.2549992         0.00000000    
  -16.1399994         0.00000000    
  -16.0249996         0.00000000    
  -15.9099998         0.00000000    
  -15.7950001         0.00000000    
  -15.6800003         0.00000000    
  -15.5649996         0.00000000    
  -15.4499998         0.00000000    
  -15.3350000         0.00000000    
  -15.2200003         0.00000000    
  -15.1049995         0.00000000    
  -14.9899998         0.00000000    
  -14.8750000         0.00000000    
  -14.7600002         0.00000000    
  -14.6450005         0.00000000    
  -14.5299997         0.00000000    
  -14.4150000         0.00000000    
  -14.3000002         0.00000000    
  -14.1850004         0.00000000    
  -14.0699997         0.00000000    
  -13.9549999         0.00000000    
  -13.8400002         0.00000000    
  -13.7250004         0.00000000    
  -13.6099997         0.00000000    
  -13.4949999         0.00000000    
  -13.3800001         0.00000000    
  -13.2650003         0.00000000    
  -13.1499996         0.00000000    
  -13.0349998         0.00000000    
  -12.9200001         0.00000000    
  -12.8050003         0.00000000    
  -12.6899996        -4.88229640E-33
  -12.5749998        -1.76888934E-32
  -12.4600000        -3.26774558E-32
  -12.3450003        -5.19762225E-32
  -12.2299995        -8.88327487E-32
  -12.1149998        -1.55655612E-31
  -12.0000000        -2.50113412E-31
  -11.8850002        -3.45998534E-31
  -11.7700005        -4.54088154E-31
  -11.6549997        -5.69445622E-31
  -11.5400000        -7.10501558E-31
  -11.4250002        -8.50927759E-31
  -11.3100004        -1.01012806E-30
  -11.1949997        -1.11060631E-30
  -11.0799999        -1.07409658E-30
  -10.9650002        -9.34945137E-31
  -10.8500004        -6.28301731E-31
  -10.7349997        -6.25394968E-32
  -10.6199999         8.46142275E-31
  -10.5050001         2.24108318E-30
  -10.3900003         3.90253818E-30
  -10.2749996         5.84956909E-30
  -10.1599998         8.31213158E-30
  -10.0450001         1.11611041E-29
  -9.93000031         1.43628633E-29
  -9.81499958         1.76621122E-29
  -9.69999981         2.08220381E-29
  -9.58500004         2.30690055E-29
  -9.47000027         2.36412565E-29
  -9.35499954         2.12338170E-29
  -9.23999977         1.47314126E-29
  -9.12500000         2.53205170E-30
  -9.01000023        -1.72559230E-29
  -8.89500046        -4.67620846E-29
  -8.77999973        -8.78818986E-29
  -8.66499996        -1.41989811E-28
  -8.55000019        -2.09878793E-28
  -8.43500042        -2.90180539E-28
  -8.31999969        -3.78920289E-28
  -8.20499992        -4.69054075E-28
  -8.09000015        -5.49221583E-28
  -7.97499990        -6.02857287E-28
  -7.86000013        -6.08183254E-28
  -7.74499989        -5.38178108E-28
  -7.63000011        -3.61360213E-28
  -7.51499987        -4.38833490E-29
  -7.40000010         4.47547649E-28
  -7.28499985         1.14111908E-27
  -7.17000008         2.05420362E-27
  -7.05499983         3.18591742E-27
  -6.94000006         4.50911276E-27
  -6.82499981         5.96199579E-27
  -6.71000004         7.43954844E-27
  -6.59499979         8.78680115E-27
  -6.48000002         9.79466263E-27
  -6.36499977         1.02001780E-26
  -6.25000000         9.69283409E-27
  -6.13500023         7.92830863E-27
  -6.01999998         4.55137382E-27
  -5.90500021        -7.71039120E-28
  -5.78999996        -8.30622154E-27
  -5.67500019        -1.82019608E-26
  -5.55999994        -3.04243930E-26
  -5.44500017        -4.46904494E-26
  -5.32999992        -6.03998871E-26
  -5.21500015        -7.65730517E-26
  -5.09999990        -9.18027141E-26
  -4.98500013        -1.04229997E-25
  -4.86999989        -1.11555286E-25
  -4.75500011        -1.11095454E-25
  -4.63999987        -9.98999214E-26
  -4.52500010        -7.49336694E-26
  -4.40999985        -3.33359861E-26
  -4.29500008         2.72436750E-26
  -4.17999983         1.08236548E-25
  -4.06500006         2.09684258E-25
  -3.95000005         3.29730275E-25
  -3.83500004         4.64106543E-25
  -3.72000003         6.05662899E-25
  -3.60500002         7.43997399E-25
  -3.49000001         8.65256365E-25
  -3.37500000         9.52185484E-25
  -3.25999999         9.84510341E-25
  -3.14499998         9.39727891E-25
  -3.02999997         7.94375092E-25
  -2.91499996         5.25822533E-25
  -2.79999995         1.14607290E-25
  -2.68499994        -4.52732401E-25
  -2.56999993        -1.18040452E-24
  -2.45499992        -2.05985309E-24
  -2.33999991        -3.06622819E-24
  -2.22499990        -4.15513904E-24
  -2.10999990        -5.26008823E-24
  -1.99500000        -6.29101820E-24
  -1.88000000        -7.13448011E-24
  -1.76499999        -7.65588562E-24
  -1.64999998        -7.70432010E-24
  -1.53499997        -7.12025932E-24
  -1.41999996        -5.74641624E-24
  -1.30499995        -3.44167115E-24
  -1.19000006        -9.78278241E-26
  -1.07500005         4.34145024E-24
 -0.959999979         9.86053886E-24
 -0.845000029         1.63519648E-23
 -0.730000019         2.35984647E-23
 -0.615000010         3.12591309E-23
 -0.500000000         3.88617557E-23
 -0.384999990         4.58038990E-23
 -0.270000011         5.13646110E-23
 -0.155000001         5.47288283E-23
  -3.99999991E-02     5.50253579E-23
   7.50000030E-02     5.13790188E-23
  0.189999998         4.29757853E-23
  0.305000007         2.91390198E-23
  0.419999987         9.41307644E-24
  0.535000026        -1.63505985E-23
  0.649999976        -4.79111421E-23
  0.764999986        -8.45671512E-23
  0.879999995        -1.25104328E-22
  0.995000005        -1.67770103E-22
   1.11000001        -2.10281906E-22
   1.22500002        -2.49875769E-22
   1.34000003        -2.83397813E-22
   1.45500004        -3.07440097E-22
   1.57000005        -3.18517976E-22
   1.68499994        -3.13282010E-22
   1.79999995        -2.88755353E-22
   1.91499996        -2.42580635E-22
   2.02999997        -1.73263036E-22
   2.14499998        -8.03868384E-23
   2.25999999         3.52093929E-23
   2.37500000         1.71318324E-22
   2.49000001         3.24325684E-22
   2.60500002         4.89254209E-22
   2.72000003         6.59898884E-22
   2.83500004         8.29044243E-22
   2.95000005         9.88755482E-22
   3.06500006         1.13072288E-21
   3.18000007         1.24663429E-21
   3.29500008         1.32854425E-21
   3.41000009         1.36921131E-21
   3.52500010         1.36236909E-21
   3.64000010         1.30290852E-21
   3.75500011         1.18695359E-21
   3.86999989         1.01182940E-21
   3.98499990         7.75927221E-22
   4.09999990         4.78503335E-22
   4.21500015         1.19434929E-22
   4.32999992        -3.00985751E-22
   4.44500017        -7.82183280E-22
   4.55999994        -1.32327229E-21
   4.67500019        -1.92281970E-21
   4.78999996        -2.57834338E-21
   4.90500021        -3.28552666E-21
   5.01999998        -4.03715191E-21
   5.13500023        -4.82179331E-21
   5.25000000        -5.62235793E-21
   5.36499977        -6.41459299E-21
   5.48000002        -7.16572186E-21
   5.59499979        -7.83341979E-21
   5.71000004        -8.36530096E-21
   5.82499981        -8.69917335E-21
   5.94000006        -8.76419912E-21
   6.05499983        -8.48315643E-21
   6.17000008        -7.77584511E-21
   6.28499985        -6.56365635E-21
   6.40000010        -4.77520382E-21
   6.51499987        -2.35278217E-21
   6.63000011         7.40627955E-22
   6.74499989         4.51428892E-21
   6.86000013         8.94302846E-21
   6.97499990         1.39615567E-20
   7.09000015         1.94603254E-20
   7.20499992         2.52835477E-20
   7.32000017         3.12297581E-20
   7.43499994         3.70553488E-20
   7.55000019         4.24812595E-20
   7.66499996         4.72027450E-20
   7.78000021         5.09019775E-20
   7.89499998         5.32631193E-20
   8.01000023         5.39888346E-20
   8.12500000         5.28177504E-20
   8.23999977         4.95414237E-20
   8.35499954         4.40199026E-20
   8.47000027         3.61947159E-20
   8.58500004         2.60983190E-20
   8.69999981         1.38590347E-20
   8.81499958        -2.98937742E-22
   8.93000031        -1.60606002E-20
   9.04500008        -3.30304205E-20
   9.15999985        -5.07467939E-20
   9.27499962        -6.87000899E-20
   9.39000034        -8.63529772E-20
   9.50500011        -1.03161313E-19
   9.61999989        -1.18594371E-19
   9.73499966        -1.32152546E-19
   9.85000038        -1.43381394E-19
   9.96500015        -1.51880985E-19
   10.0799999        -1.57309978E-19
   10.1949997        -1.59384443E-19
   10.3100004        -1.57872383E-19
   10.4250002        -1.52584515E-19
   10.5400000        -1.43364010E-19
   10.6549997        -1.30076633E-19
   10.7700005        -1.12604006E-19
   10.8850002        -9.08422932E-20
   11.0000000        -6.47082132E-20
   11.1149998        -3.41538287E-20
   11.2299995         8.09027876E-22
   11.3450003         4.00753239E-20
   11.4600000         8.34061463E-20
   11.5749998         1.30383388E-19
   11.6899996         1.80363605E-19
   11.8050003         2.32436098E-19
   11.9200001         2.85390598E-19
   12.0349998         3.37700311E-19
   12.1499996         3.87525432E-19
   12.2650003         4.32741838E-19
   12.3800001         4.70997778E-19
   12.4949999         4.99800207E-19
   12.6099997         5.16628990E-19
   12.7250004         5.19076307E-19
   12.8400002         5.05004569E-19
   12.9549999         4.72712058E-19
   13.0699997         4.21101391E-19
   13.1850004         3.49830423E-19
   13.3000002         2.59440184E-19
   13.4150000         1.51440976E-19
   13.5299997         2.83508917E-20
   13.6450005        -1.06328510E-19
   13.7600002        -2.48199834E-19
   13.8750000        -3.92127089E-19
   13.9899998        -5.32455643E-19
   14.1049995        -6.63290542E-19
   14.2200003        -7.78818567E-19
   14.3350000        -8.73658961E-19
   14.4499998        -9.43218750E-19
   14.5649996        -9.84034529E-19
   14.6800003        -9.94073400E-19
   14.7950001        -9.72972126E-19
   14.9099998        -9.22193059E-19
   15.0249996        -8.45082455E-19
   15.1400003        -7.46818310E-19
   15.2550001        -6.34247766E-19
   15.3699999        -5.15614349E-19
   15.4849997        -4.00188067E-19
   15.6000004        -2.97819090E-19
   15.7150002        -2.18437772E-19
   15.8299999        -1.71530957E-19
   15.9449997        -1.65630691E-19
   16.0599995        -2.07842726E-19
   16.1749992        -3.03450898E-19
   16.2900009        -4.55621473E-19
   16.4050007        -6.65229660E-19
   16.5200005        -9.30816727E-19
   16.6350002        -1.24868497E-18
   16.7500000        -1.61311676E-18
   16.8649998        -2.01670542E-18
   16.9799995        -2.45077031E-18
   17.0949993        -2.90583048E-18
   17.2099991        -3.37208552E-18
   17.3250008        -3.83988407E-18
   17.4400005        -4.30013481E-18
   17.5550003        -4.74462734E-18
   17.6700001        -5.16626115E-18
   17.7849998        -5.55914217E-18
   17.8999996        -5.91856827E-18
   18.0149994        -6.24091063E-18
   18.1299992        -6.52340935E-18
   18.2450008        -6.76392577E-18
   18.3600006        -6.96067688E-18
   18.4750004        -7.11200957E-18
   18.5900002        -7.21624756E-18
   18.7049999        -7.27165378E-18
   18.8199997        -7.27651760E-18
   18.9349995        -7.22940553E-18
   19.0499992        -7.12955076E-18
   19.1650009        -6.97737517E-18
   19.2800007        -6.77508815E-18
   19.3950005        -6.52733639E-18
   19.5100002        -6.24179571E-18
   19.6250000        -5.92967359E-18
   19.7399998        -5.60601229E-18
   19.8549995        -5.28973647E-18
   19.9699993        -5.00337564E-18
   20.0849991        -4.77243178E-18
   20.2000008        -4.62435776E-18
   20.3150005        -4.58717682E-18
   20.4300003        -4.68777646E-18
   20.5450001        -4.94996542E-18
   20.6599998        -5.39238917E-18
   20.7749996        -6.02645248E-18
   20.8899994        -6.85439616E-18
   21.0049992        -7.86768290E-18
   21.1200008        -9.04586024E-18
   21.2350006        -1.03560432E-17
   21.3500004        -1.17531273E-17
   21.4650002        -1.31808162E-17
   21.5799999        -1.45734864E-17
   21.6949997        -1.58588738E-17
   21.8099995        -1.69614923E-17
   21.9249992        -1.78066409E-17
   22.0400009        -1.83248001E-17
   22.1550007        -1.84561994E-17
   22.2700005        -1.81552297E-17
   22.3850002        -1.73944850E-17
   22.5000000        -1.61680623E-17
   22.6149998        -1.44939265E-17
   22.7299995        -1.24150711E-17
   22.8449993        -9.99928764E-18
   22.9599991        -7.33750397E-18
   23.0750008        -4.54064378E-18
   23.1900005        -1.73508371E-18
   23.3050003         9.43096741E-19
   23.4200001         3.35481171E-18
   23.5349998         5.36533003E-18
   23.6499996         6.85182653E-18
   23.7649994         7.71075847E-18
   23.8799992         7.86459752E-18
   23.9950008         7.26749967E-18
   24.1100006         5.90954208E-18
   24.2250004         3.81918719E-18
   24.3400002         1.06377784E-18
   24.4549999        -2.25207573E-18
   24.5699997        -5.99017978E-18
   24.6849995        -9.98444222E-18
   24.7999992        -1.40482482E-17
   24.9150009        -1.79831960E-17
   25.0300007        -2.15888118E-17
   25.1450005        -2.46726172E-17
   25.2600002        -2.70601169E-17
   25.3750000        -2.86040545E-17
   25.4899998        -2.91925472E-17
   25.6049995        -2.87554715E-17
   25.7199993        -2.72688278E-17
   25.8349991        -2.47568292E-17
   25.9500008        -2.12914867E-17
   26.0650005        -1.69897174E-17
   26.1800003        -1.20080974E-17
   26.2950001        -6.53556105E-18
   26.4099998        -7.84327694E-19
   26.5249996         5.02045734E-18
   26.6399994         1.06518355E-17
   26.7549992         1.58923333E-17
   26.8700008         2.05449165E-17
   26.9850006         2.44429687E-17
   27.1000004         2.74589586E-17
   27.2150002         2.95111970E-17
   27.3299999         3.05685059E-17
   27.4449997         3.06524945E-17
   27.5599995         2.98373874E-17
   27.6749992         2.82473775E-17
   27.7900009         2.60517291E-17
   27.9050007         2.34576643E-17
   28.0200005         2.07015994E-17
   28.1350002         1.80388851E-17
   28.2500000         1.57326014E-17
   28.3649998         1.40419203E-17
   28.4799995         1.32103399E-17
   28.5949993         1.34544872E-17
   28.7099991         1.49537562E-17
   28.8250008         1.78414057E-17
   28.9400005         2.21973074E-17
   29.0550003         2.80427992E-17
   29.1700001         3.53378771E-17
   29.2849998         4.39808755E-17
   29.3999996         5.38108319E-17
   29.5149994         6.46125136E-17
   29.6299992         7.61239693E-17
   29.7450008         8.80465602E-17
   29.8600006         1.00057024E-16
   29.9750004         1.11821505E-16
   30.0900002         1.23010532E-16
   30.2049999         1.33315071E-16
   30.3199997         1.42462299E-16
   30.4349995         1.50230849E-16
   30.5499992         1.56464680E-16
   30.6650009         1.61084438E-16
   30.7800007         1.64096381E-16
   30.8950005         1.65597098E-16
   31.0100002         1.65774671E-16
   31.1250000         1.64904742E-16
   31.2399998         1.63342336E-16
   31.3549995         1.61508470E-16
   31.4699993         1.59872678E-16
   31.5849991         1.58931452E-16
   31.7000008         1.59183378E-16
   31.8150005         1.61102503E-16
   31.9300003         1.65110293E-16
   32.0449982         1.71548392E-16
   32.1599998         1.80652990E-16
   32.2750015         1.92532706E-16
   32.3899994         2.07150933E-16
   32.5050011         2.24314309E-16
   32.6199989         2.43667874E-16
   32.7350006         2.64697928E-16
   32.8499985         2.86742808E-16
   32.9650002         3.09011331E-16
   33.0800018         3.30608791E-16
   33.1949997         3.50569202E-16
   33.3100014         3.67892588E-16
   33.4249992         3.81586305E-16
   33.5400009         3.90706997E-16
   33.6549988         3.94403660E-16
   33.7700005         3.91956820E-16
   33.8849983         3.82814211E-16
   34.0000000         3.66620397E-16
   34.1150017         3.43237682E-16
   34.2299995         3.12758975E-16
   34.3450012         2.75510357E-16
   34.4599991         2.32043988E-16
   34.5750008         1.83121098E-16
   34.6899986         1.29685919E-16
   34.8050003         7.28308442E-17
   34.9199982         1.37561062E-17
   35.0349998        -4.62762951E-17
   35.1500015        -1.05990702E-16
   35.2649994        -1.64147997E-16
   35.3800011        -2.19593371E-16
   35.4949989        -2.71301794E-16
   35.6100006        -3.18418690E-16
   35.7249985        -3.60294067E-16
   35.8400002        -3.96509463E-16
   35.9550018        -4.26896929E-16
   36.0699997        -4.51549241E-16
   36.1850014        -4.70821623E-16
   36.2999992        -4.85324574E-16
   36.4150009        -4.95908250E-16
   36.5299988        -5.03640179E-16
   36.6450005        -5.09774497E-16
   36.7599983        -5.15716381E-16
   36.8750000        -5.22980270E-16
   36.9900017        -5.33144348E-16
   37.1049995        -5.47800189E-16
   37.2200012        -5.68500986E-16
   37.3349991        -5.96707606E-16
   37.4500008        -6.33734063E-16
   37.5649986        -6.80693252E-16
   37.6800003        -7.38445441E-16
   37.7949982        -8.07548824E-16
   37.9099998        -8.88216854E-16
   38.0250015        -9.80280441E-16
   38.1399994        -1.08316043E-15
   38.2550011        -1.19584990E-15
   38.3699989        -1.31690955E-15
   38.4850006        -1.44447726E-15
   38.5999985        -1.57629157E-15
   38.7150002        -1.70973516E-15
   38.8300018        -1.84189157E-15
   38.9449997        -1.96961990E-15
   39.0600014        -2.08964553E-15
   39.1749992        -2.19866163E-15
   39.2900009        -2.29344420E-15
   39.4049988        -2.37096973E-15
   39.5200005        -2.42853854E-15
   39.6349983        -2.46389052E-15
   39.7500000        -2.47531763E-15
   39.8650017        -2.46175727E-15
   39.9799995        -2.42286977E-15
   40.0950012        -2.35908925E-15
   40.2099991        -2.27164559E-15
   40.3250008        -2.16255749E-15
   40.4399986        -2.03458923E-15
   40.5550003        -1.89117448E-15
   40.6699982        -1.73630912E-15
   40.7849998        -1.57441201E-15
   40.9000015        -1.41016311E-15
   41.0149994        -1.24832179E-15
   41.1300011        -1.09353288E-15
   41.2449989        -9.50128821E-16
   41.3600006        -8.21938802E-16
   41.4749985        -7.12108222E-16
   41.5900002        -6.22943552E-16
   41.7050018        -5.55783474E-16
   41.8199997        -5.10910580E-16
   41.9350014        -4.87501766E-16
   42.0499992        -4.83624949E-16
   42.1650009        -4.96280786E-16
   42.2799988        -5.21492245E-16
   42.3950005        -5.54436745E-16
   42.5099983        -5.89616458E-16
   42.6250000        -6.21059592E-16
   42.7400017        -6.42547124E-16
   42.8549995        -6.47853679E-16
   42.9700012        -6.30995818E-16
   43.0849991        -5.86470313E-16
   43.2000008        -5.09479465E-16
   43.3149986        -3.96134228E-16
   43.4300003        -2.43623087E-16
   43.5449982        -5.03346682E-17
   43.6599998         1.84054926E-16
   43.7750015         4.58552721E-16
   43.8899994         7.70864727E-16
   44.0050011         1.11746569E-15
   44.1199989         1.49371285E-15
   44.2350006         1.89400781E-15
   44.3499985         2.31198681E-15
   44.4650002         2.74075086E-15
   44.5800018         3.17310401E-15
   44.6949997         3.60181406E-15
   44.8100014         4.01986421E-15
   44.9249992         4.42069926E-15
   45.0400009         4.79845350E-15
   45.1549988         5.14814470E-15
   45.2700005         5.46583923E-15
   45.3849983         5.74877026E-15
   45.5000000         5.99540804E-15
   45.6150017         6.20548026E-15
   45.7299995         6.37994364E-15
   45.8450012         6.52090432E-15
   45.9599991         6.63148701E-15
   46.0750008         6.71567065E-15
   46.1899986         6.77807877E-15
   46.3050003         6.82375121E-15
   46.4199982         6.85789045E-15
   46.5349998         6.88560621E-15
   46.6500015         6.91165756E-15
   46.7649994         6.94020765E-15
   46.8800011         6.97460142E-15
   46.9949989         7.01717457E-15
   47.1100006         7.06909473E-15
   47.2249985         7.13025643E-15
   47.3400002         7.19921085E-15
   47.4550018         7.27315513E-15
   47.5699997         7.34797185E-15
   47.6850014         7.41831032E-15
   47.7999992         7.47771782E-15
   47.9150009         7.51881247E-15
   48.0299988         7.53348223E-15
   48.1450005         7.51313057E-15
   48.2599983         7.44891023E-15
   48.3750000         7.33200698E-15
   48.4900017         7.15388865E-15
   48.6049995         6.90658680E-15
   48.7200012         6.58295075E-15
   48.8349991         6.17687469E-15
   48.9500008         5.68352924E-15
   49.0649986         5.09954365E-15
   49.1800003         4.42317344E-15
   49.2949982         3.65442074E-15
   49.4099998         2.79512487E-15
   49.5250015         1.84900453E-15
   49.6399994         8.21650970E-16
   49.7550011        -2.79507532E-16
   49.8699989        -1.44532048E-15
   49.9850006        -2.66506233E-15
   50.0999985        -3.92664484E-15
   50.2150002        -5.21688905E-15
   50.3300018        -6.52184876E-15
   50.4449997        -7.82718328E-15
   50.5600014        -9.11858412E-15
   50.6749992        -1.03822421E-14
   50.7900009        -1.16053416E-14
   50.9049988        -1.27765670E-14
   51.0200005        -1.38866029E-14
   51.1349983        -1.49286118E-14
   51.2500000        -1.58986644E-14
   51.3650017        -1.67961060E-14
   51.4799995        -1.76237961E-14
   51.5950012        -1.83882704E-14
   51.7099991        -1.90997188E-14
   51.8250008        -1.97718361E-14
   51.9399986        -2.04214900E-14
   52.0550003        -2.10682081E-14
   52.1699982        -2.17335203E-14
   52.2849998        -2.24400966E-14
   52.4000015        -2.32108186E-14
   52.5149994        -2.40676755E-14
   52.6300011        -2.50306486E-14
   52.7449989        -2.61165533E-14
   52.8600006        -2.73379172E-14
   52.9749985        -2.87019689E-14
   53.0900002        -3.02097316E-14
   53.2050018        -3.18553709E-14
   53.3199997        -3.36257342E-14
   53.4350014        -3.55002215E-14
   53.5499992        -3.74509350E-14
   53.6650009        -3.94431802E-14
   53.7799988        -4.14362961E-14
   53.8950005        -4.33847802E-14
   54.0099983        -4.52397316E-14
   54.1250000        -4.69504772E-14
   54.2400017        -4.84664155E-14
   54.3549995        -4.97389503E-14
   54.4700012        -5.07234432E-14
   54.5849991        -5.13810592E-14
   54.7000008        -5.16805565E-14
   54.8149986        -5.15997530E-14
   54.9300003        -5.11266919E-14
   55.0449982        -5.02604787E-14
   55.1599998        -4.90116438E-14
   55.2750015        -4.74020644E-14
   55.3899994        -4.54644223E-14
   55.5050011        -4.32411641E-14
   55.6199989        -4.07830880E-14
   55.7350006        -3.81474603E-14
   55.8499985        -3.53958467E-14
   55.9650002        -3.25917306E-14
   56.0800018        -2.97979313E-14
   56.1949997        -2.70739851E-14
   56.3100014        -2.44735601E-14
   56.4249992        -2.20420148E-14
   56.5400009        -1.98142707E-14
   56.6549988        -1.78129098E-14
   56.7700005        -1.60467512E-14
   56.8849983        -1.45098675E-14
   57.0000000        -1.31811134E-14
   57.1150017        -1.20241443E-14
   57.2299995        -1.09880612E-14
   57.3450012        -1.00084685E-14
   57.4599991        -9.00908563E-15
   57.5750008        -7.90376946E-15
   57.6899986        -6.59893384E-15
   57.8050003        -4.99623485E-15
   57.9199982        -2.99552948E-15
   58.0349998        -4.97903754E-16
   58.1500015         2.59117712E-15
   58.2649994         6.35887200E-15
   58.3800011         1.08820423E-14
   58.4949989         1.62245807E-14
   58.6100006         2.24350364E-14
   58.7249985         2.95446718E-14
   58.8400002         3.75659417E-14
   58.9550018         4.64914430E-14
   59.0699997         5.62934709E-14
   59.1850014         6.69240257E-14
   59.2999992         7.83155821E-14
   59.4150009         9.03821966E-14
   59.5299988         1.03021392E-13
   59.6450005         1.16116318E-13
   59.7599983         1.29538578E-13
   59.8750000         1.43151360E-13
   59.9900017         1.56812768E-13
   60.1049995         1.70379593E-13
   60.2200012         1.83710929E-13
   60.3349991         1.96672051E-13
   60.4500008         2.09137856E-13
   60.5649986         2.20996371E-13
   60.6800003         2.32151700E-13
   60.7949982         2.42526566E-13
   60.9099998         2.52064401E-13
   61.0250015         2.60730700E-13
   61.1399994         2.68513646E-13
   61.2550011         2.75424296E-13
   61.3699989         2.81495801E-13
   61.4850006         2.86781910E-13
   61.5999985         2.91355210E-13
   61.7150002         2.95304119E-13
   61.8300018         2.98730116E-13
   61.9449997         3.01744090E-13
   62.0600014         3.04462537E-13
   62.1749992         3.07003826E-13
   62.2900009         3.09484019E-13
   62.4049988         3.12013300E-13
   62.5200005         3.14692445E-13
   62.6349983         3.17609383E-13
   62.7500000         3.20836565E-13
   62.8650017         3.24428716E-13
   62.9799995         3.28421074E-13
   63.0950012         3.32828247E-13
   63.2099991         3.37643542E-13
   63.3250008         3.42839147E-13
   63.4399986         3.48366599E-13
   63.5550003         3.54157811E-13
   63.6699982         3.60126452E-13
   63.7849998         3.66169877E-13
   63.9000015         3.72171152E-13
   64.0149994         3.78001504E-13
   64.1299973         3.83522803E-13
   64.2450027         3.88590093E-13
   64.3600006         3.93054458E-13
   64.4749985         3.96765547E-13
   64.5899963         3.99574417E-13
   64.7050018         4.01336110E-13
   64.8199997         4.01911956E-13
   64.9349976         4.01172585E-13
   65.0500031         3.98999383E-13
   65.1650009         3.95287454E-13
   65.2799988         3.89946620E-13
   65.3949966         3.82903724E-13
   65.5100021         3.74103634E-13
   65.6250000         3.63509976E-13
   65.7399979         3.51106080E-13
   65.8550034         3.36894927E-13
   65.9700012         3.20898527E-13
   66.0849991         3.03157293E-13
   66.1999969         2.83728499E-13
   66.3150024         2.62684378E-13
   66.4300003         2.40109636E-13
   66.5449982         2.16098461E-13
   66.6600037         1.90751725E-13
   66.7750015         1.64172942E-13
   66.8899994         1.36465072E-13
   67.0049973         1.07726653E-13
   67.1200027         7.80483330E-14
   67.2350006         4.75096104E-14
   67.3499985         1.61762015E-14
   67.4649963        -1.59024134E-14
   67.5800018        -4.86943825E-14
   67.6949997        -8.21863126E-14
   67.8099976        -1.16383154E-13
   67.9250031        -1.51307352E-13
   68.0400009        -1.86996929E-13
   68.1549988        -2.23503155E-13
   68.2699966        -2.60887151E-13
   68.3850021        -2.99216056E-13
   68.5000000        -3.38559096E-13
   68.6149979        -3.78982653E-13
   68.7300034        -4.20546356E-13
   68.8450012        -4.63298616E-13
   68.9599991        -5.07272664E-13
   69.0749969        -5.52483352E-13
   69.1900024        -5.98924502E-13
   69.3050003        -6.46567001E-13
   69.4199982        -6.95358159E-13
   69.5350037        -7.45221539E-13
   69.6500015        -7.96057935E-13
   69.7649994        -8.47747436E-13
   69.8799973        -9.00152023E-13
   69.9950027        -9.53118660E-13
   70.1100006        -1.00648342E-12
   70.2249985        -1.06007542E-12
   70.3399963        -1.11372120E-12
   70.4550018        -1.16724870E-12
   70.5699997        -1.22049170E-12
   70.6849976        -1.27329278E-12
   70.8000031        -1.32550698E-12
   70.9150009        -1.37700355E-12
   71.0299988        -1.42766810E-12
   71.1449966        -1.47740305E-12
   71.2600021        -1.52612818E-12
   71.3750000        -1.57377984E-12
   71.4899979        -1.62030979E-12
   71.6050034        -1.66568387E-12
   71.7200012        -1.70987909E-12
   71.8349991        -1.75288169E-12
   71.9499969        -1.79468430E-12
   72.0650024        -1.83528388E-12
   72.1800003        -1.87467793E-12
   72.2949982        -1.91286288E-12
   72.4100037        -1.94983157E-12
   72.5250015        -1.98557100E-12
   72.6399994        -2.02006055E-12
   72.7549973        -2.05327140E-12
   72.8700027        -2.08516299E-12
   72.9850006        -2.11568436E-12
   73.0999985        -2.14477177E-12
   73.2149963        -2.17234824E-12
   73.3300018        -2.19832247E-12
   73.4449997        -2.22258930E-12
   73.5599976        -2.24502751E-12
   73.6750031        -2.26549964E-12
   73.7900009        -2.28385279E-12
   73.9049988        -2.29991590E-12
   74.0199966        -2.31350204E-12
   74.1350021        -2.32440629E-12
   74.2500000        -2.33240879E-12
   74.3649979        -2.33727317E-12
   74.4800034        -2.33875115E-12
   74.5950012        -2.33658232E-12
   74.7099991        -2.33049951E-12
   74.8249969        -2.32023211E-12
   74.9400024        -2.30550995E-12
   75.0550003        -2.28607020E-12
   75.1699982        -2.26166221E-12
   75.2850037        -2.23205460E-12
   75.4000015        -2.19704094E-12
   75.5149994        -2.15644625E-12
   75.6299973        -2.11013433E-12
   75.7450027        -2.05801088E-12
   75.8600006        -2.00002905E-12
   75.9749985        -1.93619166E-12
   76.0899963        -1.86655422E-12
   76.2050018        -1.79122223E-12
   76.3199997        -1.71035072E-12
   76.4349976        -1.62413984E-12
   76.5500031        -1.53282942E-12
   76.6650009        -1.43669126E-12
   76.7799988        -1.33601962E-12
   76.8949966        -1.23112198E-12
   77.0100021        -1.12230819E-12
   77.1250000        -1.00987816E-12
   77.2399979        -8.94112638E-13
   77.3550034        -7.75261203E-13
   77.4700012        -6.53534084E-13
   77.5849991        -5.29093859E-13
   77.6999969        -4.02049759E-13
   77.8150024        -2.72454748E-13
   77.9300003        -1.40303730E-13
   78.0449982        -5.53658681E-15
   78.1600037         1.31959493E-13
   78.2750015         2.72341801E-13
   78.3899994         4.15804760E-13
   78.5049973         5.62568221E-13
   78.6200027         7.12866506E-13
   78.7350006         8.66935321E-13
   78.8499985         1.02499845E-12
   78.9649963         1.18725646E-12
   79.0800018         1.35387339E-12
   79.1949997         1.52496765E-12
   79.3099976         1.70060212E-12
   79.4250031         1.88077960E-12
   79.5400009         2.06543615E-12
   79.6549988         2.25444034E-12
   79.7699966         2.44759508E-12
   79.8850021         2.64463841E-12
   80.0000000         2.84524964E-12
   80.1149979         3.04905515E-12
   80.2300034         3.25563708E-12
   80.3450012         3.46454094E-12
   80.4599991         3.67528490E-12
   80.5749969         3.88736873E-12
   80.6900024         4.10028175E-12
   80.8050003         4.31351135E-12
   80.9199982         4.52654797E-12
   81.0350037         4.73889331E-12
   81.1500015         4.95005946E-12
   81.2649994         5.15957849E-12
   81.3799973         5.36699591E-12
   81.4950027         5.57187890E-12
   81.6100006         5.77381068E-12
   81.7249985         5.97239359E-12
   81.8399963         6.16724553E-12
   81.9550018         6.35800180E-12
   82.0699997         6.54431283E-12
   82.1849976         6.72584471E-12
   82.3000031         6.90227953E-12
   82.4150009         7.07331459E-12
   82.5299988         7.23866670E-12
   82.6449966         7.39807087E-12
   82.7600021         7.55128252E-12
   82.8750000         7.69807829E-12
   82.9899979         7.83825782E-12
   83.1050034         7.97164244E-12
   83.2200012         8.09807776E-12
   83.3349991         8.21742500E-12
   83.4499969         8.32956447E-12
   83.5650024         8.43439207E-12
   83.6800003         8.53180547E-12
   83.7949982         8.62171098E-12
   83.9100037         8.70400713E-12
   84.0250015         8.77858463E-12
   84.1399994         8.84531857E-12
   84.2549973         8.90406065E-12
   84.3700027         8.95464172E-12
   84.4850006         8.99686228E-12
   84.5999985         9.03049684E-12
   84.7149963         9.05528777E-12
   84.8300018         9.07096186E-12
   84.9449997         9.07722248E-12
   85.0599976         9.07376084E-12
   85.1750031         9.06027336E-12
   85.2900009         9.03645388E-12
   85.4049988         9.00202309E-12
   85.5199966         8.95672599E-12
   85.6350021         8.90034834E-12
   85.7500000         8.83272101E-12
   85.8649979         8.75373211E-12
   85.9800034         8.66332613E-12
   86.0950012         8.56150914E-12
   86.2099991         8.44834879E-12
   86.3249969         8.32396738E-12
   86.4400024         8.18853492E-12
   86.5550003         8.04226477E-12
   86.6699982         7.88539286E-12
   86.7850037         7.71817159E-12
   86.9000015         7.54084729E-12
   87.0149994         7.35365414E-12
   87.1299973         7.15678385E-12
   87.2450027         6.95038254E-12
   87.3600006         6.73453177E-12
   87.4749985         6.50923542E-12
   87.5899963         6.27441632E-12
   87.7050018         6.02990097E-12
   87.8199997         5.77542354E-12
   87.9349976         5.51062277E-12
   88.0500031         5.23504677E-12
   88.1650009         4.94816124E-12
   88.2799988         4.64935642E-12
   88.3949966         4.33796315E-12
   88.5100021         4.01326888E-12
   88.6250000         3.67453550E-12
   88.7399979         3.32101642E-12
   88.8550034         2.95198414E-12
   88.9700012         2.56674673E-12
   89.0849991         2.16467295E-12
   89.1999969         1.74521487E-12
   89.3150024         1.30793098E-12
   89.4300003         8.52505566E-13
   89.5449982         3.78772968E-13
   89.6600037        -1.13266818E-13
   89.7750015        -6.23429693E-13
   89.8899994        -1.15133532E-12
   90.0049973        -1.69639433E-12
   90.1200027        -2.25780375E-12
   90.2350006        -2.83454076E-12
   90.3499985        -3.42536806E-12
   90.4649963        -4.02883803E-12
   90.5800018        -4.64330657E-12
   90.6949997        -5.26695094E-12
   90.8099976        -5.89779267E-12
   90.9250031        -6.53372668E-12
   91.0400009        -7.17255162E-12
   91.1549988        -7.81201579E-12
   91.2699966        -8.44985366E-12
   91.3850021        -9.08383178E-12
   91.5000000        -9.71180254E-12
   91.6149979        -1.03317346E-11
   91.7300034        -1.09417805E-11
   91.8450012        -1.15402991E-11
   91.9599991        -1.21259036E-11
   92.0749969        -1.26974872E-11
   92.1900024        -1.32542640E-11
   92.3050003        -1.37957579E-11
   92.4199982        -1.43218354E-11
   92.5350037        -1.48326889E-11
   92.6500015        -1.53288233E-11
   92.7649994        -1.58110400E-11
   92.8799973        -1.62803989E-11
   92.9950027        -1.67381768E-11
   93.1100006        -1.71858257E-11
   93.2249985        -1.76249102E-11
   93.3399963        -1.80570680E-11
   93.4550018        -1.84839297E-11
   93.5699997        -1.89070842E-11
   93.6849976        -1.93280027E-11
   93.8000031        -1.97480018E-11
   93.9150009        -2.01681918E-11
   94.0299988        -2.05894433E-11
   94.1449966        -2.10123533E-11
   94.2600021        -2.14372253E-11
   94.3750000        -2.18640609E-11
   94.4899979        -2.22925550E-11
   94.6050034        -2.27220933E-11
   94.7200012        -2.31517860E-11
   94.8349991        -2.35804674E-11
   94.9499969        -2.40067324E-11
   95.0650024        -2.44289606E-11
   95.1800003        -2.48453549E-11
   95.2949982        -2.52539743E-11
   95.4100037        -2.56527594E-11
   95.5250015        -2.60395733E-11
   95.6399994        -2.64122300E-11
   95.7549973        -2.67685388E-11
   95.8700027        -2.71062946E-11
   95.9850006        -2.74233310E-11
   96.0999985        -2.77175383E-11
   96.2149963        -2.79868715E-11
   96.3300018        -2.82293720E-11
   96.4449997        -2.84431732E-11
   96.5599976        -2.86265352E-11
   96.6750031        -2.87778204E-11
   96.7900009        -2.88955561E-11
   96.9049988        -2.89783857E-11
   97.0199966        -2.90251208E-11
   97.1350021        -2.90347538E-11
   97.2500000        -2.90064257E-11
   97.3649979        -2.89394897E-11
   97.4800034        -2.88334738E-11
   97.5950012        -2.86881057E-11
   97.7099991        -2.85033039E-11
   97.8249969        -2.82791845E-11
   97.9400024        -2.80160634E-11
   98.0550003        -2.77144158E-11
   98.1699982        -2.73748940E-11
   98.2850037        -2.69982977E-11
   98.4000015        -2.65855532E-11
   98.5149994        -2.61376858E-11
   98.6299973        -2.56557935E-11
   98.7450027        -2.51410420E-11
   98.8600006        -2.45946111E-11
   98.9749985        -2.40176698E-11
   99.0899963        -2.34113770E-11
   99.2050018        -2.27768516E-11
   99.3199997        -2.21151465E-11
   99.4349976        -2.14272523E-11
   99.5500031        -2.07140936E-11
   99.6650009        -1.99765204E-11
   99.7799988        -1.92153272E-11
   99.8949966        -1.84312565E-11
   100.010002        -1.76250056E-11
   100.125000        -1.67972702E-11
   100.239998        -1.59487302E-11
   100.355003        -1.50800813E-11
   100.470001        -1.41920590E-11
   100.584999        -1.32854292E-11
   100.699997        -1.23610159E-11
   100.815002        -1.14196907E-11
   100.930000        -1.04623567E-11
   101.044998        -9.48995830E-12
   101.160004        -8.50345402E-12
   101.275002        -7.50377711E-12
   101.389999        -6.49183094E-12
   101.504997        -5.46844037E-12
   101.620003        -4.43431966E-12
   101.735001        -3.39003825E-12
   101.849998        -2.33599641E-12
   101.964996        -1.27238931E-12
   102.080002        -1.99196128E-13
   102.195000         8.83836407E-13
   102.309998         1.97719445E-12
   102.425003         3.08158967E-12
   102.540001         4.19794104E-12
   102.654999         5.32733493E-12
   102.769997         6.47099605E-12
   102.885002         7.63023238E-12
   103.000000         8.80638010E-12
   103.114998         1.00007476E-11
   103.230003         1.12145336E-11
   103.345001         1.24487937E-11
   103.459999         1.37043484E-11
   103.574997         1.49817537E-11
   103.690002         1.62812333E-11
   103.805000         1.76026537E-11
   103.919998         1.89454945E-11
   104.035004         2.03088379E-11
   104.150002         2.16913536E-11
   104.264999         2.30913240E-11
   104.379997         2.45066675E-11
   104.495003         2.59349642E-11
   104.610001         2.73734958E-11
   104.724998         2.88193115E-11
   104.839996         3.02692732E-11
   104.955002         3.17201092E-11
   105.070000         3.31684957E-11
   105.184998         3.46110918E-11
   105.300003         3.60445979E-11
   105.415001         3.74658291E-11
   105.529999         3.88717426E-11
   105.644997         4.02594659E-11
   105.760002         4.16263690E-11
   105.875000         4.29700407E-11
   105.989998         4.42883681E-11
   106.105003         4.55794985E-11
   106.220001         4.68418707E-11
   106.334999         4.80742390E-11
   106.449997         4.92756391E-11
   106.565002         5.04454117E-11
   106.680000         5.15831960E-11
   106.794998         5.26889157E-11
   106.910004         5.37627963E-11
   107.025002         5.48052922E-11
   107.139999         5.58171426E-11
   107.254997         5.67992910E-11
   107.370003         5.77529413E-11
   107.485001         5.86794294E-11
   107.599998         5.95802435E-11
   107.714996         6.04569866E-11
   107.830002         6.13113033E-11
   107.945000         6.21448448E-11
   108.059998         6.29592073E-11
   108.175003         6.37558617E-11
   108.290001         6.45360848E-11
   108.404999         6.53009244E-11
   108.519997         6.60511368E-11
   108.635002         6.67870620E-11
   108.750000         6.75086861E-11
   108.864998         6.82155304E-11
   108.980003         6.89066373E-11
   109.095001         6.95805774E-11
   109.209999         7.02354702E-11
   109.324997         7.08689357E-11
   109.440002         7.14782400E-11
   109.555000         7.20602605E-11
   109.669998         7.26115695E-11
   109.785004         7.31285726E-11
   109.900002         7.36075090E-11
   110.014999         7.40446593E-11
   110.129997         7.44363252E-11
   110.245003         7.47790094E-11
   110.360001         7.50694576E-11
   110.474998         7.53047694E-11
   110.589996         7.54824883E-11
   110.705002         7.56006091E-11
   110.820000         7.56576399E-11
   110.934998         7.56526439E-11
   111.050003         7.55852533E-11
   111.165001         7.54556001E-11
   111.279999         7.52643572E-11
   111.394997         7.50126627E-11
   111.510002         7.47020570E-11
   111.625000         7.43344344E-11
   111.739998         7.39119876E-11
   111.855003         7.34371036E-11
   111.970001         7.29123012E-11
   112.084999         7.23401686E-11
   112.199997         7.17232593E-11
   112.315002         7.10640713E-11
   112.430000         7.03649777E-11
   112.544998         6.96281852E-11
   112.660004         6.88556642E-11
   112.775002         6.80491843E-11
   112.889999         6.72102235E-11
   113.004997         6.63400168E-11
   113.120003         6.54395496E-11
   113.235001         6.45095019E-11
   113.349998         6.35503108E-11
   113.464996         6.25621846E-11
   113.580002         6.15450954E-11
   113.695000         6.04987588E-11
   113.809998         5.94227306E-11
   113.925003         5.83163517E-11
   114.040001         5.71787895E-11
   114.154999         5.60090446E-11
   114.269997         5.48059688E-11
   114.385002         5.35682401E-11
   114.500000         5.22944327E-11
   114.614998         5.09829748E-11
   114.730003         4.96321734E-11
   114.845001         4.82402000E-11
   114.959999         4.68051257E-11
   115.074997         4.53248689E-11
   115.190002         4.37972610E-11
   115.305000         4.22200053E-11
   115.419998         4.05906662E-11
   115.535004         3.89066696E-11
   115.650002         3.71653194E-11
   115.764999         3.53637605E-11
   115.879997         3.34989779E-11
   115.995003         3.15677970E-11
   116.110001         2.95668767E-11
   116.224998         2.74927234E-11
   116.339996         2.53416697E-11
   116.455002         2.31099202E-11
   116.570000         2.07935578E-11
   116.684998         1.83885893E-11
   116.800003         1.58909552E-11
   116.915001         1.32966286E-11
   117.029999         1.06016827E-11
   117.144997         7.80233517E-12
   117.260002         4.89506352E-12
   117.375000         1.87668370E-12
   117.489998        -1.25555078E-12
   117.605003        -4.50383784E-12
   117.720001        -7.86971616E-12
   117.834999        -1.13540184E-11
   117.949997        -1.49567546E-11
   118.065002        -1.86770478E-11
   118.180000        -2.25131181E-11
   118.294998        -2.64622040E-11
   118.410004        -3.05205895E-11
   118.525002        -3.46836136E-11
   118.639999        -3.89456939E-11
   118.754997        -4.33004500E-11
   118.870003        -4.77407489E-11
   118.985001        -5.22588327E-11
   119.099998        -5.68464303E-11
   119.214996        -6.14949411E-11
   119.330002        -6.61955560E-11
   119.445000        -7.09394141E-11
   119.559998        -7.57178001E-11
   119.675003        -8.05222625E-11
   119.790001        -8.53447660E-11
   119.904999        -9.01778582E-11
   120.019997        -9.50147738E-11
   120.135002        -9.98495037E-11
   120.250000        -1.04676927E-10
   120.364998        -1.09492838E-10
   120.480003        -1.14293991E-10
   120.595001        -1.19078136E-10
   120.709999        -1.23844018E-10
   120.824997        -1.28591290E-10
   120.940002        -1.33320591E-10
   121.055000        -1.38033349E-10
   121.169998        -1.42731840E-10
   121.285004        -1.47419035E-10
   121.400002        -1.52098473E-10
   121.514999        -1.56774274E-10
   121.629997        -1.61450880E-10
   121.745003        -1.66133010E-10
   121.860001        -1.70825548E-10
   121.974998        -1.75533324E-10
   122.089996        -1.80261028E-10
   122.205002        -1.85013060E-10
   122.320000        -1.89793348E-10
   122.434998        -1.94605249E-10
   122.550003        -1.99451261E-10
   122.665001        -2.04333092E-10
   122.779999        -2.09251283E-10
   122.894997        -2.14205265E-10
   123.010002        -2.19193150E-10
   123.125000        -2.24211552E-10
   123.239998        -2.29255698E-10
   123.355003        -2.34319258E-10
   123.470001        -2.39394282E-10
   123.584999        -2.44471332E-10
   123.699997        -2.49539278E-10
   123.815002        -2.54585769E-10
   123.930000        -2.59596955E-10
   124.044998        -2.64557737E-10
   124.160004        -2.69452016E-10
   124.275002        -2.74262696E-10
   124.389999        -2.78972151E-10
   124.504997        -2.83562146E-10
   124.620003        -2.88014251E-10
   124.735001        -2.92310037E-10
   124.849998        -2.96431213E-10
   124.964996        -3.00359959E-10
   125.080002        -3.04078901E-10
   125.195000        -3.07571579E-10
   125.309998        -3.10822368E-10
   125.425003        -3.13816612E-10
   125.540001        -3.16540821E-10
   125.654999        -3.18982618E-10
   125.769997        -3.21130789E-10
   125.885002        -3.22975313E-10
   126.000000        -3.24507282E-10
   126.114998        -3.25718896E-10
   126.230003        -3.26603383E-10
   126.345001        -3.27154942E-10
   126.459999        -3.27368577E-10
   126.574997        -3.27240013E-10
   126.690002        -3.26765726E-10
   126.805000        -3.25942801E-10
   126.919998        -3.24768712E-10
   127.035004        -3.23241378E-10
   127.150002        -3.21359106E-10
   127.264999        -3.19120536E-10
   127.379997        -3.16524446E-10
   127.495003        -3.13570059E-10
   127.610001        -3.10256487E-10
   127.724998        -3.06583259E-10
   127.839996        -3.02550124E-10
   127.955002        -2.98156749E-10
   128.070007        -2.93403274E-10
   128.184998        -2.88289864E-10
   128.300003        -2.82816881E-10
   128.414993        -2.76985074E-10
   128.529999        -2.70795220E-10
   128.645004        -2.64248540E-10
   128.759995        -2.57346450E-10
   128.875000        -2.50090781E-10
   128.990005        -2.42483728E-10
   129.104996        -2.34527842E-10
   129.220001        -2.26226274E-10
   129.335007        -2.17582563E-10
   129.449997        -2.08600887E-10
   129.565002        -1.99286032E-10
   129.679993        -1.89643398E-10
   129.794998        -1.79679077E-10
   129.910004        -1.69399883E-10
   130.024994        -1.58813351E-10
   130.139999        -1.47927615E-10
   130.255005        -1.36751610E-10
   130.369995        -1.25294816E-10
   130.485001        -1.13567260E-10
   130.600006        -1.01579432E-10
   130.714996        -8.93420962E-11
   130.830002        -7.68663397E-11
   130.945007        -6.41632164E-11
   131.059998        -5.12437176E-11
   131.175003        -3.81185430E-11
   131.289993        -2.47980456E-11
   131.404999        -1.12919465E-11
   131.520004         2.39071957E-12
   131.634995         1.62416400E-11
   131.750000         3.02535635E-11
   131.865005         4.44200579E-11
   131.979996         5.87357177E-11
   132.095001         7.31960118E-11
   132.210007         8.77974152E-11
   132.324997         1.02537090E-10
   132.440002         1.17412913E-10
   132.554993         1.32423211E-10
   132.669998         1.47566764E-10
   132.785004         1.62842323E-10
   132.899994         1.78248583E-10
   133.014999         1.93783989E-10
   133.130005         2.09446349E-10
   133.244995         2.25232805E-10
   133.360001         2.41139525E-10
   133.475006         2.57161653E-10
   133.589996         2.73293027E-10
   133.705002         2.89526181E-10
   133.820007         3.05852205E-10
   133.934998         3.22260746E-10
   134.050003         3.38739814E-10
   134.164993         3.55275975E-10
   134.279999         3.71854408E-10
   134.395004         3.88458654E-10
   134.509995         4.05071032E-10
   134.625000         4.21672364E-10
   134.740005         4.38242359E-10
   134.854996         4.54759341E-10
   134.970001         4.71200523E-10
   135.085007         4.87542284E-10
   135.199997         5.03759590E-10
   135.315002         5.19826793E-10
   135.429993         5.35717137E-10
   135.544998         5.51403145E-10
   135.660004         5.66856728E-10
   135.774994         5.82048909E-10
   135.889999         5.96950267E-10
   136.005005         6.11531159E-10
   136.119995         6.25761054E-10
   136.235001         6.39609976E-10
   136.350006         6.53047560E-10
   136.464996         6.66043609E-10
   136.580002         6.78568646E-10
   136.695007         6.90593582E-10
   136.809998         7.02090108E-10
   136.925003         7.13030857E-10
   137.039993         7.23389904E-10
   137.154999         7.33142436E-10
   137.270004         7.42265360E-10
   137.384995         7.50737139E-10
   137.500000         7.58537899E-10
   137.615005         7.65649544E-10
   137.729996         7.72056030E-10
   137.845001         7.77742870E-10
   137.960007         7.82697351E-10
   138.074997         7.86908372E-10
   138.190002         7.90366661E-10
   138.304993         7.93064170E-10
   138.419998         7.94994348E-10
   138.535004         7.96151756E-10
   138.649994         7.96532229E-10
   138.764999         7.96132549E-10
   138.880005         7.94950439E-10
   138.994995         7.92984511E-10
   139.110001         7.90234322E-10
   139.225006         7.86700372E-10
   139.339996         7.82383602E-10
   139.455002         7.77286568E-10
   139.570007         7.71412212E-10
   139.684998         7.64764696E-10
   139.800003         7.57349239E-10
   139.914993         7.49172502E-10
   140.029999         7.40241923E-10
   140.145004         7.30565997E-10
   140.259995         7.20155491E-10
   140.375000         7.09020898E-10
   140.490005         6.97175206E-10
   140.604996         6.84631907E-10
   140.720001         6.71405598E-10
   140.835007         6.57511712E-10
   140.949997         6.42967013E-10
   141.065002         6.27788599E-10
   141.179993         6.11994289E-10
   141.294998         5.95602512E-10
   141.410004         5.78631976E-10
   141.524994         5.61102054E-10
   141.639999         5.43031897E-10
   141.755005         5.24441324E-10
   141.869995         5.05350151E-10
   141.985001         4.85778529E-10
   142.100006         4.65746663E-10
   142.214996         4.45275039E-10
   142.330002         4.24384583E-10
   142.445007         4.03095918E-10
   142.559998         3.81430165E-10
   142.675003         3.59408503E-10
   142.789993         3.37051997E-10
   142.904999         3.14382048E-10
   143.020004         2.91419555E-10
   143.134995         2.68185141E-10
   143.250000         2.44699344E-10
   143.365005         2.20981622E-10
   143.479996         1.97050876E-10
   143.595001         1.72924980E-10
   143.710007         1.48620810E-10
   143.824997         1.24154159E-10
   143.940002         9.95395155E-11
   144.054993         7.47902296E-11
   144.169998         4.99188052E-11
   144.285004         2.49365945E-11
   144.399994        -1.45591872E-13
   144.514999        -2.53172899E-11
   144.630005        -5.05679110E-11
   144.744995        -7.58864638E-11
   144.860001        -1.01261027E-10
   144.975006        -1.26678001E-10
   145.089996        -1.52122120E-10
   145.205002        -1.77575371E-10
   145.320007        -2.03016964E-10
   145.434998        -2.28422808E-10
   145.550003        -2.53765092E-10
   145.664993        -2.79012147E-10
   145.779999        -3.04128112E-10
   145.895004        -3.29073213E-10
   146.009995        -3.53803709E-10
   146.125000        -3.78271969E-10
   146.240005        -4.02427008E-10
   146.354996        -4.26214591E-10
   146.470001        -4.49577986E-10
   146.585007        -4.72458350E-10
   146.699997        -4.94795482E-10
   146.815002        -5.16528265E-10
   146.929993        -5.37595524E-10
   147.044998        -5.57936641E-10
   147.160004        -5.77491721E-10
   147.274994        -5.96203142E-10
   147.389999        -6.14015117E-10
   147.505005        -6.30874686E-10
   147.619995        -6.46732390E-10
   147.735001        -6.61541877E-10
   147.850006        -6.75261014E-10
   147.964996        -6.87851553E-10
   148.080002        -6.99279856E-10
   148.195007        -7.09516557E-10
   148.309998        -7.18537174E-10
   148.425003        -7.26321669E-10
   148.539993        -7.32854999E-10
   148.654999        -7.38126948E-10
   148.770004        -7.42131911E-10
   148.884995        -7.44869000E-10
   149.000000        -7.46342377E-10
   149.115005        -7.46560924E-10
   149.229996        -7.45537687E-10
   149.345001        -7.43290318E-10
   149.460007        -7.39840855E-10
   149.574997        -7.35215111E-10
   149.690002        -7.29442839E-10
   149.804993        -7.22557014E-10
   149.919998        -7.14593884E-10
   150.035004        -7.05592029E-10
   150.149994        -6.95592972E-10
   150.264999        -6.84639068E-10
   150.380005        -6.72774614E-10
   150.494995        -6.60044630E-10
   150.610001        -6.46494358E-10
   150.725006        -6.32169428E-10
   150.839996        -6.17114526E-10
   150.955002        -6.01374006E-10
   151.070007        -5.84991167E-10
   151.184998        -5.68008196E-10
   151.300003        -5.50465507E-10
   151.414993        -5.32403177E-10
   151.529999        -5.13858955E-10
   151.645004        -4.94870644E-10
   151.759995        -4.75473938E-10
   151.875000        -4.55704641E-10
   151.990005        -4.35597780E-10
   152.104996        -4.15188273E-10
   152.220001        -3.94511479E-10
   152.335007        -3.73602982E-10
   152.449997        -3.52499141E-10
   152.565002        -3.31237093E-10
   152.679993        -3.09855364E-10
   152.794998        -2.88393420E-10
   152.910004        -2.66892175E-10
   153.024994        -2.45393650E-10
   153.139999        -2.23940588E-10
   153.255005        -2.02576955E-10
   153.369995        -1.81347048E-10
   153.485001        -1.60295444E-10
   153.600006        -1.39466605E-10
   153.714996        -1.18904608E-10
   153.830002        -9.86524751E-11
   153.945007        -7.87523380E-11
   154.059998        -5.92438876E-11
   154.175003        -4.01653155E-11
   154.289993        -2.15523710E-11
   154.404999        -3.43791662E-12
   154.520004         1.41480716E-11
   154.634995         3.11781156E-11
   154.750000         4.76287343E-11
   154.865005         6.34791109E-11
   154.979996         7.87114263E-11
   155.095001         9.33114142E-11
   155.210007         1.07267417E-10
   155.324997         1.20570137E-10
   155.440002         1.33213163E-10
   155.554993         1.45191553E-10
   155.669998         1.56502478E-10
   155.785004         1.67143632E-10
   155.899994         1.77113879E-10
   156.014999         1.86412219E-10
   156.130005         1.95036765E-10
   156.244995         2.02985115E-10
   156.360001         2.10253523E-10
   156.475006         2.16835966E-10
   156.589996         2.22723701E-10
   156.705002         2.27905056E-10
   156.820007         2.32364336E-10
   156.934998         2.36082320E-10
   157.050003         2.39035070E-10
   157.164993         2.41193759E-10
   157.279999         2.42524278E-10
   157.395004         2.42987575E-10
   157.509995         2.42538878E-10
   157.625000         2.41128673E-10
   157.740005         2.38701642E-10
   157.854996         2.35197917E-10
   157.970001         2.30552813E-10
   158.085007         2.24697802E-10
   158.199997         2.17560830E-10
   158.315002         2.09066889E-10
   158.429993         1.99139066E-10
   158.544998         1.87699301E-10
   158.660004         1.74669043E-10
   158.774994         1.59970662E-10
   158.889999         1.43528078E-10
   159.005005         1.25268185E-10
   159.119995         1.05120995E-10
   159.235001         8.30215618E-11
   159.350006         5.89104043E-11
   159.464996         3.27343430E-11
   159.580002         4.44724813E-12
   159.695007        -2.59887667E-11
   159.809998        -5.86033444E-11
   159.925003        -9.34171629E-11
   160.039993        -1.30441130E-10
   160.154999        -1.69676856E-10
   160.270004        -2.11115514E-10
   160.384995        -2.54738342E-10
   160.500000        -3.00516667E-10
   160.615005        -3.48411494E-10
   160.729996        -3.98373889E-10
   160.845001        -4.50345150E-10
   160.960007        -5.04257469E-10
   161.074997        -5.60033686E-10
   161.190002        -6.17587981E-10
   161.304993        -6.76826706E-10
   161.419998        -7.37647943E-10
   161.535004        -7.99943445E-10
   161.649994        -8.63598082E-10
   161.764999        -9.28490673E-10
   161.880005        -9.94495375E-10
   161.994995        -1.06148179E-09
   162.110001        -1.12931575E-09
   162.225006        -1.19786003E-09
   162.339996        -1.26697552E-09
   162.455002        -1.33652200E-09
   162.570007        -1.40635814E-09
   162.684998        -1.47634305E-09
   162.800003        -1.54633673E-09
   162.914993        -1.61620139E-09
   163.029999        -1.68580117E-09
   163.145004        -1.75500348E-09
   163.259995        -1.82367976E-09
   163.375000        -1.89170524E-09
   163.490005        -1.95896055E-09
   163.604996        -2.02533124E-09
   163.720001        -2.09070894E-09
   163.835007        -2.15499085E-09
   163.949997        -2.21808061E-09
   164.065002        -2.27988828E-09
   164.179993        -2.34032993E-09
   164.294998        -2.39932874E-09
   164.410004        -2.45681386E-09
   164.524994        -2.51272070E-09
   164.639999        -2.56698973E-09
   164.755005        -2.61956812E-09
   164.869995        -2.67040834E-09
   164.985001        -2.71946687E-09
