  -18.8999996         0.00000000    
  -18.7849998         0.00000000    
  -18.6700001         0.00000000    
  -18.5550003         0.00000000    
  -18.4400005         0.00000000    
  -18.3250008         0.00000000    
  -18.2099991         0.00000000    
  -18.0949993         0.00000000    
  -17.9799995         0.00000000    
  -17.8649998         0.00000000    
  -17.7500000         0.00000000    
  -17.6350002         0.00000000    
  -17.5200005         0.00000000    
  -17.4050007         0.00000000    
  -17.2900009         0.00000000    
  -17.1749992         0.00000000    
  -17.0599995         0.00000000    
  -16.9449997         0.00000000    
  -16.8299999         0.00000000    
  -16.7150002         0.00000000    
  -16.6000004         0.00000000    
  -16.4850006         0.00000000    
  -16.3700008         0.00000000    
  -16.2549992         0.00000000    
  -16.1399994         0.00000000    
  -16.0249996         0.00000000    
  -15.9099998         0.00000000    
  -15.7950001         0.00000000    
  -15.6800003         0.00000000    
  -15.5649996         0.00000000    
  -15.4499998         0.00000000    
  -15.3350000         0.00000000    
  -15.2200003         0.00000000    
  -15.1049995         0.00000000    
  -14.9899998         0.00000000    
  -14.8750000         0.00000000    
  -14.7600002         0.00000000    
  -14.6450005         0.00000000    
  -14.5299997         0.00000000    
  -14.4150000         0.00000000    
  -14.3000002         0.00000000    
  -14.1850004         0.00000000    
  -14.0699997         0.00000000    
  -13.9549999         0.00000000    
  -13.8400002         0.00000000    
  -13.7250004         0.00000000    
  -13.6099997         0.00000000    
  -13.4949999         0.00000000    
  -13.3800001         0.00000000    
  -13.2650003         0.00000000    
  -13.1499996         0.00000000    
  -13.0349998         0.00000000    
  -12.9200001         0.00000000    
  -12.8050003         0.00000000    
  -12.6899996         6.39453278E-33
  -12.5749998         1.69522243E-32
  -12.4600000         1.74015408E-32
  -12.3450003         2.14895605E-32
  -12.2299995         5.38364599E-32
  -12.1149998         1.40947274E-31
  -12.0000000         2.98069444E-31
  -11.8850002         4.90168543E-31
  -11.7700005         6.55469662E-31
  -11.6549997         7.37292532E-31
  -11.5400000         6.09809088E-31
  -11.4250002         1.58735595E-31
  -11.3100004        -7.41495066E-31
  -11.1949997        -2.13149156E-30
  -11.0799999        -4.17860293E-30
  -10.9650002        -6.79236296E-30
  -10.8500004        -9.73932466E-30
  -10.7349997        -1.26792334E-29
  -10.6199999        -1.50245933E-29
  -10.5050001        -1.59324044E-29
  -10.3900003        -1.40142655E-29
  -10.2749996        -8.18773080E-30
  -10.1599998         3.03099827E-30
  -10.0450001         2.09721282E-29
  -9.93000031         4.63148084E-29
  -9.81499958         7.87656236E-29
  -9.69999981         1.16265947E-28
  -9.58500004         1.54367558E-28
  -9.47000027         1.86324129E-28
  -9.35499954         2.02329509E-28
  -9.23999977         1.90160990E-28
  -9.12500000         1.35789376E-28
  -9.01000023         2.44233165E-29
  -8.89500046        -1.56740653E-28
  -8.77999973        -4.15540378E-28
  -8.66499996        -7.51609135E-28
  -8.55000019        -1.15100603E-27
  -8.43500042        -1.58250149E-27
  -8.31999969        -1.99424749E-27
  -8.20499992        -2.31104159E-27
  -8.09000015        -2.43490489E-27
  -7.97499990        -2.24865321E-27
  -7.86000013        -1.62401558E-27
  -7.74499989        -4.35077011E-28
  -7.63000011         1.42308514E-27
  -7.51499987         4.01066321E-27
  -7.40000010         7.31497390E-27
  -7.28499985         1.12205341E-26
  -7.17000008         1.54799608E-26
  -7.05499983         1.96903010E-26
  -6.94000006         2.32798246E-26
  -6.82499981         2.55102548E-26
  -6.71000004         2.55010966E-26
  -6.59499979         2.22809942E-26
  -6.48000002         1.48697215E-26
  -6.36499977         2.39248301E-27
  -6.25000000        -1.57749979E-26
  -6.13500023        -3.98357963E-26
  -6.01999998        -6.93860667E-26
  -5.90500021        -1.03229728E-25
  -5.78999996        -1.39213846E-25
  -5.67500019        -1.74109774E-25
  -5.55999994        -2.03568490E-25
  -5.44500017        -2.22180061E-25
  -5.32999992        -2.23666521E-25
  -5.21500015        -2.01233524E-25
  -5.09999990        -1.48099156E-25
  -4.98500013        -5.82064039E-26
  -4.86999989         7.28884612E-26
  -4.75500011         2.46977829E-25
  -4.63999987         4.62063837E-25
  -4.52500010         7.11190745E-25
  -4.40999985         9.81346417E-25
  -4.29500008         1.25255650E-24
  -4.17999983         1.49731815E-24
  -4.06500006         1.68053819E-24
  -3.95000005         1.76015576E-24
  -3.83500004         1.68862717E-24
  -3.72000003         1.41544583E-24
  -3.60500002         8.90833799E-25
  -3.49000001         7.06983121E-26
  -3.37500000        -1.07713997E-24
  -3.25999999        -2.56554034E-24
  -3.14499998        -4.37969855E-24
  -3.02999997        -6.46828038E-24
  -2.91499996        -8.73465291E-24
  -2.79999995        -1.10290619E-23
  -2.68499994        -1.31428487E-23
  -2.56999993        -1.48060152E-23
  -2.45499992        -1.56896214E-23
  -2.33999991        -1.54146340E-23
  -2.22499990        -1.35687610E-23
  -2.10999990        -9.73266529E-24
  -1.99500000        -3.51650052E-24
  -1.88000000         5.39298013E-24
  -1.76499999         1.71754315E-23
  -1.64999998         3.18120245E-23
  -1.53499997         4.90161027E-23
  -1.41999996         6.81645999E-23
  -1.30499995         8.82371341E-23
  -1.19000006         1.07771362E-22
  -1.07500005         1.24844508E-22
 -0.959999979         1.37091694E-22
 -0.845000029         1.41771558E-22
 -0.730000019         1.35888460E-22
 -0.615000010         1.16377873E-22
 -0.500000000         8.03574108E-23
 -0.384999990         2.54405749E-23
 -0.270000011        -4.98972382E-23
 -0.155000001        -1.45918643E-22
  -3.99999991E-02    -2.61217190E-22
   7.50000030E-02    -3.92338772E-22
  0.189999998        -5.33474445E-22
  0.305000007        -6.76272809E-22
  0.419999987        -8.09821735E-22
  0.535000026        -9.20847306E-22
  0.649999976        -9.94168708E-22
  0.764999986        -1.01343660E-21
  0.879999995        -9.62159989E-22
  0.995000005        -8.25004922E-22
   1.11000001        -5.89315800E-22
   1.22500002        -2.46782247E-22
   1.34000003         2.04860147E-22
   1.45500004         7.60232499E-22
   1.57000005         1.40497728E-21
   1.68499994         2.11485606E-21
   1.79999995         2.85544504E-21
   1.91499996         3.58257780E-21
   2.02999997         4.24364536E-21
   2.14499998         4.77980743E-21
   2.25999999         5.12910585E-21
   2.37500000         5.23037934E-21
   2.49000001         5.02780006E-21
   2.60500002         4.47575797E-21
   2.72000003         3.54374797E-21
   2.83500004         2.22085151E-21
   2.95000005         5.19389049E-22
   3.06500006        -1.52269410E-21
   3.18000007        -3.84107578E-21
   3.29500008        -6.34622094E-21
   3.41000009        -8.92660763E-21
   3.52500010        -1.14539885E-20
   3.64000010        -1.37904708E-20
   3.75500011        -1.57969751E-20
   3.86999989        -1.73424732E-20
   3.98499990        -1.83132149E-20
   4.09999990        -1.86210747E-20
   4.21500015        -1.82101017E-20
   4.32999992        -1.70604386E-20
   4.44500017        -1.51889214E-20
   4.55999994        -1.26459477E-20
   4.67500019        -9.50852354E-21
   4.78999996        -5.86986911E-21
   4.90500021        -1.82633563E-21
   5.01999998         2.53709885E-21
   5.13500023         7.16116833E-21
   5.25000000         1.20245767E-20
   5.36499977         1.71521975E-20
   5.48000002         2.26172715E-20
   5.59499979         2.85359992E-20
   5.71000004         3.50534360E-20
   5.82499981         4.23203761E-20
   5.94000006         5.04618366E-20
   6.05499983         5.95387932E-20
   6.17000008         6.95059577E-20
   6.28499985         8.01692916E-20
   6.40000010         9.11478653E-20
   6.51499987         1.01845127E-19
   6.63000011         1.11434761E-19
   6.74499989         1.18865906E-19
   6.86000013         1.22891587E-19
   6.97499990         1.22122852E-19
   7.09000015         1.15108787E-19
   7.20499992         1.00440800E-19
   7.32000017         7.68765635E-20
   7.43499994         4.34765775E-20
   7.55000019        -2.56022219E-22
   7.66499996        -5.42436547E-20
   7.78000021        -1.17722962E-19
   7.89499998        -1.89166577E-19
   8.01000023        -2.66249716E-19
   8.12500000        -3.45871459E-19
   8.23999977        -4.24237051E-19
   8.35499954        -4.97003665E-19
   8.47000027        -5.59486820E-19
   8.58500004        -6.06919269E-19
   8.69999981        -6.34748985E-19
   8.81499958        -6.38957525E-19
   8.93000031        -6.16375650E-19
   9.04500008        -5.64973147E-19
   9.15999985        -4.84095046E-19
   9.27499962        -3.74622267E-19
   9.39000034        -2.39035655E-19
   9.50500011        -8.13703643E-20
   9.61999989         9.29457230E-20
   9.73499966         2.77365343E-19
   9.85000038         4.64593332E-19
   9.96500015         6.47032824E-19
   10.0799999         8.17273160E-19
   10.1949997         9.68580417E-19
   10.3100004         1.09534791E-18
   10.4250002         1.19346270E-18
   10.5400000         1.26054994E-18
   10.6549997         1.29606215E-18
   10.7700005         1.30119636E-18
   10.8850002         1.27863222E-18
   11.0000000         1.23210651E-18
   11.1149998         1.16585276E-18
   11.2299995         1.08395371E-18
   11.3450003         9.89670628E-19
   11.4600000         8.84817007E-19
   11.5749998         7.69255171E-19
   11.6899996         6.40587175E-19
   11.8050003         4.94100881E-19
   11.9200001         3.23015839E-19
   12.0349998         1.19048183E-19
   12.1499996        -1.26717052E-19
   12.2650003        -4.22687173E-19
   12.3800001        -7.75435399E-19
   12.4949999        -1.18828962E-18
   12.6099997        -1.65996723E-18
   12.7250004        -2.18340051E-18
   12.8400002        -2.74489733E-18
   12.9549999        -3.32377734E-18
   13.0699997        -3.89259409E-18
   13.1850004        -4.41801839E-18
   13.3000002        -4.86241373E-18
   13.4150000        -5.18605807E-18
   13.5299997        -5.34993578E-18
   13.6450005        -5.31892768E-18
   13.7600002        -5.06519416E-18
   13.8750000        -4.57149017E-18
   13.9899998        -3.83413517E-18
   14.1049995        -2.86533751E-18
   14.2200003        -1.69461090E-18
   14.3350000        -3.69048905E-19
   14.4499998         1.04770231E-18
   14.5649996         2.47784724E-18
   14.6800003         3.83318805E-18
   14.7950001         5.02007725E-18
   14.9099998         5.94531847E-18
   15.0249996         6.52266406E-18
   15.1400003         6.67947145E-18
   15.2550001         6.36302482E-18
   15.3699999         5.54601564E-18
   15.4849997         4.23068597E-18
   15.6000004         2.45121409E-18
   15.7150002         2.74008024E-19
   15.8299999        -2.20427917E-18
   15.9449997        -4.86103440E-18
   16.0599995        -7.55412851E-18
   16.1749992        -1.01301790E-17
   16.2900009        -1.24341376E-17
   16.4050007        -1.43195717E-17
   16.5200005        -1.56589029E-17
   16.6350002        -1.63528313E-17
   16.7500000        -1.63381869E-17
   16.8649998        -1.55935143E-17
   16.9799995        -1.41418884E-17
   17.0949993        -1.20505558E-17
   17.2099991        -9.42734022E-18
   17.3250008        -6.41392207E-18
   17.4400005        -3.17639878E-18
   17.5550003         1.06224499E-19
   17.6700001         3.25477973E-18
   17.7849998         6.10292202E-18
   17.8999996         8.50930374E-18
   18.0149994         1.03679025E-17
   18.1299992         1.16155729E-17
   18.2450008         1.22360874E-17
   18.3600006         1.22601981E-17
   18.4750004         1.17615744E-17
   18.5900002         1.08488360E-17
   18.7049999         9.65424910E-18
   18.8199997         8.31997947E-18
   18.9349995         6.98309513E-18
   19.0499992         5.76065908E-18
   19.1650009         4.73635306E-18
   19.2800007         3.95002772E-18
   19.3950005         3.39138054E-18
   19.5100002         2.99868751E-18
   19.6250000         2.66310653E-18
   19.7399998         2.23859186E-18
   19.8549995         1.55694840E-18
   19.9699993         4.47028204E-19
   20.0849991        -1.24338853E-18
   20.2000008        -3.62487584E-18
   20.3150005        -6.74489317E-18
   20.4300003        -1.05697519E-17
   20.5450001        -1.49720998E-17
   20.6599998        -1.97257231E-17
   20.7749996        -2.45090009E-17
   20.8899994        -2.89177280E-17
   21.0049992        -3.24872936E-17
   21.1200008        -3.47233646E-17
   21.2350006        -3.51395125E-17
   21.3500004        -3.32993302E-17
   21.4650002        -2.88601397E-17
   21.5799999        -2.16148630E-17
   21.6949997        -1.15284642E-17
   21.8099995         1.23449241E-18
   21.9249992         1.62943314E-17
   22.0400009         3.30552258E-17
   22.1550007         5.07202469E-17
   22.2700005         6.83228951E-17
   22.3850002         8.47744786E-17
   22.5000000         9.89252161E-17
   22.6149998         1.09635968E-16
   22.7299995         1.15856267E-16
   22.8449993         1.16703630E-16
   22.9599991         1.11538556E-16
   23.0750008         1.00029628E-16
   23.1900005         8.22032902E-17
   23.3050003         5.84736423E-17
   23.4200001         2.96488001E-17
   23.5349998        -3.08841385E-18
   23.6499996        -3.82258657E-17
   23.7649994        -7.39922190E-17
   23.8799992        -1.08448692E-16
   23.9950008        -1.39597555E-16
   24.1100006        -1.65501185E-16
   24.2250004        -1.84404367E-16
   24.3400002        -1.94851909E-16
   24.4549999        -1.95793466E-16
   24.5699997        -1.86668419E-16
   24.6849995        -1.67463986E-16
   24.7999992        -1.38741641E-16
   24.9150009        -1.01629078E-16
   25.0300007        -5.77765475E-17
   25.1450005        -9.27921616E-18
   25.2600002         4.14307174E-17
   25.3750000         9.17162180E-17
   25.4899998         1.38884234E-16
   25.6049995         1.80342301E-16
   25.7199993         2.13753013E-16
   25.8349991         2.37176875E-16
   25.9500008         2.49194076E-16
   26.0650005         2.48997670E-16
   26.1800003         2.36451259E-16
   26.2950001         2.12107995E-16
   26.4099998         1.77188837E-16
   26.5249996         1.33521192E-16
   26.6399994         8.34417781E-17
   26.7549992         2.96693903E-17
   26.8700008        -2.48447519E-17
   26.9850006        -7.70797269E-17
   27.1000004        -1.24111225E-16
   27.2150002        -1.63271411E-16
   27.3299999        -1.92293195E-16
   27.4449997        -2.09430736E-16
   27.5599995        -2.13550029E-16
   27.6749992        -2.04185127E-16
   27.7900009        -1.81558098E-16
   27.9050007        -1.46562773E-16
   28.0200005        -1.00714931E-16
   28.1350002        -4.60730271E-17
   28.2500000         1.48649898E-17
   28.3649998         7.92818074E-17
   28.4799995         1.44171162E-16
   28.5949993         2.06471388E-16
   28.7099991         2.63196033E-16
   28.8250008         3.11555659E-16
   28.9400005         3.49067360E-16
   29.0550003         3.73648600E-16
   29.1700001         3.83693855E-16
   29.2849998         3.78133534E-16
   29.3999996         3.56475722E-16
   29.5149994         3.18831328E-16
   29.6299992         2.65923479E-16
   29.7450008         1.99082018E-16
   29.8600006         1.20223740E-16
   29.9750004         3.18172144E-17
   30.0900002        -6.31680975E-17
   30.2049999        -1.61330130E-16
   30.3199997        -2.58921772E-16
   30.4349995        -3.51958971E-16
   30.5499992        -4.36350664E-16
   30.6650009        -5.08049885E-16
   30.7800007        -5.63224712E-16
   30.8950005        -5.98444394E-16
   31.0100002        -6.10875450E-16
   31.1250000        -5.98478329E-16
   31.2399998        -5.60194451E-16
   31.3549995        -4.96111274E-16
   31.4699993        -4.07591857E-16
   31.5849991        -2.97355628E-16
   31.7000008        -1.69497818E-16
   31.8150005        -2.94375018E-17
   31.9300003         1.16213331E-16
   32.0449982         2.59862006E-16
   32.1599998         3.93226522E-16
   32.2750015         5.07698261E-16
   32.3899994         5.94762289E-16
   32.5050011         6.46456234E-16
   32.6199989         6.55843900E-16
   32.7350006         6.17477119E-16
   32.8499985         5.27815452E-16
   32.9650002         3.85576544E-16
   33.0800018         1.91987866E-16
   33.1949997        -4.90813274E-17
   33.3100014        -3.31126858E-16
   33.4249992        -6.45163344E-16
   33.5400009        -9.80027284E-16
   33.6549988        -1.32282004E-15
   33.7700005        -1.65947370E-15
   33.8849983        -1.97541318E-15
   34.0000000        -2.25628020E-15
   34.1150017        -2.48868148E-15
   34.2299995        -2.66091589E-15
   34.3450012        -2.76363896E-15
   34.4599991        -2.79042384E-15
   34.5750008        -2.73818393E-15
   34.6899986        -2.60742660E-15
   34.8050003        -2.40232054E-15
   34.9199982        -2.13057141E-15
   35.0349998        -1.80310678E-15
   35.1500015        -1.43358685E-15
   35.2649994        -1.03777121E-15
   35.3800011        -6.32771252E-16
   35.4949989        -2.36236113E-16
   35.6100006         1.34486108E-16
   35.7249985         4.63161904E-16
   35.8400002         7.35417669E-16
   35.9550018         9.39377961E-16
   36.0699997         1.06616376E-15
   36.1850014         1.11023065E-15
   36.2999992         1.06953537E-15
   36.4150009         9.45531338E-16
   36.5299988         7.43004702E-16
   36.6450005         4.69770243E-16
   36.7599983         1.36256168E-16
   36.8750000        -2.44990066E-16
   36.9900017        -6.59840836E-16
   37.1049995        -1.09313932E-15
   37.2200012        -1.52923138E-15
   37.3349991        -1.95245499E-15
   37.4500008        -2.34757087E-15
   37.5649986        -2.70012695E-15
   37.6800003        -2.99675513E-15
   37.7949982        -3.22540977E-15
   37.9099998        -3.37555928E-15
   38.0250015        -3.43835153E-15
   38.1399994        -3.40676630E-15
   38.2550011        -3.27577456E-15
   38.3699989        -3.04251630E-15
   38.4850006        -2.70649833E-15
   38.5999985        -2.26981452E-15
   38.7150002        -1.73737130E-15
   38.8300018        -1.11709945E-15
   38.9449997        -4.20123816E-16
   39.0600014         3.39143522E-16
   39.1749992         1.14302247E-15
   39.2900009         1.97073269E-15
   39.4049988         2.79873831E-15
   39.5200005         3.60129144E-15
   39.6349983         4.35118242E-15
   39.7500000         5.02069166E-15
   39.8650017         5.58271708E-15
   39.9799995         6.01203657E-15
   40.0950012         6.28665143E-15
   40.2099991         6.38913776E-15
   40.3250008         6.30791958E-15
   40.4399986         6.03839073E-15
   40.5550003         5.58378603E-15
   40.6699982         4.95572931E-15
   40.7849998         4.17439563E-15
   40.9000015         3.26823322E-15
   41.0149994         2.27322743E-15
   41.1300011         1.23170544E-15
   41.2449989         1.90719103E-16
   41.3600006        -7.99939557E-16
   41.4749985        -1.69000257E-15
   41.5900002        -2.43115651E-15
   41.7050018        -2.97952373E-15
   41.8199997        -3.29804920E-15
   41.9350014        -3.35866584E-15
   42.0499992        -3.14410371E-15
   42.1650009        -2.64923213E-15
   42.2799988        -1.88184632E-15
   42.3950005        -8.62829318E-16
   42.5099983         3.74332050E-16
   42.6250000         1.78467386E-15
   42.7400017         3.31348066E-15
   42.8549995         4.89853299E-15
   42.9700012         6.47277464E-15
   43.0849991         7.96726051E-15
   43.2000008         9.31424534E-15
   43.3149986         1.04502631E-14
   43.4300003         1.13190410E-14
   43.5449982         1.18740873E-14
   43.6599998         1.20808692E-14
   43.7750015         1.19184329E-14
   43.8899994         1.13804255E-14
   44.0050011         1.04754581E-14
   44.1199989         9.22681883E-15
   44.2350006         7.67153929E-15
   44.3499985         5.85889259E-15
   44.4650002         3.84837900E-15
   44.5800018         1.70731243E-15
   44.6949997        -4.91891355E-16
   44.8100014        -2.67459060E-15
   44.9249992        -4.76685240E-15
   45.0400009        -6.69832003E-15
   45.1549988        -8.40490549E-15
   45.2700005        -9.83121580E-15
   45.3849983        -1.09326297E-14
   45.5000000        -1.16769599E-14
   45.6150017        -1.20456505E-14
   45.7299995        -1.20344950E-14
   45.8450012        -1.16538384E-14
   45.9599991        -1.09282725E-14
   46.0750008        -9.89585035E-15
   46.1899986        -8.60681613E-15
   46.3050003        -7.12192163E-15
   46.4199982        -5.51034954E-15
   46.5349998        -3.84731555E-15
   46.6500015        -2.21141562E-15
   46.7649994        -6.81790425E-16
   46.8800011         6.64793650E-16
   46.9949989         1.75686873E-15
   47.1100006         2.53107738E-15
   47.2249985         2.93478049E-15
   47.3400002         2.92835193E-15
   47.4550018         2.48705835E-15
   47.5699997         1.60244298E-15
   47.6850014         2.83123648E-16
   47.7999992        -1.44503154E-15
   47.9150009        -3.53939684E-15
   48.0299988        -5.94174724E-15
   48.1450005        -8.58005836E-15
   48.2599983        -1.13708642E-14
   48.3750000        -1.42221372E-14
   48.4900017        -1.70365126E-14
   48.6049995        -1.97147647E-14
   48.7200012        -2.21593695E-14
   48.8349991        -2.42780039E-14
   48.9500008        -2.59868184E-14
   49.0649986        -2.72133559E-14
   49.1800003        -2.78990156E-14
   49.2949982        -2.80009373E-14
   49.4099998        -2.74932698E-14
   49.5250015        -2.63678324E-14
   49.6399994        -2.46341254E-14
   49.7550011        -2.23188082E-14
   49.8699989        -1.94646697E-14
   49.9850006        -1.61292082E-14
   50.0999985        -1.23829178E-14
   50.2150002        -8.30738659E-15
   50.3300018        -3.99329702E-15
   50.4449997         4.61610245E-16
   50.5600014         4.95455702E-15
   50.6749992         9.37971929E-15
   50.7900009         1.36302153E-14
   50.9049988         1.76001283E-14
   51.0200005         2.11866047E-14
   51.1349983         2.42921341E-14
   51.2500000         2.68270429E-14
   51.3650017         2.87122621E-14
   51.4799995         2.98823839E-14
   51.5950012         3.02889461E-14
   51.7099991         2.99039154E-14
   51.8250008         2.87231786E-14
   51.9399986         2.67698715E-14
   52.0550003         2.40972878E-14
   52.1699982         2.07910996E-14
   52.2849998         1.69705643E-14
   52.4000015         1.27884602E-14
   52.5149994         8.42942286E-15
   52.6300011         4.10655761E-15
   52.7449989         5.61278905E-17
   52.8600006        -3.46966125E-15
   52.9749985        -6.21169706E-15
   53.0900002        -7.91454457E-15
   53.2050018        -8.33824654E-15
   53.3199997        -7.27081732E-15
   53.4350014        -4.54082970E-15
   53.5499992        -2.94080707E-17
   53.6650009         6.31911397E-15
   53.7799988         1.44885392E-14
   53.8950005         2.43849046E-14
   54.0099983         3.58338915E-14
   54.1250000         4.85819203E-14
   54.2400017         6.23012926E-14
   54.3549995         7.65993307E-14
   54.4700012         9.10314372E-14
   54.5849991         1.05117521E-13
   54.7000008         1.18361253E-13
   54.8149986         1.30271363E-13
   54.9300003         1.40383798E-13
   55.0449982         1.48283810E-13
   55.1599998         1.53626759E-13
   55.2750015         1.56156528E-13
   55.3899994         1.55720434E-13
   55.5050011         1.52279841E-13
   55.6199989         1.45915669E-13
   55.7350006         1.36828483E-13
   55.8499985         1.25332877E-13
   55.9650002         1.11846418E-13
   56.0800018         9.68735454E-14
   56.1949997         8.09850573E-14
   56.3100014         6.47942190E-14
   56.4249992         4.89306844E-14
   56.5400009         3.40133636E-14
   56.6549988         2.06235582E-14
   56.7700005         9.27979312E-15
   56.8849983         4.15300439E-16
   57.0000000        -5.64050420E-15
   57.1150017        -8.67608648E-15
   57.2299995        -8.60642141E-15
   57.3450012        -5.47628230E-15
   57.4599991         5.42164984E-16
   57.5750008         9.15695132E-15
   57.6899986         1.99687543E-14
   57.8050003         3.24873727E-14
   57.9199982         4.61514982E-14
   58.0349998         6.03506096E-14
   58.1500015         7.44482736E-14
   58.2649994         8.78054479E-14
   58.3800011         9.98033104E-14
   58.4949989         1.09864368E-13
   58.6100006         1.17471394E-13
   58.7249985         1.22183635E-13
   58.8400002         1.23649815E-13
   58.9550018         1.21617709E-13
   59.0699997         1.15940433E-13
   59.1850014         1.06579201E-13
   59.2999992         9.36029073E-14
   59.4150009         7.71846169E-14
   59.5299988         5.75952927E-14
   59.6450005         3.51950931E-14
   59.7599983         1.04222415E-14
   59.8750000        -1.62199000E-14
   59.9900017        -4.41775217E-14
   60.1049995        -7.28625060E-14
   60.2200012        -1.01669690E-13
   60.3349991        -1.29994960E-13
   60.4500008        -1.57253740E-13
   60.5649986        -1.82899662E-13
   60.6800003        -2.06442610E-13
   60.7949982        -2.27465751E-13
   60.9099998        -2.45641018E-13
   61.0250015        -2.60742057E-13
   61.1399994        -2.72654349E-13
   61.2550011        -2.81381635E-13
   61.3699989        -2.87048000E-13
   61.4850006        -2.89895549E-13
   61.5999985        -2.90276944E-13
   61.7150002        -2.88643187E-13
   61.8300018        -2.85526729E-13
   61.9449997        -2.81520169E-13
   62.0600014        -2.77251746E-13
   62.1749992        -2.73358295E-13
   62.2900009        -2.70456888E-13
   62.4049988        -2.69117004E-13
   62.5200005        -2.69833906E-13
   62.6349983        -2.73005360E-13
   62.7500000        -2.78912852E-13
   62.8650017        -2.87708171E-13
   62.9799995        -2.99406523E-13
   63.0950012        -3.13886693E-13
   63.2099991        -3.30898069E-13
   63.3250008        -3.50074706E-13
   63.4399986        -3.70955220E-13
   63.5550003        -3.93007567E-13
   63.6699982        -4.15657200E-13
   63.7849998        -4.38317026E-13
   63.9000015        -4.60417240E-13
   64.0149994        -4.81433036E-13
   64.1299973        -5.00908668E-13
   64.2450027        -5.18476212E-13
   64.3600006        -5.33868143E-13
   64.4749985        -5.46922750E-13
   64.5899963        -5.57581921E-13
   64.7050018        -5.65882465E-13
   64.8199997        -5.71940824E-13
   64.9349976        -5.75933236E-13
   65.0500031        -5.78071879E-13
   65.1650009        -5.78580315E-13
   65.2799988        -5.77669043E-13
   65.3949966        -5.75513270E-13
   65.5100021        -5.72235672E-13
   65.6250000        -5.67893822E-13
   65.7399979        -5.62475197E-13
   65.8550034        -5.55898914E-13
   65.9700012        -5.48024354E-13
   66.0849991        -5.38666822E-13
   66.1999969        -5.27617934E-13
   66.3150024        -5.14670229E-13
   66.4300003        -4.99642862E-13
   66.5449982        -4.82407408E-13
   66.6600037        -4.62910526E-13
   66.7750015        -4.41192710E-13
   66.8899994        -4.17399730E-13
   67.0049973        -3.91786890E-13
   67.1200027        -3.64714931E-13
   67.2350006        -3.36636724E-13
   67.3499985        -3.08076617E-13
   67.4649963        -2.79602134E-13
   67.5800018        -2.51790749E-13
   67.6949997        -2.25193467E-13
   67.8099976        -2.00297718E-13
   67.9250031        -1.77491715E-13
   68.0400009        -1.57033579E-13
   68.1549988        -1.39026716E-13
   68.2699966        -1.23403796E-13
   68.3850021        -1.09920563E-13
   68.5000000        -9.81597141E-14
   68.6149979        -8.75461067E-14
   68.7300034        -7.73705034E-14
   68.8450012        -6.68228900E-14
   68.9599991        -5.50315375E-14
   69.0749969        -4.11068139E-14
   69.1900024        -2.41862584E-14
   69.3050003        -3.47852291E-15
   69.4199982         2.16963305E-14
   69.5350037         5.18724637E-14
   69.6500015         8.74119435E-14
   69.7649994         1.28487824E-13
   69.8799973         1.75077414E-13
   69.9950027         2.26965256E-13
   70.1100006         2.83756254E-13
   70.2249985         3.44897206E-13
   70.3399963         4.09704849E-13
   70.4550018         4.77399099E-13
   70.5699997         5.47138940E-13
   70.6849976         6.18058610E-13
   70.8000031         6.89302131E-13
   70.9150009         7.60054454E-13
   71.0299988         8.29567534E-13
   71.1449966         8.97179900E-13
   71.2600021         9.62330693E-13
   71.3750000         1.02456585E-12
   71.4899979         1.08353962E-12
   71.6050034         1.13900957E-12
   71.7200012         1.19082890E-12
   71.8349991         1.23893484E-12
   71.9499969         1.28333769E-12
   72.0650024         1.32410836E-12
   72.1800003         1.36136870E-12
   72.2949982         1.39528319E-12
   72.4100037         1.42605404E-12
   72.5250015         1.45391934E-12
   72.6399994         1.47915361E-12
   72.7549973         1.50207093E-12
   72.8700027         1.52302791E-12
   72.9850006         1.54242884E-12
   73.0999985         1.56072746E-12
   73.2149963         1.57842771E-12
   73.3300018         1.59607993E-12
   73.4449997         1.61427404E-12
   73.5599976         1.63362629E-12
   73.6750031         1.65476172E-12
   73.7900009         1.67829260E-12
   73.9049988         1.70479191E-12
   74.0199966         1.73476457E-12
   74.1350021         1.76861737E-12
   74.2500000         1.80662917E-12
   74.3649979         1.84892379E-12
   74.4800034         1.89544626E-12
   74.5950012         1.94594557E-12
   74.7099991         1.99996486E-12
   74.8249969         2.05683907E-12
   74.9400024         2.11570366E-12
   75.0550003         2.17551194E-12
   75.1699982         2.23506109E-12
   75.2850037         2.29302861E-12
   75.4000015         2.34801479E-12
   75.5149994         2.39859066E-12
   75.6299973         2.44335303E-12
   75.7450027         2.48097593E-12
   75.8600006         2.51026587E-12
   75.9749985         2.53021042E-12
   76.0899963         2.54002461E-12
   76.2050018         2.53918631E-12
   76.3199997         2.52746500E-12
   76.4349976         2.50493528E-12
   76.5500031         2.47198486E-12
   76.6650009         2.42930350E-12
   76.7799988         2.37786180E-12
   76.8949966         2.31887946E-12
   77.0100021         2.25378028E-12
   77.1250000         2.18413894E-12
   77.2399979         2.11161882E-12
   77.3550034         2.03790739E-12
   77.4700012         1.96464589E-12
   77.5849991         1.89336155E-12
   77.6999969         1.82540203E-12
   77.8150024         1.76187634E-12
   77.9300003         1.70360384E-12
   78.0449982         1.65107533E-12
   78.1600037         1.60442742E-12
   78.2750015         1.56343027E-12
   78.3899994         1.52749243E-12
   78.5049973         1.49568097E-12
   78.6200027         1.46675716E-12
   78.7350006         1.43922656E-12
   78.8499985         1.41140127E-12
   78.9649963         1.38147165E-12
   79.0800018         1.34758643E-12
   79.1949997         1.30793293E-12
   79.3099976         1.26081957E-12
   79.4250031         1.20475179E-12
   79.5400009         1.13850086E-12
   79.6549988         1.06115962E-12
   79.7699966         9.72182729E-13
   79.8850021         8.71410854E-13
   80.0000000         7.59076612E-13
   80.1149979         6.35788460E-13
   80.2300034         5.02499138E-13
   80.3450012         3.60453556E-13
   80.4599991         2.11126377E-13
   80.5749969         5.61434274E-14
   80.6900024        -1.02799124E-13
   80.8050003        -2.64020143E-13
   80.9199982        -4.25937985E-13
   81.0350037        -5.87145133E-13
   81.1500015        -7.46474172E-13
   81.2649994        -9.03044783E-13
   81.3799973        -1.05629817E-12
   81.4950027        -1.20600882E-12
   81.6100006        -1.35227658E-12
   81.7249985        -1.49550066E-12
   81.8399963        -1.63633712E-12
   81.9550018        -1.77564051E-12
   82.0699997        -1.91439746E-12
   82.1849976        -2.05365477E-12
   82.3000031        -2.19444666E-12
   82.4150009        -2.33772637E-12
   82.5299988        -2.48430942E-12
   82.6449966        -2.63482790E-12
   82.7600021        -2.78970141E-12
   82.8750000        -2.94912575E-12
   82.9899979        -3.11308054E-12
   83.1050034        -3.28135219E-12
   83.2200012        -3.45357423E-12
   83.3349991        -3.62927787E-12
   83.4499969        -3.80794875E-12
   83.5650024        -3.98908597E-12
   83.6800003        -4.17225846E-12
   83.7949982        -4.35715309E-12
   83.9100037        -4.54361028E-12
   84.0250015        -4.73164346E-12
   84.1399994        -4.92143869E-12
   84.2549973        -5.11333467E-12
   84.3700027        -5.30778763E-12
   84.4850006        -5.50531452E-12
   84.5999985        -5.70642578E-12
   84.7149963        -5.91154946E-12
   84.8300018        -6.12095270E-12
   84.9449997        -6.33466370E-12
   85.0599976        -6.55240575E-12
   85.1750031        -6.77354700E-12
   85.2900009        -6.99706395E-12
   85.4049988        -7.22153544E-12
   85.5199966        -7.44515734E-12
   85.6350021        -7.66578207E-12
   85.7500000        -7.88098753E-12
   85.8649979        -8.08816469E-12
   85.9800034        -8.28461865E-12
   86.0950012        -8.46768749E-12
   86.2099991        -8.63486106E-12
   86.3249969        -8.78390416E-12
   86.4400024        -8.91295978E-12
   86.5550003        -9.02065141E-12
   86.6699982        -9.10615246E-12
   86.7850037        -9.16924089E-12
   86.9000015        -9.21031914E-12
   87.0149994        -9.23041244E-12
   87.1299973        -9.23113495E-12
   87.2450027        -9.21463253E-12
   87.3600006        -9.18350899E-12
   87.4749985        -9.14072290E-12
   87.5899963        -9.08948437E-12
   87.7050018        -9.03313969E-12
   87.8199997        -8.97505594E-12
   87.9349976        -8.91850743E-12
   88.0500031        -8.86657241E-12
   88.1650009        -8.82203512E-12
   88.2799988        -8.78730855E-12
   88.3949966        -8.76436250E-12
   88.5100021        -8.75466800E-12
   88.6250000        -8.75915746E-12
   88.7399979        -8.77819085E-12
   88.8550034        -8.81153657E-12
   88.9700012        -8.85836023E-12
   89.0849991        -8.91722373E-12
   89.1999969        -8.98608358E-12
   89.3150024        -9.06231080E-12
   89.4300003        -9.14271436E-12
   89.5449982        -9.22357243E-12
   89.6600037        -9.30068782E-12
   89.7750015        -9.36945140E-12
   89.8899994        -9.42492525E-12
   90.0049973        -9.46195466E-12
   90.1200027        -9.47528687E-12
   90.2350006        -9.45972207E-12
   90.3499985        -9.41027551E-12
   90.4649963        -9.32235279E-12
   90.5800018        -9.19193888E-12
   90.6949997        -9.01576903E-12
   90.8099976        -8.79151005E-12
   90.9250031        -8.51790426E-12
   91.0400009        -8.19489181E-12
   91.1549988        -7.82368788E-12
   91.2699966        -7.40681388E-12
   91.3850021        -6.94806842E-12
   91.5000000        -6.45244188E-12
   91.6149979        -5.92596762E-12
   91.7300034        -5.37551861E-12
   91.8450012        -4.80854636E-12
   91.9599991        -4.23279033E-12
   92.0749969        -3.65594057E-12
   92.1900024        -3.08530415E-12
   92.3050003        -2.52746977E-12
   92.4199982        -1.98799506E-12
   92.5350037        -1.47113669E-12
   92.6500015        -9.79634776E-13
   92.7649994        -5.14575307E-13
   92.8799973        -7.53283951E-14
   92.9950027         3.40424737E-13
   93.1100006         7.36574159E-13
   93.2249985         1.11838056E-12
   93.3399963         1.49219883E-12
   93.4550018         1.86514389E-12
   93.5699997         2.24470421E-12
   93.6849976         2.63834809E-12
   93.8000031         3.05311158E-12
   93.9150009         3.49522624E-12
   94.0299988         3.96978023E-12
   94.1449966         4.48044553E-12
   94.2600021         5.02928645E-12
   94.3750000         5.61665905E-12
   94.4899979         6.24120200E-12
   94.6050034         6.89991814E-12
   94.7200012         7.58836050E-12
   94.8349991         8.30087908E-12
   94.9499969         9.03093919E-12
   95.0650024         9.77147009E-12
   95.1800003         1.05152441E-11
   95.2949982         1.12552476E-11
   95.4100037         1.19850206E-11
   95.5250015         1.26989625E-11
   95.6399994         1.33925640E-11
   95.7549973         1.40625653E-11
   95.8700027         1.47070377E-11
   95.9850006         1.53253729E-11
   96.0999985         1.59181991E-11
   96.2149963         1.64872161E-11
   96.3300018         1.70349897E-11
   96.4449997         1.75646841E-11
   96.5599976         1.80797807E-11
   96.6750031         1.85838116E-11
   96.7900009         1.90800778E-11
   96.9049988         1.95714365E-11
   97.0199966         2.00601116E-11
   97.1350021         2.05475775E-11
   97.2500000         2.10345109E-11
   97.3649979         2.15207973E-11
   97.4800034         2.20056005E-11
   97.5950012         2.24875101E-11
   97.7099991         2.29646840E-11
   97.8249969         2.34350612E-11
   97.9400024         2.38965514E-11
   98.0550003         2.43472308E-11
   98.1699982         2.47855104E-11
   98.2850037         2.52102662E-11
   98.4000015         2.56209186E-11
   98.5149994         2.60174556E-11
   98.6299973         2.64004010E-11
   98.7450027         2.67707245E-11
   98.8600006         2.71297082E-11
   98.9749985         2.74787589E-11
   99.0899963         2.78192226E-11
   99.2050018         2.81521629E-11
   99.3199997         2.84781625E-11
   99.4349976         2.87971452E-11
   99.5500031         2.91082262E-11
   99.6650009         2.94096275E-11
   99.7799988         2.96986463E-11
   99.8949966         2.99716675E-11
   100.010002         3.02242814E-11
   100.125000         3.04514088E-11
   100.239998         3.06475192E-11
   100.355003         3.08068779E-11
   100.470001         3.09238087E-11
   100.584999         3.09929686E-11
   100.699997         3.10096289E-11
   100.815002         3.09699280E-11
   100.930000         3.08710869E-11
   101.044998         3.07115756E-11
   101.160004         3.04912241E-11
   101.275002         3.02112710E-11
   101.389999         2.98743356E-11
   101.504997         2.94843455E-11
   101.620003         2.90464007E-11
   101.735001         2.85665710E-11
   101.849998         2.80516738E-11
   101.964996         2.75090159E-11
   102.080002         2.69461224E-11
   102.195000         2.63704648E-11
   102.309998         2.57891989E-11
   102.425003         2.52089235E-11
   102.540001         2.46354690E-11
   102.654999         2.40737378E-11
   102.769997         2.35275514E-11
   102.885002         2.29995883E-11
   103.000000         2.24913248E-11
   103.114998         2.20030400E-11
   103.230003         2.15338563E-11
   103.345001         2.10818012E-11
   103.459999         2.06439137E-11
   103.574997         2.02163581E-11
   103.690002         1.97945566E-11
   103.805000         1.93733501E-11
   103.919998         1.89471425E-11
   104.035004         1.85100581E-11
   104.150002         1.80560983E-11
   104.264999         1.75792991E-11
   104.379997         1.70738857E-11
   104.495003         1.65344041E-11
   104.610001         1.59558599E-11
   104.724998         1.53338557E-11
   104.839996         1.46646913E-11
   104.955002         1.39454732E-11
   105.070000         1.31741996E-11
   105.184998         1.23498286E-11
   105.300003         1.14723257E-11
   105.415001         1.05426883E-11
   105.529999         9.56294939E-12
   105.644997         8.53614054E-12
   105.760002         7.46624203E-12
   105.875000         6.35809764E-12
   105.989998         5.21729751E-12
   106.105003         4.05003765E-12
   106.220001         2.86296572E-12
   106.334999         1.66298648E-12
   106.449997         4.57087330E-13
   106.565002        -7.47880056E-13
   106.680000        -1.94538309E-12
   106.794998        -3.12941188E-12
   106.910004        -4.29466662E-12
   107.025002        -5.43669190E-12
   107.139999        -6.55203235E-12
   107.254997        -7.63832834E-12
   107.370003        -8.69438115E-12
   107.485001        -9.72018906E-12
   107.599998        -1.07169221E-11
   107.714996        -1.16868962E-11
   107.830002        -1.26334733E-11
   107.945000        -1.35609518E-11
   108.059998        -1.44744104E-11
   108.175003        -1.53795327E-11
   108.290001        -1.62824129E-11
   108.404999        -1.71893489E-11
   108.519997        -1.81066221E-11
   108.635002        -1.90402971E-11
   108.750000        -1.99959910E-11
   108.864998        -2.09786979E-11
   108.980003        -2.19926143E-11
   109.095001        -2.30409962E-11
   109.209999        -2.41260466E-11
   109.324997        -2.52488482E-11
   109.440002        -2.64093296E-11
   109.555000        -2.76062888E-11
   109.669998        -2.88374533E-11
   109.785004        -3.00995687E-11
   109.900002        -3.13885654E-11
   110.014999        -3.26997318E-11
   110.129997        -3.40279263E-11
   110.245003        -3.53678337E-11
   110.360001        -3.67141838E-11
   110.474998        -3.80620500E-11
   110.589996        -3.94070609E-11
   110.705002        -4.07456568E-11
   110.820000        -4.20752669E-11
   110.934998        -4.33944547E-11
   111.050003        -4.47030156E-11
   111.165001        -4.60020702E-11
   111.279999        -4.72939500E-11
   111.394997        -4.85821487E-11
   111.510002        -4.98711662E-11
   111.625000        -5.11662830E-11
   111.739998        -5.24732376E-11
   111.855003        -5.37979696E-11
   111.970001        -5.51462244E-11
   112.084999        -5.65232271E-11
   112.199997        -5.79333040E-11
   112.315002        -5.93795985E-11
   112.430000        -6.08637654E-11
   112.544998        -6.23857424E-11
   112.660004        -6.39436629E-11
   112.775002        -6.55337243E-11
   112.889999        -6.71502853E-11
   113.004997        -6.87859422E-11
   113.120003        -7.04317576E-11
   113.235001        -7.20776008E-11
   113.349998        -7.37124251E-11
   113.464996        -7.53247326E-11
   113.580002        -7.69029979E-11
   113.695000        -7.84361187E-11
   113.809998        -7.99138464E-11
   113.925003        -8.13271811E-11
   114.040001        -8.26686983E-11
   114.154999        -8.39328745E-11
   114.269997        -8.51161711E-11
   114.385002        -8.62172347E-11
   114.500000        -8.72368150E-11
   114.614998        -8.81776735E-11
   114.730003        -8.90444316E-11
   114.845001        -8.98432648E-11
   114.959999        -9.05815700E-11
   115.074997        -9.12676670E-11
   115.190002        -9.19103196E-11
   115.305000        -9.25184096E-11
   115.419998        -9.31005273E-11
   115.535004        -9.36646247E-11
   115.650002        -9.42177239E-11
   115.764999        -9.47656814E-11
   115.879997        -9.53129797E-11
   115.995003        -9.58626512E-11
   116.110001        -9.64161875E-11
   116.224998        -9.69735611E-11
   116.339996        -9.75332662E-11
   116.455002        -9.80924439E-11
   116.570000        -9.86469587E-11
   116.684998        -9.91915924E-11
   116.800003        -9.97201210E-11
   116.915001        -1.00225557E-10
   117.029999        -1.00700233E-10
   117.144997        -1.01135975E-10
   117.260002        -1.01524171E-10
   117.375000        -1.01855933E-10
   117.489998        -1.02122193E-10
   117.605003        -1.02313755E-10
   117.720001        -1.02421446E-10
   117.834999        -1.02436150E-10
   117.949997        -1.02348942E-10
   118.065002        -1.02151163E-10
   118.180000        -1.01834527E-10
   118.294998        -1.01391222E-10
   118.410004        -1.00814031E-10
   118.525002        -1.00096410E-10
   118.639999        -9.92326291E-11
   118.754997        -9.82177811E-11
   118.870003        -9.70478767E-11
   118.985001        -9.57198903E-11
   119.099998        -9.42316988E-11
   119.214996        -9.25821086E-11
   119.330002        -9.07707728E-11
   119.445000        -8.87980800E-11
   119.559998        -8.66650779E-11
   119.675003        -8.43733208E-11
   119.790001        -8.19247309E-11
   119.904999        -7.93214591E-11
   120.019997        -7.65657676E-11
   120.135002        -7.36599323E-11
   120.250000        -7.06061598E-11
   120.364998        -6.74064554E-11
   120.480003        -6.40627204E-11
   120.595001        -6.05766617E-11
   120.709999        -5.69498025E-11
   120.824997        -5.31835548E-11
   120.940002        -4.92792404E-11
   121.055000        -4.52381327E-11
   121.169998        -4.10614459E-11
   121.285004        -3.67503944E-11
   121.400002        -3.23060988E-11
   121.514999        -2.77295895E-11
   121.629997        -2.30216800E-11
   121.745003        -1.81829222E-11
   121.860001        -1.32133896E-11
   121.974998        -8.11267373E-12
   122.089996        -2.87971426E-12
   122.205002         2.48726473E-12
   122.320000         7.99075649E-12
   122.434998         1.36339369E-11
   122.550003         1.94206075E-11
   122.665001         2.53549230E-11
   122.779999         3.14412316E-11
   122.894997         3.76836687E-11
   123.010002         4.40858218E-11
   123.125000         5.06502791E-11
   123.239998         5.73781786E-11
   123.355003         6.42688264E-11
   123.470001         7.13192769E-11
   123.584999         7.85239859E-11
   123.699997         8.58747448E-11
   123.815002         9.33604583E-11
   123.930000         1.00967304E-10
   124.044998         1.08678892E-10
   124.160004         1.16476634E-10
   124.275002         1.24340260E-10
   124.389999         1.32248448E-10
   124.504997         1.40179493E-10
   124.620003         1.48112078E-10
   124.735001         1.56025956E-10
   124.849998         1.63902697E-10
   124.964996         1.71726286E-10
   125.080002         1.79483539E-10
   125.195000         1.87164464E-10
   125.309998         1.94762317E-10
   125.425003         2.02273504E-10
   125.540001         2.09697384E-10
   125.654999         2.17035556E-10
   125.769997         2.24291363E-10
   125.885002         2.31469080E-10
   126.000000         2.38573022E-10
   126.114998         2.45606674E-10
   126.230003         2.52571880E-10
   126.345001         2.59468003E-10
   126.459999         2.66291350E-10
   126.574997         2.73034900E-10
   126.690002         2.79687884E-10
   126.805000         2.86235924E-10
   126.919998         2.92661340E-10
   127.035004         2.98943481E-10
   127.150002         3.05059561E-10
   127.264999         3.10985376E-10
   127.379997         3.16696225E-10
   127.495003         3.22167820E-10
   127.610001         3.27377236E-10
   127.724998         3.32303601E-10
   127.839996         3.36928957E-10
   127.955002         3.41238399E-10
   128.070007         3.45220491E-10
   128.184998         3.48867241E-10
   128.300003         3.52173735E-10
   128.414993         3.55137836E-10
   128.529999         3.57759322E-10
   128.645004         3.60039248E-10
   128.759995         3.61979002E-10
   128.875000         3.63579500E-10
   128.990005         3.64840408E-10
   129.104996         3.65759423E-10
   129.220001         3.66331743E-10
   129.335007         3.66550013E-10
   129.449997         3.66404074E-10
   129.565002         3.65881270E-10
   129.679993         3.64967084E-10
   129.794998         3.63645697E-10
   129.910004         3.61900898E-10
   130.024994         3.59717145E-10
   130.139999         3.57080476E-10
   130.255005         3.53979679E-10
   130.369995         3.50406981E-10
   130.485001         3.46358858E-10
   130.600006         3.41836476E-10
   130.714996         3.36845857E-10
   130.830002         3.31397715E-10
   130.945007         3.25507177E-10
   131.059998         3.19192783E-10
   131.175003         3.12475740E-10
   131.289993         3.05378695E-10
   131.404999         2.97924324E-10
   131.520004         2.90134278E-10
   131.634995         2.82027596E-10
   131.750000         2.73619738E-10
   131.865005         2.64921612E-10
   131.979996         2.55939075E-10
   132.095001         2.46672405E-10
   132.210007         2.37116549E-10
   132.324997         2.27261515E-10
   132.440002         2.17093163E-10
   132.554993         2.06594283E-10
   132.669998         1.95745919E-10
   132.785004         1.84528920E-10
   132.899994         1.72925591E-10
   133.014999         1.60921151E-10
   133.130005         1.48505305E-10
   133.244995         1.35673403E-10
   133.360001         1.22427554E-10
   133.475006         1.08777154E-10
   133.589996         9.47393206E-11
   133.705002         8.03385553E-11
   133.820007         6.56062635E-11
   133.934998         5.05799812E-11
   134.050003         3.53021015E-11
   134.164993         1.98183709E-11
   134.279999         4.17634156E-12
   134.395004        -1.15762191E-11
   134.509995        -2.73931225E-11
   134.625000        -4.32311478E-11
   134.740005        -5.90513888E-11
   134.854996        -7.48203513E-11
   134.970001        -9.05105435E-11
   135.085007        -1.06101017E-10
   135.199997        -1.21577137E-10
   135.315002        -1.36930398E-10
   135.429993        -1.52157745E-10
   135.544998        -1.67260567E-10
   135.660004        -1.82243373E-10
   135.774994        -1.97112798E-10
   135.889999        -2.11876044E-10
   136.005005        -2.26539482E-10
   136.119995        -2.41107495E-10
   136.235001        -2.55581278E-10
   136.350006        -2.69958056E-10
   136.464996        -2.84230139E-10
   136.580002        -2.98384789E-10
   136.695007        -3.12404047E-10
   136.809998        -3.26264959E-10
   136.925003        -3.39939799E-10
   137.039993        -3.53396923E-10
   137.154999        -3.66601527E-10
   137.270004        -3.79516668E-10
   137.384995        -3.92104210E-10
   137.500000        -4.04326128E-10
   137.615005        -4.16145451E-10
   137.729996        -4.27527264E-10
   137.845001        -4.38439673E-10
   137.960007        -4.48854759E-10
   138.074997        -4.58748872E-10
   138.190002        -4.68103389E-10
   138.304993        -4.76904793E-10
   138.419998        -4.85144869E-10
   138.535004        -4.92820840E-10
   138.649994        -4.99934705E-10
   138.764999        -5.06493403E-10
   138.880005        -5.12507925E-10
   138.994995        -5.17992593E-10
   139.110001        -5.22964949E-10
   139.225006        -5.27444588E-10
   139.339996        -5.31452271E-10
   139.455002        -5.35009481E-10
   139.570007        -5.38137312E-10
   139.684998        -5.40855583E-10
   139.800003        -5.43182277E-10
   139.914993        -5.45132994E-10
   140.029999        -5.46719781E-10
   140.145004        -5.47951073E-10
   140.259995        -5.48831036E-10
   140.375000        -5.49359391E-10
   140.490005        -5.49531198E-10
   140.604996        -5.49337076E-10
   140.720001        -5.48763091E-10
   140.835007        -5.47791368E-10
   140.949997        -5.46400480E-10
   141.065002        -5.44566170E-10
   141.179993        -5.42262180E-10
   141.294998        -5.39461087E-10
   141.410004        -5.36135469E-10
   141.524994        -5.32258959E-10
   141.639999        -5.27807187E-10
   141.755005        -5.22758947E-10
   141.869995        -5.17097254E-10
   141.985001        -5.10810283E-10
   142.100006        -5.03891873E-10
   142.214996        -4.96342689E-10
   142.330002        -4.88169671E-10
   142.445007        -4.79387197E-10
   142.559998        -4.70016415E-10
   142.675003        -4.60084998E-10
   142.789993        -4.49626641E-10
   142.904999        -4.38680592E-10
   143.020004        -4.27290342E-10
   143.134995        -4.15502716E-10
   143.250000        -4.03366757E-10
   143.365005        -3.90932203E-10
   143.479996        -3.78248655E-10
   143.595001        -3.65363739E-10
   143.710007        -3.52322699E-10
   143.824997        -3.39167000E-10
   143.940002        -3.25933447E-10
   144.054993        -3.12653958E-10
   144.169998        -2.99354763E-10
   144.285004        -2.86056734E-10
   144.399994        -2.72775330E-10
   144.514999        -2.59520794E-10
   144.630005        -2.46298787E-10
   144.744995        -2.33111530E-10
   144.860001        -2.19958191E-10
   144.975006        -2.06836201E-10
   145.089996        -1.93742078E-10
   145.205002        -1.80672532E-10
   145.320007        -1.67625483E-10
   145.434998        -1.54600541E-10
   145.550003        -1.41600121E-10
   145.664993        -1.28629565E-10
   145.779999        -1.15697507E-10
   145.895004        -1.02815881E-10
   146.009995        -8.99999034E-11
   146.125000        -7.72673731E-11
   146.240005        -6.46384543E-11
   146.354996        -5.21348346E-11
   146.470001        -3.97788989E-11
   146.585007        -2.75930216E-11
   146.699997        -1.55987324E-11
   146.815002        -3.81628626E-12
   146.929993         7.73640006E-12
   147.044998         1.90436417E-11
   147.160004         3.00924008E-11
   147.274994         4.08721668E-11
   147.389999         5.13747100E-11
   147.505005         6.15936607E-11
   147.619995         7.15237175E-11
   147.735001         8.11599607E-11
   147.850006         9.04968184E-11
   147.964996         9.95274765E-11
   148.080002         1.08242734E-10
   148.195007         1.16630483E-10
   148.309998         1.24675187E-10
   148.425003         1.32357625E-10
   148.539993         1.39654802E-10
   148.654999         1.46540419E-10
   148.770004         1.52985735E-10
   148.884995         1.58960317E-10
   149.000000         1.64433439E-10
   149.115005         1.69375541E-10
   149.229996         1.73760048E-10
   149.345001         1.77564713E-10
   149.460007         1.80773979E-10
   149.574997         1.83379797E-10
   149.690002         1.85383375E-10
   149.804993         1.86796217E-10
   149.919998         1.87640375E-10
   150.035004         1.87948948E-10
   150.149994         1.87765442E-10
   150.264999         1.87143079E-10
   150.380005         1.86143378E-10
   150.494995         1.84834495E-10
   150.610001         1.83288856E-10
   150.725006         1.81581028E-10
   150.839996         1.79785020E-10
   150.955002         1.77971943E-10
   151.070007         1.76207299E-10
   151.184998         1.74548917E-10
   151.300003         1.73045148E-10
   151.414993         1.71733461E-10
   151.529999         1.70639405E-10
   151.645004         1.69776207E-10
   151.759995         1.69145420E-10
   151.875000         1.68737121E-10
   151.990005         1.68531605E-10
   152.104996         1.68500935E-10
   152.220001         1.68611070E-10
   152.335007         1.68824094E-10
   152.449997         1.69100456E-10
   152.565002         1.69401521E-10
   152.679993         1.69691705E-10
   152.794998         1.69940381E-10
   152.910004         1.70123332E-10
   153.024994         1.70224460E-10
   153.139999         1.70236006E-10
   153.255005         1.70159123E-10
   153.369995         1.70003830E-10
   153.485001         1.69788045E-10
   153.600006         1.69536829E-10
   153.714996         1.69281519E-10
   153.830002         1.69057698E-10
   153.945007         1.68904335E-10
   154.059998         1.68862133E-10
   154.175003         1.68971559E-10
   154.289993         1.69272263E-10
   154.404999         1.69801451E-10
   154.520004         1.70593539E-10
   154.634995         1.71678879E-10
   154.750000         1.73084033E-10
   154.865005         1.74830928E-10
   154.979996         1.76937909E-10
   155.095001         1.79419146E-10
   155.210007         1.82285118E-10
   155.324997         1.85543123E-10
   155.440002         1.89197880E-10
   155.554993         1.93251651E-10
   155.669998         1.97704381E-10
   155.785004         2.02554362E-10
   155.899994         2.07798223E-10
   156.014999         2.13431162E-10
   156.130005         2.19446336E-10
   156.244995         2.25835795E-10
   156.360001         2.32589878E-10
   156.475006         2.39697595E-10
   156.589996         2.47146303E-10
   156.705002         2.54922194E-10
   156.820007         2.63010308E-10
   156.934998         2.71395656E-10
   157.050003         2.80062723E-10
   157.164993         2.88996715E-10
   157.279999         2.98183672E-10
   157.395004         3.07611686E-10
   157.509995         3.17271071E-10
   157.625000         3.27155331E-10
   157.740005         3.37261052E-10
   157.854996         3.47588708E-10
   157.970001         3.58142349E-10
   158.085007         3.68929942E-10
   158.199997         3.79962978E-10
   158.315002         3.91255334E-10
   158.429993         4.02823525E-10
   158.544998         4.14685342E-10
   158.660004         4.26858576E-10
   158.774994         4.39360603E-10
   158.889999         4.52206828E-10
   159.005005         4.65409961E-10
   159.119995         4.78978690E-10
   159.235001         4.92917096E-10
   159.350006         5.07223985E-10
   159.464996         5.21892085E-10
   159.580002         5.36907907E-10
   159.695007         5.52251911E-10
   159.809998         5.67897895E-10
   159.925003         5.83813609E-10
   160.039993         5.99960970E-10
   160.154999         6.16297013E-10
   160.270004         6.32773389E-10
   160.384995         6.49338361E-10
   160.500000         6.65936195E-10
   160.615005         6.82508605E-10
   160.729996         6.98994973E-10
   160.845001         7.15333737E-10
   160.960007         7.31462502E-10
   161.074997         7.47318873E-10
   161.190002         7.62841457E-10
   161.304993         7.77970521E-10
   161.419998         7.92648780E-10
   161.535004         8.06822165E-10
   161.649994         8.20440882E-10
   161.764999         8.33459968E-10
   161.880005         8.45840398E-10
   161.994995         8.57549254E-10
   162.110001         8.68560612E-10
   162.225006         8.78855932E-10
   162.339996         8.88424112E-10
   162.455002         8.97261154E-10
   162.570007         9.05370112E-10
   162.684998         9.12760090E-10
   162.800003         9.19445076E-10
   162.914993         9.25443111E-10
   163.029999         9.30774069E-10
   163.145004         9.35458599E-10
   163.259995         9.39515910E-10
   163.375000         9.42961931E-10
   163.490005         9.45807987E-10
   163.604996         9.48058965E-10
   163.720001         9.49712753E-10
   163.835007         9.50759027E-10
   163.949997         9.51179024E-10
   164.065002         9.50946322E-10
   164.179993         9.50027168E-10
   164.294998         9.48382040E-10
   164.410004         9.45966638E-10
   164.524994         9.42734779E-10
   164.639999         9.38640277E-10
   164.755005         9.33639166E-10
   164.869995         9.27690980E-10
   164.985001         9.20762078E-10
