  -18.8999996         0.00000000    
  -18.7849998         0.00000000    
  -18.6700001         0.00000000    
  -18.5550003         0.00000000    
  -18.4400005         0.00000000    
  -18.3250008         0.00000000    
  -18.2099991         0.00000000    
  -18.0949993         0.00000000    
  -17.9799995         0.00000000    
  -17.8649998         0.00000000    
  -17.7500000         0.00000000    
  -17.6350002         0.00000000    
  -17.5200005         0.00000000    
  -17.4050007         0.00000000    
  -17.2900009         0.00000000    
  -17.1749992         0.00000000    
  -17.0599995         0.00000000    
  -16.9449997         0.00000000    
  -16.8299999         0.00000000    
  -16.7150002         0.00000000    
  -16.6000004         0.00000000    
  -16.4850006         0.00000000    
  -16.3700008         0.00000000    
  -16.2549992         0.00000000    
  -16.1399994         0.00000000    
  -16.0249996         0.00000000    
  -15.9099998         0.00000000    
  -15.7950001         0.00000000    
  -15.6800003         0.00000000    
  -15.5649996         0.00000000    
  -15.4499998         0.00000000    
  -15.3350000         0.00000000    
  -15.2200003         0.00000000    
  -15.1049995         0.00000000    
  -14.9899998         0.00000000    
  -14.8750000         0.00000000    
  -14.7600002         0.00000000    
  -14.6450005         0.00000000    
  -14.5299997         0.00000000    
  -14.4150000         0.00000000    
  -14.3000002         0.00000000    
  -14.1850004         0.00000000    
  -14.0699997         0.00000000    
  -13.9549999         0.00000000    
  -13.8400002         0.00000000    
  -13.7250004         0.00000000    
  -13.6099997         0.00000000    
  -13.4949999         0.00000000    
  -13.3800001         0.00000000    
  -13.2650003         0.00000000    
  -13.1499996         0.00000000    
  -13.0349998         0.00000000    
  -12.9200001         0.00000000    
  -12.8050003         0.00000000    
  -12.6899996         0.00000000    
  -12.5749998         0.00000000    
  -12.4600000         0.00000000    
  -12.3450003         0.00000000    
  -12.2299995         0.00000000    
  -12.1149998         0.00000000    
  -12.0000000         0.00000000    
  -11.8850002         0.00000000    
  -11.7700005         0.00000000    
  -11.6549997         0.00000000    
  -11.5400000         0.00000000    
  -11.4250002         0.00000000    
  -11.3100004         0.00000000    
  -11.1949997         0.00000000    
  -11.0799999         0.00000000    
  -10.9650002         0.00000000    
  -10.8500004         0.00000000    
  -10.7349997         0.00000000    
  -10.6199999         0.00000000    
  -10.5050001         0.00000000    
  -10.3900003         0.00000000    
  -10.2749996         0.00000000    
  -10.1599998         0.00000000    
  -10.0450001         0.00000000    
  -9.93000031         0.00000000    
  -9.81499958         0.00000000    
  -9.69999981         0.00000000    
  -9.58500004         0.00000000    
  -9.47000027         0.00000000    
  -9.35499954         0.00000000    
  -9.23999977         0.00000000    
  -9.12500000         0.00000000    
  -9.01000023         0.00000000    
  -8.89500046         0.00000000    
  -8.77999973         0.00000000    
  -8.66499996         0.00000000    
  -8.55000019         0.00000000    
  -8.43500042        -6.79412989E-32
  -8.31999969        -3.20891526E-31
  -8.20499992        -8.46078986E-31
  -8.09000015        -1.74324251E-30
  -7.97499990        -2.80771904E-30
  -7.86000013        -3.76974644E-30
  -7.74499989        -4.40591420E-30
  -7.63000011        -4.20038437E-30
  -7.51499987        -2.78997810E-30
  -7.40000010         7.48592183E-32
  -7.28499985         4.64273700E-30
  -7.17000008         1.08672696E-29
  -7.05499983         1.85215509E-29
  -6.94000006         2.69399923E-29
  -6.82499981         3.49881075E-29
  -6.71000004         4.12051237E-29
  -6.59499979         4.37346070E-29
  -6.48000002         4.07742902E-29
  -6.36499977         2.99799975E-29
  -6.25000000         9.27044272E-30
  -6.13500023        -2.32407263E-29
  -6.01999998        -6.78872551E-29
  -5.90500021        -1.22988827E-28
  -5.78999996        -1.84510203E-28
  -5.67500019        -2.45755763E-28
  -5.55999994        -2.97387706E-28
  -5.44500017        -3.27791447E-28
  -5.32999992        -3.23773307E-28
  -5.21500015        -2.71981079E-28
  -5.09999990        -1.59895326E-28
  -4.98500013         2.15853684E-29
  -4.86999989         2.75598336E-28
  -4.75500011         5.96610293E-28
  -4.63999987         9.67957946E-28
  -4.52500010         1.35953398E-27
  -4.40999985         1.72697445E-27
  -4.29500008         2.01222355E-27
  -4.17999983         2.14615483E-27
  -4.06500006         2.05389624E-27
  -3.95000005         1.66320440E-27
  -3.83500004         9.15092806E-28
  -3.72000003        -2.23050204E-28
  -3.60500002        -1.74324644E-27
  -3.49000001        -3.58253862E-27
  -3.37500000        -5.61062913E-27
  -3.25999999        -7.62159196E-27
  -3.14499998        -9.33202036E-27
  -3.02999997        -1.03882088E-26
  -2.91499996        -1.03848015E-26
  -2.79999995        -8.89632339E-27
  -2.68499994        -5.52285102E-27
  -2.56999993         5.09390234E-29
  -2.45499992         7.98561737E-27
  -2.33999991         1.82099665E-26
  -2.22499990         3.03437966E-26
  -2.10999990         4.36287813E-26
  -1.99500000         5.68781408E-26
  -1.88000000         6.84565605E-26
  -1.76499999         7.63021273E-26
  -1.64999998         7.80013584E-26
  -1.53499997         7.09260156E-26
  -1.41999996         5.24363178E-26
  -1.30499995         2.01502809E-26
  -1.19000006        -2.77282143E-26
  -1.07500005        -9.20376775E-26
 -0.959999979        -1.72267204E-25
 -0.845000029        -2.66176436E-25
 -0.730000019        -3.69466456E-25
 -0.615000010        -4.75546604E-25
 -0.500000000        -5.75443709E-25
 -0.384999990        -6.57900233E-25
 -0.270000011        -7.09700488E-25
 -0.155000001        -7.16254049E-25
  -3.99999991E-02    -6.62448509E-25
   7.50000030E-02    -5.33762763E-25
  0.189999998        -3.17608219E-25
  0.305000007        -4.83714023E-27
  0.419999987         4.08670674E-25
  0.535000026         9.20454047E-25
  0.649999976         1.52008398E-24
  0.764999986         2.18808834E-24
  0.879999995         2.89534040E-24
  0.995000005         3.60304290E-24
   1.11000001         4.26342677E-24
   1.22500002         4.82124293E-24
   1.34000003         5.21606545E-24
   1.45500004         5.38537867E-24
   1.57000005         5.26833971E-24
   1.68499994         4.81004190E-24
   1.79999995         3.96603449E-24
   1.91499996         2.70679989E-24
   2.02999997         1.02184575E-24
   2.14499998        -1.07694837E-24
   2.25999999        -3.55306620E-24
   2.37500000        -6.34450218E-24
   2.49000001        -9.36451022E-24
   2.60500002        -1.25041309E-23
   2.72000003        -1.56364317E-23
   2.83500004        -1.86223507E-23
   2.95000005        -2.13178048E-23
   3.06500006        -2.35815957E-23
   3.18000007        -2.52835505E-23
   3.29500008        -2.63121825E-23
   3.41000009        -2.65811352E-23
   3.52500010        -2.60337462E-23
   3.64000010        -2.46450418E-23
   3.75500011        -2.24207664E-23
   3.86999989        -1.93931325E-23
   3.98499990        -1.56134017E-23
   4.09999990        -1.11416340E-23
   4.21500015        -6.03431221E-24
   4.32999992        -3.30901191E-25
   4.44500017         5.95933572E-24
   4.55999994         1.28687313E-23
   4.67500019         2.04791162E-23
   4.78999996         2.89246359E-23
   4.90500021         3.83880258E-23
   5.01999998         4.90892175E-23
   5.13500023         6.12655317E-23
   5.25000000         7.51436019E-23
   5.36499977         9.09035723E-23
   5.48000002         1.08637115E-22
   5.59499979         1.28301549E-22
   5.71000004         1.49672978E-22
   5.82499981         1.72302115E-22
   5.94000006         1.95476552E-22
   6.05499983         2.18194004E-22
   6.17000008         2.39150239E-22
   6.28499985         2.56745296E-22
   6.40000010         2.69110798E-22
   6.51499987         2.74160088E-22
   6.63000011         2.69661536E-22
   6.74499989         2.53333882E-22
   6.86000013         2.22961046E-22
   6.97499990         1.76522155E-22
   7.09000015         1.12331016E-22
   7.20499992         2.91784692E-23
   7.32000017        -7.35299900E-23
   7.43499994        -1.95649281E-22
   7.55000019        -3.36190203E-22
   7.66499996        -4.93241832E-22
   7.78000021        -6.63927603E-22
   7.89499998        -8.44397975E-22
   8.01000023        -1.02986329E-21
   8.12500000        -1.21466576E-21
   8.23999977        -1.39239084E-21
   8.35499954        -1.55601014E-21
   8.47000027        -1.69805458E-21
   8.58500004        -1.81080903E-21
   8.69999981        -1.88652089E-21
   8.81499958        -1.91761772E-21
   8.93000031        -1.89692326E-21
   9.04500008        -1.81787359E-21
   9.15999985        -1.67472297E-21
   9.27499962        -1.46274138E-21
   9.39000034        -1.17840421E-21
   9.50500011        -8.19576852E-22
   9.61999989        -3.85694922E-22
   9.73499966         1.22054453E-22
   9.85000038         7.00546450E-22
   9.96500015         1.34452928E-21
   10.0799999         2.04643413E-21
   10.1949997         2.79618591E-21
   10.3100004         3.58103410E-21
   10.4250002         4.38540949E-21
   10.5400000         5.19083461E-21
   10.6549997         5.97590979E-21
   10.7700005         6.71641052E-21
   10.8850002         7.38550956E-21
   11.0000000         7.95417362E-21
   11.1149998         8.39174489E-21
   11.2299995         8.66672590E-21
   11.3450003         8.74778152E-21
   11.4600000         8.60494989E-21
   11.5749998         8.21104066E-21
   11.6899996         7.54319168E-21
   11.8050003         6.58452650E-21
   11.9200001         5.32583872E-21
   12.0349998         3.76723295E-21
   12.1499996         1.91960994E-21
   12.2650003        -1.94087854E-22
   12.3800001        -2.53799126E-21
   12.4949999        -5.06286274E-21
   12.6099997        -7.70619149E-21
   12.7250004        -1.03929113E-20
   12.8400002        -1.30367502E-20
   12.9549999        -1.55422810E-20
   13.0699997        -1.78076056E-20
   13.1850004        -1.97276534E-20
   13.3000002        -2.11979928E-20
   13.4150000        -2.21190762E-20
   13.5299997        -2.24007069E-20
   13.6450005        -2.19666342E-20
   13.7600002        -2.07590200E-20
   13.8750000        -1.87425960E-20
   13.9899998        -1.59084119E-20
   14.1049995        -1.22768563E-20
   14.2200003        -7.89987616E-21
   14.3350000        -2.86220830E-21
   14.4499998         2.71841155E-21
   14.5649996         8.69218674E-21
   14.6800003         1.48793281E-20
   14.7950001         2.10732985E-20
   14.9099998         2.70451193E-20
   15.0249996         3.25486815E-20
   15.1400003         3.73269775E-20
   15.2550001         4.11190675E-20
   15.3699999         4.36676691E-20
   15.4849997         4.47272002E-20
   15.6000004         4.40720603E-20
   15.7150002         4.15050442E-20
   15.8299999         3.68656046E-20
   15.9449997         3.00378781E-20
   16.0599995         2.09581621E-20
   16.1749992         9.62172288E-21
   16.2900009        -3.91133686E-21
   16.4050007        -1.95113893E-20
   16.5200005        -3.69759815E-20
   16.6350002        -5.60282322E-20
   16.7500000        -7.63171438E-20
   16.8649998        -9.74201239E-20
   16.9799995        -1.18847863E-19
   17.0949993        -1.40051927E-19
   17.2099991        -1.60434885E-19
   17.3250008        -1.79363466E-19
   17.4400005        -1.96184274E-19
   17.5550003        -2.10242092E-19
   17.6700001        -2.20900495E-19
   17.7849998        -2.27564211E-19
   17.8999996        -2.29702679E-19
   18.0149994        -2.26874084E-19
   18.1299992        -2.18748844E-19
   18.2450008        -2.05131628E-19
   18.3600006        -1.85981001E-19
   18.4750004        -1.61425240E-19
   18.5900002        -1.31773529E-19
   18.7049999        -9.75213954E-20
   18.8199997        -5.93497178E-20
   18.9349995        -1.81164154E-20
   19.0499992         2.51596192E-20
   19.1650009         6.93218195E-20
   19.2800007         1.13107449E-19
   19.3950005         1.55185222E-19
   19.5100002         1.94199454E-19
   19.6250000         2.28818682E-19
   19.7399998         2.57787193E-19
   19.8549995         2.79977942E-19
   19.9699993         2.94443960E-19
   20.0849991         3.00468007E-19
   20.2000008         2.97605316E-19
   20.3150005         2.85720359E-19
   20.4300003         2.65013650E-19
   20.5450001         2.36037177E-19
   20.6599998         1.99699145E-19
   20.7749996         1.57252760E-19
   20.8899994         1.10273916E-19
   21.0049992         6.06240865E-20
   21.1200008         1.03999431E-20
   21.2350006        -3.81281989E-20
   21.3500004        -8.25875735E-20
   21.4650002        -1.20583430E-19
   21.5799999        -1.49784108E-19
   21.6949997        -1.68009830E-19
   21.8099995        -1.73319322E-19
   21.9249992        -1.64095250E-19
   22.0400009        -1.39119914E-19
   22.1550007        -9.76431654E-20
   22.2700005        -3.94361071E-20
   22.3850002         3.51698908E-20
   22.5000000         1.25264355E-19
   22.6149998         2.29356918E-19
   22.7299995         3.45396218E-19
   22.8449993         4.70816367E-19
   22.9599991         6.02598233E-19
   23.0750008         7.37355777E-19
   23.1900005         8.71442013E-19
   23.3050003         1.00106845E-18
   23.4200001         1.12243973E-18
   23.5349998         1.23189951E-18
   23.6499996         1.32607795E-18
   23.7649994         1.40204043E-18
   23.8799992         1.45743030E-18
   23.9950008         1.49059694E-18
   24.1100006         1.50070943E-18
   24.2250004         1.48784243E-18
   24.3400002         1.45303498E-18
   24.4549999         1.39831388E-18
   24.5699997         1.32668024E-18
   24.6849995         1.24205501E-18
   24.7999992         1.14918569E-18
   24.9150009         1.05350829E-18
   25.0300007         9.60975732E-19
   25.1450005         8.77849458E-19
   25.2600002         8.10465464E-19
   25.3750000         7.64979991E-19
   25.4899998         7.47104876E-19
   25.6049995         7.61840737E-19
   25.7199993         8.13224473E-19
   25.8349991         9.04095588E-19
   25.9500008         1.03589793E-18
   26.0650005         1.20852463E-18
   26.1800003         1.42021721E-18
   26.2950001         1.66752446E-18
   26.4099998         1.94533131E-18
   26.5249996         2.24695528E-18
   26.6399994         2.56431325E-18
   26.7549992         2.88815570E-18
   26.8700008         3.20836456E-18
   26.9850006         3.51429958E-18
   27.1000004         3.79519068E-18
   27.2150002         4.04055519E-18
   27.3299999         4.24062702E-18
   27.4449997         4.38678653E-18
   27.5599995         4.47196049E-18
   27.6749992         4.49098813E-18
   27.7900009         4.44092757E-18
   27.9050007         4.32129037E-18
   28.0200005         4.13418997E-18
   28.1350002         3.88439466E-18
   28.2500000         3.57927586E-18
   28.3649998         3.22865075E-18
   28.4799995         2.84451303E-18
   28.5949993         2.44066940E-18
   28.7099991         2.03227399E-18
   28.8250008         1.63528468E-18
   28.9400005         1.26585558E-18
   29.0550003         9.39682449E-19
   29.1700001         6.71325930E-19
   29.2849998         4.73540583E-19
   29.3999996         3.56631993E-19
   29.5149994         3.27869812E-19
   29.6299992         3.90983900E-19
   29.7450008         5.45773716E-19
   29.8600006         7.87844194E-19
   29.9750004         1.10849223E-18
   30.0900002         1.49475952E-18
   30.2049999         1.92965934E-18
   30.3199997         2.39258311E-18
   30.4349995         2.85987005E-18
   30.5499992         3.30554484E-18
   30.6650009         3.70219572E-18
   30.7800007         4.02197258E-18
   30.8950005         4.23765827E-18
   31.0100002         4.32379094E-18
   31.1250000         4.25779723E-18
   31.2399998         4.02106227E-18
   31.3549995         3.59991567E-18
   31.4699993         2.98646839E-18
   31.5849991         2.17927164E-18
   31.7000008         1.18374540E-18
   31.8150005         1.23298419E-20
   31.9300003        -1.31562456E-18
   32.0449982        -2.77428643E-18
   32.1599998        -4.33207060E-18
   32.2750015        -5.95265225E-18
   32.3899994        -7.59624937E-18
   32.5050011        -9.22113567E-18
   32.6199989        -1.07853292E-17
   32.7350006        -1.22483975E-17
   32.8499985        -1.35733382E-17
   32.9650002        -1.47283594E-17
   33.0800018        -1.56885987E-17
   33.1949997        -1.64376405E-17
   33.3100014        -1.69687384E-17
   33.4249992        -1.72857455E-17
   33.5400009        -1.74035740E-17
   33.6549988        -1.73483448E-17
   33.7700005        -1.71569038E-17
   33.8849983        -1.68759966E-17
   34.0000000        -1.65608987E-17
   34.1150017        -1.62736503E-17
   34.2299995        -1.60809205E-17
   34.3450012        -1.60516085E-17
   34.4599991        -1.62541073E-17
   34.5750008        -1.67536268E-17
   34.6899986        -1.76094030E-17
   34.8050003        -1.88720744E-17
   34.9199982        -2.05813042E-17
   35.0349998        -2.27636779E-17
   35.1500015        -2.54311650E-17
   35.2649994        -2.85799604E-17
   35.3800011        -3.21900776E-17
   35.4949989        -3.62254783E-17
   35.6100006        -4.06349068E-17
   35.7249985        -4.53533700E-17
   35.8400002        -5.03041287E-17
   35.9550018        -5.54014836E-17
   36.0699997        -6.05537303E-17
   36.1850014        -6.56666064E-17
   36.2999992        -7.06469749E-17
   36.4150009        -7.54064464E-17
   36.5299988        -7.98650359E-17
   36.6450005        -8.39546963E-17
   36.7599983        -8.76222431E-17
   36.8750000        -9.08318957E-17
   36.9900017        -9.35670776E-17
   37.1049995        -9.58316599E-17
   37.2200012        -9.76502264E-17
   37.3349991        -9.90674714E-17
   37.4500008        -1.00146876E-16
   37.5649986        -1.00968465E-16
   37.6800003        -1.01625709E-16
   37.7949982        -1.02221762E-16
   37.9099998        -1.02865216E-16
   38.0250015        -1.03665292E-16
   38.1399994        -1.04726896E-16
   38.2550011        -1.06145557E-16
   38.3699989        -1.08002465E-16
   38.4850006        -1.10359976E-16
   38.5999985        -1.13257450E-16
   38.7150002        -1.16708064E-16
   38.8300018        -1.20696332E-16
   38.9449997        -1.25176554E-16
   39.0600014        -1.30072709E-16
   39.1749992        -1.35279156E-16
   39.2900009        -1.40662672E-16
   39.4049988        -1.46065591E-16
   39.5200005        -1.51310101E-16
   39.6349983        -1.56203463E-16
   39.7500000        -1.60543951E-16
   39.8650017        -1.64127337E-16
   39.9799995        -1.66753788E-16
   40.0950012        -1.68234878E-16
   40.2099991        -1.68400486E-16
   40.3250008        -1.67104989E-16
   40.4399986        -1.64233084E-16
   40.5550003        -1.59704423E-16
   40.6699982        -1.53477433E-16
   40.7849998        -1.45551243E-16
   40.9000015        -1.35966523E-16
   41.0149994        -1.24805051E-16
   41.1300011        -1.12187304E-16
   41.2449989        -9.82685538E-17
   41.3600006        -8.32340764E-17
   41.4749985        -6.72922876E-17
   41.5900002        -5.06676481E-17
   41.7050018        -3.35920958E-17
   41.8199997        -1.62964556E-17
   41.9350014         9.98448358E-19
   42.0499992         1.80909926E-17
   42.1650009         3.48064135E-17
   42.2799988         5.10048235E-17
   42.3950005         6.65871658E-17
   42.5099983         8.15008484E-17
   42.6250000         9.57424700E-17
   42.7400017         1.09359259E-16
   42.8549995         1.22449015E-16
   42.9700012         1.35157103E-16
   43.0849991         1.47672267E-16
   43.2000008         1.60220014E-16
   43.3149986         1.73054032E-16
   43.4300003         1.86446973E-16
   43.5449982         2.00678768E-16
   43.6599998         2.16025351E-16
   43.7750015         2.32745040E-16
   43.8899994         2.51067077E-16
   44.0050011         2.71179054E-16
   44.1199989         2.93215913E-16
   44.2350006         3.17249996E-16
   44.3499985         3.43283157E-16
   44.4650002         3.71240327E-16
   44.5800018         4.00966842E-16
   44.6949997         4.32227731E-16
   44.8100014         4.64710280E-16
   44.9249992         4.98029538E-16
   45.0400009         5.31736685E-16
   45.1549988         5.65330859E-16
   45.2700005         5.98272553E-16
   45.3849983         6.30000130E-16
   45.5000000         6.59947086E-16
   45.6150017         6.87561048E-16
   45.7299995         7.12322733E-16
   45.8450012         7.33764631E-16
   45.9599991         7.51488848E-16
   46.0750008         7.65182407E-16
   46.1899986         7.74631165E-16
   46.3050003         7.79729297E-16
   46.4199982         7.80486016E-16
   46.5349998         7.77028004E-16
   46.6500015         7.69596825E-16
   46.7649994         7.58542568E-16
   46.8800011         7.44312997E-16
   46.9949989         7.27438724E-16
   47.1100006         7.08514473E-16
   47.2249985         6.88177159E-16
   47.3400002         6.67082650E-16
   47.4550018         6.45879669E-16
   47.5699997         6.25184430E-16
   47.6850014         6.05555554E-16
   47.7999992         5.87470236E-16
   47.9150009         5.71303553E-16
   48.0299988         5.57310833E-16
   48.1450005         5.45614738E-16
   48.2599983         5.36196896E-16
   48.3750000         5.28894890E-16
   48.4900017         5.23404263E-16
   48.6049995         5.19287683E-16
   48.7200012         5.15988172E-16
   48.8349991         5.12847903E-16
   48.9500008         5.09131758E-16
   49.0649986         5.04053531E-16
   49.1800003         4.96805099E-16
   49.2949982         4.86587870E-16
   49.4099998         4.72644438E-16
   49.5250015         4.54288916E-16
   49.6399994         4.30936323E-16
   49.7550011         4.02128203E-16
   49.8699989         3.67554674E-16
   49.9850006         3.27073064E-16
   50.0999985         2.80718657E-16
   50.2150002         2.28712237E-16
   50.3300018         1.71459003E-16
   50.4449997         1.09543317E-16
   50.5600014         4.37159163E-17
   50.6749992        -2.51231924E-17
   50.7900009        -9.59483916E-17
   50.9049988        -1.67634967E-16
   51.0200005        -2.38990505E-16
   51.1349983        -3.08787555E-16
   51.2500000        -3.75798581E-16
   51.3650017        -4.38829691E-16
   51.4799995        -4.96755495E-16
   51.5950012        -5.48550660E-16
   51.7099991        -5.93318680E-16
   51.8250008        -6.30315915E-16
   51.9399986        -6.58972045E-16
   52.0550003        -6.78904372E-16
   52.1699982        -6.89926229E-16
   52.2849998        -6.92048894E-16
   52.4000015        -6.85477453E-16
   52.5149994        -6.70600590E-16
   52.6300011        -6.47974222E-16
   52.7449989        -6.18300011E-16
   52.8600006        -5.82399102E-16
   52.9749985        -5.41182585E-16
   53.0900002        -4.95618247E-16
   53.2050018        -4.46697648E-16
   53.3199997        -3.95400618E-16
   53.4350014        -3.42662017E-16
   53.5499992        -2.89339917E-16
   53.6650009        -2.36187699E-16
   53.7799988        -1.83828305E-16
   53.8950005        -1.32735886E-16
   54.0099983        -8.32221120E-17
   54.1250000        -3.54281920E-17
   54.2400017         1.06754532E-17
   54.3549995         5.52832200E-17
   54.4700012         9.87423364E-17
   54.5849991         1.41534335E-16
   54.7000008         1.84251768E-16
   54.8149986         2.27569721E-16
   54.9300003         2.72214313E-16
   55.0449982         3.18928445E-16
   55.1599998         3.68436833E-16
   55.2750015         4.21411200E-16
   55.3899994         4.78436078E-16
   55.5050011         5.39978898E-16
   55.6199989         6.06361400E-16
   55.7350006         6.77737954E-16
   55.8499985         7.54077699E-16
   55.9650002         8.35153363E-16
   56.0800018         9.20536349E-16
   56.1949997         1.00959879E-15
   56.3100014         1.10152040E-15
   56.4249992         1.19530261E-15
   56.5400009         1.28978766E-15
   56.6549988         1.38368189E-15
   56.7700005         1.47558275E-15
   56.8849983         1.56400928E-15
   57.0000000         1.64743408E-15
   57.1150017         1.72431535E-15
   57.2299995         1.79312957E-15
   57.3450012         1.85240303E-15
   57.4599991         1.90073960E-15
   57.5750008         1.93684862E-15
   57.6899986         1.95956668E-15
   57.8050003         1.96787671E-15
   57.9199982         1.96092320E-15
   58.0349998         1.93802345E-15
   58.1500015         1.89867390E-15
   58.2649994         1.84255119E-15
   58.3800011         1.76951281E-15
   58.4949989         1.67959158E-15
   58.6100006         1.57298656E-15
   58.7249985         1.45005190E-15
   58.8400002         1.31128154E-15
   58.9550018         1.15729572E-15
   59.0699997         9.88821922E-16
   59.1850014         8.06673627E-16
   59.2999992         6.11732541E-16
   59.4150009         4.04925265E-16
   59.5299988         1.87200065E-16
   59.6450005        -4.04976808E-17
   59.7599983        -2.77242407E-16
   59.8750000        -5.22155207E-16
   59.9900017        -7.74427665E-16
   60.1049995        -1.03333954E-15
   60.2200012        -1.29827863E-15
   60.3349991        -1.56876060E-15
   60.4500008        -1.84444495E-15
   60.5649986        -2.12513875E-15
   60.6800003        -2.41080993E-15
   60.7949982        -2.70159189E-15
   60.9099998        -2.99777729E-15
   61.0250015        -3.29981717E-15
   61.1399994        -3.60829556E-15
   61.2550011        -3.92391359E-15
   61.3699989        -4.24746831E-15
   61.4850006        -4.57980593E-15
   61.5999985        -4.92179209E-15
   61.7150002        -5.27426452E-15
   61.8300018        -5.63798259E-15
   61.9449997        -6.01357521E-15
   62.0600014        -6.40148919E-15
   62.1749992        -6.80193037E-15
   62.2900009        -7.21480896E-15
   62.4049988        -7.63969508E-15
   62.5200005        -8.07576882E-15
   62.6349983        -8.52178672E-15
   62.7500000        -8.97605219E-15
   62.8650017        -9.43640612E-15
   62.9799995        -9.90021680E-15
   63.0950012        -1.03643900E-14
   63.2099991        -1.08254021E-14
   63.3250008        -1.12793313E-14
   63.4399986        -1.17219128E-14
   63.5550003        -1.21486116E-14
   63.6699982        -1.25546961E-14
   63.7849998        -1.29353324E-14
   63.9000015        -1.32856787E-14
   64.0149994        -1.36009944E-14
   64.1299973        -1.38767443E-14
   64.2450027        -1.41087042E-14
   64.3600006        -1.42930660E-14
   64.4749985        -1.44265279E-14
   64.5899963        -1.45063777E-14
   64.7050018        -1.45305554E-14
   64.8199997        -1.44977041E-14
   64.9349976        -1.44071919E-14
   65.0500031        -1.42591322E-14
   65.1650009        -1.40543476E-14
   65.2799988        -1.37943432E-14
   65.3949966        -1.34812265E-14
   65.5100021        -1.31176299E-14
   65.6250000        -1.27065954E-14
   65.7399979        -1.22514524E-14
   65.8550034        -1.17556713E-14
   65.9700012        -1.12227164E-14
   66.0849991        -1.06558845E-14
   66.1999969        -1.00581512E-14
   66.3150024        -9.43202442E-15
   66.4300003        -8.77940332E-15
   66.5449982        -8.10146356E-15
   66.6600037        -7.39857191E-15
   66.7750015        -6.67020319E-15
   66.8899994        -5.91491281E-15
   67.0049973        -5.13034473E-15
   67.1200027        -4.31325059E-15
   67.2350006        -3.45958834E-15
   67.3499985        -2.56462921E-15
   67.4649963        -1.62311429E-15
   67.5800018        -6.29442571E-16
   67.6949997         4.22101293E-16
   67.8099976         1.53711376E-15
   67.9250031         2.72080323E-15
   68.0400009         3.97773279E-15
   68.1549988         5.31154287E-15
   68.2699966         6.72469071E-15
   68.3850021         8.21823468E-15
   68.5000000         9.79161024E-15
   68.6149979         1.14424461E-14
   68.7300034         1.31664648E-14
   68.8450012         1.49573855E-14
   68.9599991         1.68069141E-14
   69.0749969         1.87047948E-14
   69.1900024         2.06389352E-14
   69.3050003         2.25955881E-14
   69.4199982         2.45595899E-14
   69.5350037         2.65146740E-14
   69.6500015         2.84438102E-14
   69.7649994         3.03296105E-14
   69.8799973         3.21547429E-14
   69.9950027         3.39023853E-14
   70.1100006         3.55566339E-14
   70.2249985         3.71029569E-14
   70.3399963         3.85285845E-14
   70.4550018         3.98228779E-14
   70.5699997         4.09776278E-14
   70.6849976         4.19872877E-14
   70.8000031         4.28491064E-14
   70.9150009         4.35631925E-14
   71.0299988         4.41324765E-14
   71.1449966         4.45625592E-14
   71.2600021         4.48615144E-14
   71.3750000         4.50395133E-14
   71.4899979         4.51084550E-14
   71.6050034         4.50814787E-14
   71.7200012         4.49724283E-14
   71.8349991         4.47952764E-14
   71.9499969         4.45635113E-14
   72.0650024         4.42895774E-14
   72.1800003         4.39842492E-14
   72.2949982         4.36561391E-14
   72.4100037         4.33112103E-14
   72.5250015         4.29524072E-14
   72.6399994         4.25793535E-14
   72.7549973         4.21882073E-14
   72.8700027         4.17715890E-14
   72.9850006         4.13186704E-14
   73.0999985         4.08153803E-14
   73.2149963         4.02447173E-14
   73.3300018         3.95872368E-14
   73.4449997         3.88215698E-14
   73.5599976         3.79250600E-14
   73.6750031         3.68744952E-14
   73.7900009         3.56468564E-14
   73.9049988         3.42200769E-14
   74.0199966         3.25738412E-14
   74.1350021         3.06902771E-14
   74.2500000         2.85546631E-14
   74.3649979         2.61560047E-14
   74.4800034         2.34875528E-14
   74.5950012         2.05471355E-14
   74.7099991         1.73374227E-14
   74.8249969         1.38659937E-14
   74.9400024         1.01452651E-14
   75.0550003         6.19229154E-15
   75.1699982         2.02838408E-15
   75.2850037        -2.32138570E-15
   75.4000015        -6.82880461E-15
   75.5149994        -1.14632518E-14
   75.6299973        -1.61924697E-14
   75.7450027        -2.09834625E-14
   75.8600006        -2.58033324E-14
   75.9749985        -3.06201597E-14
   76.0899963        -3.54038122E-14
   76.2050018        -4.01267324E-14
   76.3199997        -4.47645732E-14
   76.4349976        -4.92967687E-14
   76.5500031        -5.37069338E-14
   76.6650009        -5.79830915E-14
   76.7799988        -6.21177711E-14
   76.8949966        -6.61078790E-14
   77.0100021        -6.99544521E-14
   77.1250000        -7.36622270E-14
   77.2399979        -7.72390710E-14
   77.3550034        -8.06952094E-14
   77.4700012        -8.40424532E-14
   77.5849991        -8.72933114E-14
   77.6999969        -9.04599678E-14
   77.8150024        -9.35534134E-14
   77.9300003        -9.65824371E-14
   78.0449982        -9.95528529E-14
   78.1600037        -1.02466673E-13
   78.2750015        -1.05321574E-13
   78.3899994        -1.08110359E-13
   78.5049973        -1.10820790E-13
   78.6200027        -1.13435465E-13
   78.7350006        -1.15932004E-13
   78.8499985        -1.18283475E-13
   78.9649963        -1.20458886E-13
   79.0800018        -1.22424084E-13
   79.1949997        -1.24142612E-13
   79.3099976        -1.25576931E-13
   79.4250031        -1.26689539E-13
   79.5400009        -1.27444333E-13
   79.6549988        -1.27807866E-13
   79.7699966        -1.27750661E-13
   79.8850021        -1.27248310E-13
   80.0000000        -1.26282611E-13
   80.1149979        -1.24842357E-13
   80.2300034        -1.22924145E-13
   80.3450012        -1.20532734E-13
   80.4599991        -1.17681147E-13
   80.5749969        -1.14390770E-13
   80.6900024        -1.10690740E-13
   80.8050003        -1.06617297E-13
   80.9199982        -1.02212929E-13
   81.0350037        -9.75250899E-14
   81.1500015        -9.26048382E-14
   81.2649994        -8.75051510E-14
   81.3799973        -8.22794049E-14
   81.4950027        -7.69794113E-14
   81.6100006        -7.16538645E-14
   81.7249985        -6.63465458E-14
   81.8399963        -6.10947992E-14
   81.9550018        -5.59281117E-14
   82.0699997        -5.08669001E-14
   82.1849976        -4.59216710E-14
   82.3000031        -4.10923432E-14
   82.4150009        -3.63680508E-14
   82.5299988        -3.17272013E-14
   82.6449966        -2.71379107E-14
   82.7600021        -2.25588726E-14
   82.8750000        -1.79404882E-14
   82.9899979        -1.32263178E-14
   83.1050034        -8.35489159E-15
   83.2200012        -3.26163525E-15
   83.3349991         2.11895647E-15
   83.4499969         7.85101625E-15
   83.5650024         1.39951171E-14
   83.6800003         2.06059247E-14
   83.7949982         2.77300562E-14
   83.9100037         3.54039748E-14
   84.0250015         4.36522969E-14
   84.1399994         5.24862848E-14
   84.2549973         6.19026924E-14
   84.3700027         7.18830174E-14
   84.4850006         8.23932123E-14
   84.5999985         9.33839188E-14
   84.7149963         1.04791108E-13
   84.8300018         1.16537002E-13
   84.9449997         1.28531815E-13
   85.0599976         1.40675598E-13
   85.1750031         1.52860675E-13
   85.2900009         1.64974086E-13
   85.4049988         1.76900676E-13
   85.5199966         1.88525926E-13
   85.6350021         1.99739300E-13
   85.7500000         2.10437258E-13
   85.8649979         2.20526288E-13
   85.9800034         2.29925589E-13
   86.0950012         2.38569852E-13
   86.2099991         2.46410992E-13
   86.3249969         2.53420169E-13
   86.4400024         2.59588683E-13
   86.5550003         2.64928487E-13
   86.6699982         2.69472189E-13
   86.7850037         2.73272317E-13
   86.9000015         2.76399888E-13
   87.0149994         2.78942586E-13
   87.1299973         2.81002137E-13
   87.2450027         2.82691486E-13
   87.3600006         2.84131090E-13
   87.4749985         2.85445414E-13
   87.5899963         2.86758708E-13
   87.7050018         2.88190939E-13
   87.8199997         2.89853943E-13
   87.9349976         2.91847303E-13
   88.0500031         2.94254936E-13
   88.1650009         2.97141950E-13
   88.2799988         3.00551928E-13
   88.3949966         3.04504929E-13
   88.5100021         3.08996128E-13
   88.6250000         3.13995412E-13
   88.7399979         3.19447377E-13
   88.8550034         3.25272632E-13
   88.9700012         3.31369318E-13
   89.0849991         3.37615867E-13
   89.1999969         3.43874235E-13
   89.3150024         3.49993634E-13
   89.4300003         3.55815095E-13
   89.5449982         3.61175662E-13
   89.6600037         3.65913517E-13
   89.7750015         3.69872535E-13
   89.8899994         3.72907299E-13
   90.0049973         3.74887214E-13
   90.1200027         3.75700529E-13
   90.2350006         3.75257876E-13
   90.3499985         3.73494828E-13
   90.4649963         3.70374033E-13
   90.5800018         3.65886331E-13
   90.6949997         3.60050667E-13
   90.8099976         3.52913472E-13
   90.9250031         3.44546847E-13
   91.0400009         3.35046308E-13
   91.1549988         3.24526701E-13
   91.2699966         3.13118238E-13
   91.3850021         3.00962353E-13
   91.5000000         2.88205901E-13
   91.6149979         2.74995575E-13
   91.7300034         2.61472837E-13
   91.8450012         2.47767816E-13
   91.9599991         2.33994139E-13
   92.0749969         2.20243637E-13
   92.1900024         2.06582310E-13
   92.3050003         1.93046412E-13
   92.4199982         1.79639330E-13
   92.5350037         1.66330437E-13
   92.6500015         1.53053880E-13
   92.7649994         1.39709072E-13
   92.8799973         1.26162305E-13
   92.9950027         1.12248996E-13
   93.1100006         9.77778988E-14
   93.2249985         8.25354325E-14
   93.3399963         6.62917732E-14
   93.4550018         4.88071972E-14
   93.5699997         2.98390022E-14
   93.6849976         9.14934158E-15
   93.8000031        -1.34873641E-14
   93.9150009        -3.82765007E-14
   94.0299988        -6.53957682E-14
   94.1449966        -9.49884973E-14
   94.2600021        -1.27157494E-13
   94.3750000        -1.61959652E-13
   94.4899979        -1.99401544E-13
   94.6050034        -2.39437268E-13
   94.7200012        -2.81966399E-13
   94.8349991        -3.26834588E-13
   94.9499969        -3.73834508E-13
   95.0650024        -4.22709692E-13
   95.1800003        -4.73159055E-13
   95.2949982        -5.24843298E-13
   95.4100037        -5.77392409E-13
   95.5250015        -6.30414341E-13
   95.6399994        -6.83504739E-13
   95.7549973        -7.36256813E-13
   95.8700027        -7.88271900E-13
   95.9850006        -8.39170042E-13
   96.0999985        -8.88599849E-13
   96.2149963        -9.36247824E-13
   96.3300018        -9.81847307E-13
   96.4449997        -1.02518525E-12
   96.5599976        -1.06610846E-12
   96.6750031        -1.10452793E-12
   96.7900009        -1.14042022E-12
   96.9049988        -1.17382807E-12
   97.0199966        -1.20485848E-12
   97.1350021        -1.23367798E-12
   97.2500000        -1.26050765E-12
   97.3649979        -1.28561419E-12
   97.4800034        -1.30930173E-12
   97.5950012        -1.33189987E-12
   97.7099991        -1.35375218E-12
   97.8249969        -1.37520431E-12
   97.9400024        -1.39659009E-12
   98.0550003        -1.41821927E-12
   98.1699982        -1.44036508E-12
   98.2850037        -1.46325226E-12
   98.4000015        -1.48704757E-12
   98.5149994        -1.51185022E-12
   98.6299973        -1.53768589E-12
   98.7450027        -1.56450124E-12
   98.8600006        -1.59216173E-12
   98.9749985        -1.62045139E-12
   99.0899963        -1.64907508E-12
   99.2050018        -1.67766322E-12
   99.3199997        -1.70577896E-12
   99.4349976        -1.73292706E-12
   99.5500031        -1.75856486E-12
   99.6650009        -1.78211471E-12
   99.7799988        -1.80297715E-12
   99.8949966        -1.82054653E-12
   100.010002        -1.83422396E-12
   100.125000        -1.84343383E-12
   100.239998        -1.84763749E-12
   100.355003        -1.84634643E-12
   100.470001        -1.83913518E-12
   100.584999        -1.82565248E-12
   100.699997        -1.80562791E-12
   100.815002        -1.77888075E-12
   100.930000        -1.74532199E-12
   101.044998        -1.70495627E-12
   101.160004        -1.65788054E-12
   101.275002        -1.60428116E-12
   101.389999        -1.54442767E-12
   101.504997        -1.47866398E-12
   101.620003        -1.40739850E-12
   101.735001        -1.33109127E-12
   101.849998        -1.25024101E-12
   101.964996        -1.16536880E-12
   102.080002        -1.07700437E-12
   102.195000        -9.85668686E-13
   102.309998        -8.91861021E-13
   102.425003        -7.96042485E-13
   102.540001        -6.98623939E-13
   102.654999        -5.99955524E-13
   102.769997        -5.00316043E-13
   102.885002        -3.99905369E-13
   103.000000        -2.98840813E-13
   103.114998        -1.97154372E-13
   103.230003        -9.47937678E-14
   103.345001         8.37401844E-15
   103.459999         1.12555784E-13
   103.574997         2.18022784E-13
   103.690002         3.25098835E-13
   103.805000         4.34147998E-13
   103.919998         5.45558119E-13
   104.035004         6.59725692E-13
   104.150002         7.77037993E-13
   104.264999         8.97855791E-13
   104.379997         1.02249838E-12
   104.495003         1.15122549E-12
   104.610001         1.28422414E-12
   104.724998         1.42159494E-12
   104.839996         1.56334277E-12
   104.955002         1.70936908E-12
   105.070000         1.85946592E-12
   105.184998         2.01331486E-12
   105.300003         2.17048992E-12
   105.415001         2.33046200E-12
   105.529999         2.49260486E-12
   105.644997         2.65620924E-12
   105.760002         2.82049514E-12
   105.875000         2.98462622E-12
   105.989998         3.14772882E-12
   106.105003         3.30890979E-12
   106.220001         3.46727486E-12
   106.334999         3.62195126E-12
   106.449997         3.77210459E-12
   106.565002         3.91695920E-12
   106.680000         4.05581341E-12
   106.794998         4.18805702E-12
   106.910004         4.31318089E-12
   107.025002         4.43078733E-12
   107.139999         4.54059620E-12
   107.254997         4.64244745E-12
   107.370003         4.73630380E-12
   107.485001         4.82224287E-12
   107.599998         4.90045374E-12
   107.714996         4.97122656E-12
   107.830002         5.03493688E-12
   107.945000         5.09203357E-12
   108.059998         5.14301709E-12
   108.175003         5.18842348E-12
   108.290001         5.22879743E-12
   108.404999         5.26467888E-12
   108.519997         5.29657351E-12
   108.635002         5.32493667E-12
   108.750000         5.35015435E-12
   108.864998         5.37252404E-12
   108.980003         5.39224047E-12
   109.095001         5.40937781E-12
   109.209999         5.42388487E-12
   109.324997         5.43557213E-12
   109.440002         5.44411391E-12
   109.555000         5.44904660E-12
   109.669998         5.44977431E-12
   109.785004         5.44557802E-12
   109.900002         5.43562808E-12
   110.014999         5.41899772E-12
   110.129997         5.39468860E-12
   110.245003         5.36164169E-12
   110.360001         5.31876800E-12
   110.474998         5.26497162E-12
   110.589996         5.19917269E-12
   110.705002         5.12033601E-12
   110.820000         5.02749882E-12
   110.934998         4.91979200E-12
   111.050003         4.79646704E-12
   111.165001         4.65691374E-12
   111.279999         4.50067978E-12
   111.394997         4.32747848E-12
   111.510002         4.13720534E-12
   111.625000         3.92993580E-12
   111.739998         3.70593053E-12
   111.855003         3.46562904E-12
   111.970001         3.20964848E-12
   112.084999         2.93876425E-12
   112.199997         2.65389989E-12
   112.315002         2.35610533E-12
   112.430000         2.04653243E-12
   112.544998         1.72641155E-12
   112.660004         1.39702583E-12
   112.775002         1.05968305E-12
   112.889999         7.15687221E-13
   113.004997         3.66317220E-13
   113.120003         1.27970297E-14
   113.235001        -3.43722175E-13
   113.349998        -7.02183754E-13
   113.464996        -1.06164155E-12
   113.580002        -1.42127239E-12
   113.695000        -1.78038411E-12
   113.809998        -2.13842247E-12
   113.925003        -2.49496842E-12
   114.040001        -2.84973390E-12
   114.154999        -3.20255432E-12
   114.269997        -3.55337548E-12
   114.385002        -3.90223444E-12
   114.500000        -4.24924375E-12
   114.614998        -4.59456908E-12
   114.730003        -4.93840819E-12
   114.845001        -5.28096794E-12
   114.959999        -5.62244088E-12
   115.074997        -5.96298315E-12
   115.190002        -6.30269144E-12
   115.305000        -6.64158485E-12
   115.419998        -6.97958401E-12
   115.535004        -7.31649897E-12
   115.650002        -7.65201617E-12
   115.764999        -7.98568937E-12
   115.879997        -8.31693828E-12
   115.995003        -8.64504822E-12
   116.110001        -8.96917783E-12
   116.224998        -9.28836088E-12
   116.339996        -9.60151837E-12
   116.455002        -9.90747241E-12
   116.570000        -1.02049679E-11
   116.684998        -1.04926822E-11
   116.800003        -1.07692518E-11
   116.915001        -1.10332949E-11
   117.029999        -1.12834351E-11
   117.144997        -1.15183210E-11
   117.260002        -1.17366551E-11
   117.375000        -1.19372090E-11
   117.489998        -1.21188485E-11
   117.605003        -1.22805429E-11
   117.720001        -1.24213886E-11
   117.834999        -1.25406135E-11
   117.949997        -1.26375906E-11
   118.065002        -1.27118351E-11
   118.180000        -1.27630129E-11
   118.294998        -1.27909358E-11
   118.410004        -1.27955545E-11
   118.525002        -1.27769505E-11
   118.639999        -1.27353215E-11
   118.754997        -1.26709667E-11
   118.870003        -1.25842678E-11
   118.985001        -1.24756698E-11
   119.099998        -1.23456583E-11
   119.214996        -1.21947435E-11
   119.330002        -1.20234335E-11
   119.445000        -1.18322218E-11
   119.559998        -1.16215666E-11
   119.675003        -1.13918770E-11
   119.790001        -1.11434993E-11
   119.904999        -1.08767049E-11
   120.019997        -1.05916881E-11
   120.135002        -1.02885599E-11
   120.250000        -9.96734986E-12
   120.364998        -9.62801106E-12
   120.480003        -9.27043598E-12
   120.595001        -8.89446069E-12
   120.709999        -8.49989436E-12
   120.824997        -8.08652798E-12
   120.940002        -7.65416636E-12
   121.055000        -7.20263692E-12
   121.169998        -6.73182126E-12
   121.285004        -6.24167471E-12
   121.400002        -5.73225105E-12
   121.514999        -5.20372330E-12
   121.629997        -4.65640157E-12
   121.745003        -4.09075681E-12
   121.860001        -3.50743024E-12
   121.974998        -2.90724476E-12
   122.089996        -2.29121366E-12
   122.205002        -1.66053423E-12
   122.320000        -1.01659078E-12
   122.434998        -3.60946082E-13
   122.550003         3.04673821E-13
   122.665001         9.78385775E-13
   122.779999         1.65816785E-12
   122.894997         2.34187929E-12
   123.010002         3.02728133E-12
   123.125000         3.71206104E-12
   123.239998         4.39385507E-12
   123.355003         5.07028013E-12
   123.470001         5.73895965E-12
   123.584999         6.39754482E-12
   123.699997         7.04374233E-12
   123.815002         7.67533346E-12
   123.930000         8.29019318E-12
   124.044998         8.88630575E-12
   124.160004         9.46177858E-12
   124.275002         1.00148570E-11
   124.389999         1.05439329E-11
   124.504997         1.10475535E-11
   124.620003         1.15244220E-11
   124.735001         1.19734101E-11
   124.849998         1.23935480E-11
   124.964996         1.27840238E-11
   125.080002         1.31441750E-11
   125.195000         1.34734767E-11
   125.309998         1.37715343E-11
   125.425003         1.40380841E-11
   125.540001         1.42729665E-11
   125.654999         1.44761295E-11
   125.769997         1.46476112E-11
   125.885002         1.47875306E-11
   126.000000         1.48960740E-11
   126.114998         1.49734825E-11
   126.230003         1.50200460E-11
   126.345001         1.50360800E-11
   126.459999         1.50219351E-11
   126.574997         1.49779789E-11
   126.690002         1.49045880E-11
   126.805000         1.48021508E-11
   126.919998         1.46710543E-11
   127.035004         1.45116983E-11
   127.150002         1.43244782E-11
   127.264999         1.41097949E-11
   127.379997         1.38680456E-11
   127.495003         1.35996353E-11
   127.610001         1.33049743E-11
   127.724998         1.29844859E-11
   127.839996         1.26386132E-11
   127.955002         1.22678213E-11
   128.070007         1.18726105E-11
   128.184998         1.14535222E-11
   128.300003         1.10111347E-11
   128.414993         1.05460814E-11
   128.529999         1.00590508E-11
   128.645004         9.55078724E-12
   128.759995         9.02210251E-12
   128.875000         8.47387698E-12
   128.990005         7.90706303E-12
   129.104996         7.32269193E-12
   129.220001         6.72186916E-12
   129.335007         6.10577994E-12
   129.449997         5.47568197E-12
   129.565002         4.83290144E-12
   129.679993         4.17883133E-12
   129.794998         3.51493530E-12
   129.910004         2.84272909E-12
   130.024994         2.16378109E-12
   130.139999         1.47971316E-12
   130.255005         7.92188743E-13
   130.369995         1.02903573E-13
   130.485001        -5.86415573E-13
   130.600006        -1.27402201E-12
   130.714996        -1.95815347E-12
   130.830002        -2.63704228E-12
   130.945007        -3.30891412E-12
   131.059998        -3.97200545E-12
   131.175003        -4.62454987E-12
   131.289993        -5.26478991E-12
   131.404999        -5.89097868E-12
   131.520004        -6.50138277E-12
   131.634995        -7.09427959E-12
   131.750000        -7.66796869E-12
   131.865005        -8.22075654E-12
   131.979996        -8.75096957E-12
   132.095001        -9.25694330E-12
   132.210007        -9.73702629E-12
   132.324997        -1.01895766E-11
   132.440002        -1.06129584E-11
   132.554993        -1.10055437E-11
   132.669998        -1.13657061E-11
   132.785004        -1.16918281E-11
   132.899994        -1.19823006E-11
   133.014999        -1.22355268E-11
   133.130005        -1.24499239E-11
   133.244995        -1.26239305E-11
   133.360001        -1.27560089E-11
   133.475006        -1.28446559E-11
   133.589996        -1.28884065E-11
   133.705002        -1.28858417E-11
   133.820007        -1.28356015E-11
   133.934998        -1.27364048E-11
   134.050003        -1.25870521E-11
   134.164993        -1.23864426E-11
   134.279999        -1.21335893E-11
   134.395004        -1.18276335E-11
   134.509995        -1.14678544E-11
   134.625000        -1.10536831E-11
   134.740005        -1.05847076E-11
   134.854996        -1.00606927E-11
   134.970001        -9.48158219E-12
   135.085007        -8.84750780E-12
   135.199997        -8.15880176E-12
   135.315002        -7.41599750E-12
   135.429993        -6.61983749E-12
   135.544998        -5.77127408E-12
   135.660004        -4.87146391E-12
   135.774994        -3.92176656E-12
   135.889999        -2.92375108E-12
   136.005005        -1.87917238E-12
   136.119995        -7.89975507E-13
   136.235001         3.41716184E-13
   136.350006         1.51360749E-12
   136.464996         2.72324784E-12
   136.580002         3.96803554E-12
   136.695007         5.24523437E-12
   136.809998         6.55198335E-12
   136.925003         7.88532260E-12
   137.039993         9.24219121E-12
   137.154999         1.06194671E-11
   137.270004         1.20139645E-11
   137.384995         1.34224593E-11
   137.500000         1.48417025E-11
   137.615005         1.62684380E-11
   137.729996         1.76994114E-11
   137.845001         1.91313927E-11
   137.960007         2.05611778E-11
   138.074997         2.19856199E-11
   138.190002         2.34016313E-11
   138.304993         2.48061866E-11
   138.419998         2.61963524E-11
   138.535004         2.75692733E-11
   138.649994         2.89221980E-11
   138.764999         3.02524603E-11
   138.880005         3.15574858E-11
   138.994995         3.28347939E-11
   139.110001         3.40819734E-11
   139.225006         3.52966996E-11
   139.339996         3.64767175E-11
   139.455002         3.76198135E-11
   139.570007         3.87238366E-11
   139.684998         3.97866635E-11
   139.800003         4.08061848E-11
   139.914993         4.17802945E-11
   140.029999         4.27068693E-11
   140.145004         4.35837547E-11
   140.259995         4.44087510E-11
   140.375000         4.51795996E-11
   140.490005         4.58939865E-11
   140.604996         4.65495212E-11
   140.720001         4.71437507E-11
   140.835007         4.76741355E-11
   140.949997         4.81380769E-11
   141.065002         4.85329103E-11
   141.179993         4.88559124E-11
   141.294998         4.91043005E-11
   141.410004         4.92752714E-11
   141.524994         4.93659974E-11
   141.639999         4.93736579E-11
   141.755005         4.92954601E-11
   141.869995         4.91286560E-11
   141.985001         4.88705743E-11
   142.100006         4.85186509E-11
   142.214996         4.80704331E-11
   142.330002         4.75236205E-11
   142.445007         4.68760586E-11
   142.559998         4.61257837E-11
   142.675003         4.52710300E-11
   142.789993         4.43102395E-11
   142.904999         4.32420939E-11
   143.020004         4.20655039E-11
   143.134995         4.07796297E-11
   143.250000         3.93838746E-11
   143.365005         3.78778918E-11
   143.479996         3.62615701E-11
   143.595001         3.45350519E-11
   143.710007         3.26986875E-11
   143.824997         3.07530598E-11
   143.940002         2.86989477E-11
   144.054993         2.65373157E-11
   144.169998         2.42693279E-11
   144.285004         2.18963042E-11
   144.399994         1.94197332E-11
   144.514999         1.68412506E-11
   144.630005         1.41626311E-11
   144.744995         1.13857656E-11
   144.860001         8.51266540E-12
   144.975006         5.54547424E-12
   145.089996         2.48645939E-12
   145.205002        -6.61991675E-13
   145.320007        -3.89734512E-12
   145.434998        -7.21691977E-12
   145.550003        -1.06178521E-11
   145.664993        -1.40970863E-11
   145.779999        -1.76513838E-11
   145.895004        -2.12772439E-11
   146.009995        -2.49709333E-11
   146.125000        -2.87284467E-11
   146.240005        -3.25454802E-11
   146.354996        -3.64173865E-11
   146.470001        -4.03392354E-11
   146.585007        -4.43057153E-11
   146.699997        -4.83111676E-11
   146.815002        -5.23495691E-11
   146.929993        -5.64145432E-11
   147.044998        -6.04993486E-11
   147.160004        -6.45969597E-11
   147.274994        -6.87000248E-11
   147.389999        -7.28009319E-11
   147.505005        -7.68918609E-11
   147.619995        -8.09647835E-11
   147.735001        -8.50115395E-11
   147.850006        -8.90238369E-11
   147.964996        -9.29933977E-11
   148.080002        -9.69119576E-11
   148.195007        -1.00771322E-10
   148.309998        -1.04563476E-10
   148.425003        -1.08280579E-10
   148.539993        -1.11914991E-10
   148.654999        -1.15459413E-10
   148.770004        -1.18906773E-10
   148.884995        -1.22250432E-10
   149.000000        -1.25484026E-10
   149.115005        -1.28601643E-10
   149.229996        -1.31597677E-10
   149.345001        -1.34466882E-10
   149.460007        -1.37204428E-10
   149.574997        -1.39805723E-10
   149.690002        -1.42266518E-10
   149.804993        -1.44582735E-10
   149.919998        -1.46750542E-10
   150.035004        -1.48766249E-10
   150.149994        -1.50626275E-10
   150.264999        -1.52327095E-10
   150.380005        -1.53865184E-10
   150.494995        -1.55236990E-10
   150.610001        -1.56438917E-10
   150.725006        -1.57467261E-10
   150.839996        -1.58318136E-10
   150.955002        -1.58987573E-10
   151.070007        -1.59471436E-10
   151.184998        -1.59765368E-10
   151.300003        -1.59864927E-10
   151.414993        -1.59765548E-10
   151.529999        -1.59462596E-10
   151.645004        -1.58951421E-10
   151.759995        -1.58227348E-10
   151.875000        -1.57285837E-10
   151.990005        -1.56122393E-10
   152.104996        -1.54732713E-10
   152.220001        -1.53112786E-10
   152.335007        -1.51258867E-10
   152.449997        -1.49167650E-10
   152.565002        -1.46836251E-10
   152.679993        -1.44262380E-10
   152.794998        -1.41444315E-10
   152.910004        -1.38380959E-10
   153.024994        -1.35071926E-10
   153.139999        -1.31517491E-10
   153.255005        -1.27718655E-10
   153.369995        -1.23677055E-10
   153.485001        -1.19395133E-10
   153.600006        -1.14876011E-10
   153.714996        -1.10123514E-10
   153.830002        -1.05142138E-10
   153.945007        -9.99369823E-11
   154.059998        -9.45137094E-11
   154.175003        -8.88785365E-11
   154.289993        -8.30380348E-11
   154.404999        -7.69991293E-11
   154.520004        -7.07690712E-11
   154.634995        -6.43552572E-11
   154.750000        -5.77653342E-11
   154.865005        -5.10070493E-11
   154.979996        -4.40882851E-11
   155.095001        -3.70169208E-11
   155.210007        -2.98008632E-11
   155.324997        -2.24479914E-11
   155.440002        -1.49661429E-11
   155.554993        -7.36310492E-12
   155.669998         3.53366262E-13
   155.785004         8.17552189E-12
   155.899994         1.60955329E-11
   156.014999         2.41053930E-11
   156.130005         3.21969812E-11
   156.244995         4.03619534E-11
   156.360001         4.85916411E-11
   156.475006         5.68770239E-11
   156.589996         6.52087481E-11
   156.705002         7.35769987E-11
   156.820007         8.19714366E-11
   156.934998         9.03812025E-11
   157.050003         9.87949444E-11
   157.164993         1.07200651E-10
   157.279999         1.15585680E-10
   157.395004         1.23936819E-10
   157.509995         1.32240219E-10
   157.625000         1.40481654E-10
   157.740005         1.48646401E-10
   157.854996         1.56719512E-10
   157.970001         1.64685612E-10
   158.085007         1.72529296E-10
   158.199997         1.80235077E-10
   158.315002         1.87787480E-10
   158.429993         1.95171213E-10
   158.544998         2.02371259E-10
   158.660004         2.09373047E-10
   158.774994         2.16162546E-10
   158.889999         2.22726490E-10
   159.005005         2.29052319E-10
   159.119995         2.35128417E-10
   159.235001         2.40944042E-10
   159.350006         2.46489495E-10
   159.464996         2.51756171E-10
   159.580002         2.56736438E-10
   159.695007         2.61423827E-10
   159.809998         2.65813010E-10
   159.925003         2.69899575E-10
   160.039993         2.73680106E-10
   160.154999         2.77152273E-10
   160.270004         2.80314522E-10
   160.384995         2.83166102E-10
   160.500000         2.85706847E-10
   160.615005         2.87937146E-10
   160.729996         2.89857721E-10
   160.845001         2.91469709E-10
   160.960007         2.92774277E-10
   161.074997         2.93772756E-10
   161.190002         2.94466257E-10
   161.304993         2.94855779E-10
   161.419998         2.94941987E-10
   161.535004         2.94725105E-10
   161.649994         2.94204966E-10
   161.764999         2.93380903E-10
   161.880005         2.92251695E-10
   161.994995         2.90815566E-10
   162.110001         2.89070295E-10
   162.225006         2.87013080E-10
   162.339996         2.84640811E-10
   162.455002         2.81949852E-10
   162.570007         2.78936402E-10
   162.684998         2.75596435E-10
   162.800003         2.71925815E-10
   162.914993         2.67920547E-10
   163.029999         2.63576855E-10
   163.145004         2.58891270E-10
   163.259995         2.53860988E-10
   163.375000         2.48483650E-10
   163.490005         2.42757703E-10
   163.604996         2.36682479E-10
   163.720001         2.30258201E-10
   163.835007         2.23486146E-10
   163.949997         2.16368673E-10
   164.065002         2.08909334E-10
   164.179993         2.01112973E-10
   164.294998         1.92985627E-10
   164.410004         1.84534540E-10
   164.524994         1.75768122E-10
   164.639999         1.66695796E-10
   164.755005         1.57328095E-10
   164.869995         1.47676524E-10
   164.985001         1.37753448E-10
