  -18.8999996        -0.00000000    
  -18.7849998        -0.00000000    
  -18.6700001        -0.00000000    
  -18.5550003        -0.00000000    
  -18.4400005        -0.00000000    
  -18.3250008        -0.00000000    
  -18.2099991        -0.00000000    
  -18.0949993        -0.00000000    
  -17.9799995        -0.00000000    
  -17.8649998        -0.00000000    
  -17.7500000        -0.00000000    
  -17.6350002        -0.00000000    
  -17.5200005        -0.00000000    
  -17.4050007        -0.00000000    
  -17.2900009        -0.00000000    
  -17.1749992        -0.00000000    
  -17.0599995        -0.00000000    
  -16.9449997        -0.00000000    
  -16.8299999        -0.00000000    
  -16.7150002        -0.00000000    
  -16.6000004        -0.00000000    
  -16.4850006        -0.00000000    
  -16.3700008        -0.00000000    
  -16.2549992        -0.00000000    
  -16.1399994        -0.00000000    
  -16.0249996        -0.00000000    
  -15.9099998        -0.00000000    
  -15.7950001        -0.00000000    
  -15.6800003        -0.00000000    
  -15.5649996        -0.00000000    
  -15.4499998        -0.00000000    
  -15.3350000        -0.00000000    
  -15.2200003        -0.00000000    
  -15.1049995        -0.00000000    
  -14.9899998        -0.00000000    
  -14.8750000        -0.00000000    
  -14.7600002        -0.00000000    
  -14.6450005        -0.00000000    
  -14.5299997        -0.00000000    
  -14.4150000        -0.00000000    
  -14.3000002        -0.00000000    
  -14.1850004        -0.00000000    
  -14.0699997        -0.00000000    
  -13.9549999        -0.00000000    
  -13.8400002        -0.00000000    
  -13.7250004        -0.00000000    
  -13.6099997        -0.00000000    
  -13.4949999        -0.00000000    
  -13.3800001        -0.00000000    
  -13.2650003        -0.00000000    
  -13.1499996        -0.00000000    
  -13.0349998        -0.00000000    
  -12.9200001        -0.00000000    
  -12.8050003        -0.00000000    
  -12.6899996        -0.00000000    
  -12.5749998        -0.00000000    
  -12.4600000        -0.00000000    
  -12.3450003        -0.00000000    
  -12.2299995        -0.00000000    
  -12.1149998        -0.00000000    
  -12.0000000        -0.00000000    
  -11.8850002        -0.00000000    
  -11.7700005        -0.00000000    
  -11.6549997        -0.00000000    
  -11.5400000        -0.00000000    
  -11.4250002        -0.00000000    
  -11.3100004        -0.00000000    
  -11.1949997        -0.00000000    
  -11.0799999        -0.00000000    
  -10.9650002        -0.00000000    
  -10.8500004        -0.00000000    
  -10.7349997        -0.00000000    
  -10.6199999        -0.00000000    
  -10.5050001        -0.00000000    
  -10.3900003        -0.00000000    
  -10.2749996        -0.00000000    
  -10.1599998        -0.00000000    
  -10.0450001        -0.00000000    
  -9.93000031        -0.00000000    
  -9.81499958        -0.00000000    
  -9.69999981        -0.00000000    
  -9.58500004        -0.00000000    
  -9.47000027        -0.00000000    
  -9.35499954        -0.00000000    
  -9.23999977        -0.00000000    
  -9.12500000        -0.00000000    
  -9.01000023        -0.00000000    
  -8.89500046        -0.00000000    
  -8.77999973        -0.00000000    
  -8.66499996        -0.00000000    
  -8.55000019        -0.00000000    
  -8.43500042         1.20135273E-32
  -8.31999969         1.66600722E-31
  -8.20499992         4.66454214E-31
  -8.09000015         9.26216386E-31
  -7.97499990         1.41599316E-30
  -7.86000013         1.73897631E-30
  -7.74499989         1.90329199E-30
  -7.63000011         1.45255404E-30
  -7.51499987         2.25336413E-31
  -7.40000010        -2.01670406E-30
  -7.28499985        -5.38276279E-30
  -7.17000008        -9.77642665E-30
  -7.05499983        -1.50798178E-29
  -6.94000006        -2.07426552E-29
  -6.82499981        -2.60149140E-29
  -6.71000004        -2.98567530E-29
  -6.59499979        -3.07632401E-29
  -6.48000002        -2.73576663E-29
  -6.36499977        -1.81002387E-29
  -6.25000000        -1.85535119E-30
  -6.13500023         2.21925359E-29
  -6.01999998         5.38918773E-29
  -5.90500021         9.19341816E-29
  -5.78999996         1.33679110E-28
  -5.67500019         1.74776000E-28
  -5.55999994         2.09366304E-28
  -5.44500017         2.30065910E-28
  -5.32999992         2.28546231E-28
  -5.21500015         1.96209241E-28
  -5.09999990         1.25230008E-28
  -4.98500013         9.86661208E-30
  -4.86999989        -1.52165402E-28
  -4.75500011        -3.58093547E-28
  -4.63999987        -5.98691212E-28
  -4.52500010        -8.57368737E-28
  -4.40999985        -1.10977861E-27
  -4.29500008        -1.32383648E-27
  -4.17999983        -1.46102625E-27
  -4.06500006        -1.47896397E-27
  -3.95000005        -1.33514785E-27
  -3.83500004        -9.91931151E-28
  -3.72000003        -4.22246996E-28
  -3.60500002         3.83849827E-28
  -3.49000001         1.41278151E-27
  -3.37500000         2.62185163E-27
  -3.25999999         3.93513209E-27
  -3.14499998         5.24214635E-27
  -3.02999997         6.40007860E-27
  -2.91499996         7.24023318E-27
  -2.79999995         7.57938174E-27
  -2.68499994         7.23631892E-27
  -2.56999993         6.05276178E-27
  -2.45499992         3.91767931E-27
  -2.33999991         7.93478900E-28
  -2.22499990        -3.25841424E-27
  -2.10999990        -8.05590765E-27
  -1.99500000        -1.32816135E-26
  -1.88000000        -1.84791684E-26
  -1.76499999        -2.30636659E-26
  -1.64999998        -2.63490512E-26
  -1.53499997        -2.75941141E-26
  -1.41999996        -2.60672461E-26
  -1.30499995        -2.11280108E-26
  -1.19000006        -1.23214873E-26
  -1.07500005         5.21044939E-28
 -0.959999979         1.71839620E-26
 -0.845000029         3.69821505E-26
 -0.730000019         5.87008533E-26
 -0.615000010         8.05727614E-26
 -0.500000000         1.00303442E-25
 -0.384999990         1.15154562E-25
 -0.270000011         1.22090116E-25
 -0.155000001         1.17986474E-25
  -3.99999991E-02     9.99006733E-26
   7.50000030E-02     6.53846314E-26
  0.189999998         1.28262774E-26
  0.305000007        -5.82087396E-26
  0.419999987        -1.46665155E-25
  0.535000026        -2.49750873E-25
  0.649999976        -3.62789340E-25
  0.764999986        -4.79203418E-25
  0.879999995        -5.90657828E-25
  0.995000005        -6.87374837E-25
   1.11000001        -7.58627466E-25
   1.22500002        -7.93396708E-25
   1.34000003        -7.81161524E-25
   1.45500004        -7.12775863E-25
   1.57000005        -5.81366920E-25
   1.68499994        -3.83181148E-25
   1.79999995        -1.18293588E-25
   1.91499996         2.08898996E-25
   2.02999997         5.89479467E-25
   2.14499998         1.01015956E-24
   2.25999999         1.45381158E-24
   2.37500000         1.90038347E-24
   2.49000001         2.32815691E-24
   2.60500002         2.71527659E-24
   2.72000003         3.04143153E-24
   2.83500004         3.28954209E-24
   2.95000005         3.44728587E-24
   3.06500006         3.50827270E-24
   3.18000007         3.47270849E-24
   3.29500008         3.34738689E-24
   3.41000009         3.14490621E-24
   3.52500010         2.88208912E-24
   3.64000010         2.57760340E-24
   3.75500011         2.24894147E-24
   3.86999989         1.90893926E-24
   3.98499990         1.56214615E-24
   4.09999990         1.20137954E-24
   4.21500015         8.04890559E-25
   4.32999992         3.34533427E-25
   4.44500017        -2.64662045E-25
   4.55999994        -1.06318452E-24
   4.67500019        -2.14379972E-24
   4.78999996        -3.59627290E-24
   4.90500021        -5.51017804E-24
   5.01999998        -7.96603181E-24
   5.13500023        -1.10252478E-23
   5.25000000        -1.47195339E-23
   5.36499977        -1.90405243E-23
   5.48000002        -2.39304837E-23
   5.59499979        -2.92750100E-23
   5.71000004        -3.48985785E-23
   5.82499981        -4.05636001E-23
   5.94000006        -4.59735956E-23
   6.05499983        -5.07806489E-23
   6.17000008        -5.45971453E-23
   6.28499985        -5.70113184E-23
   6.40000010        -5.76059302E-23
   6.51499987        -5.59789267E-23
   6.63000011        -5.17649611E-23
   6.74499989        -4.46560653E-23
   6.86000013        -3.44203489E-23
   6.97499990        -2.09171076E-23
   7.09000015        -4.10732105E-24
   7.20499992         1.59410298E-23
   7.32000017         3.90536509E-23
   7.43499994         6.49554948E-23
   7.55000019         9.32813505E-23
   7.66499996         1.23589487E-22
   7.78000021         1.55376909E-22
   7.89499998         1.88094101E-22
   8.01000023         2.21157420E-22
   8.12500000         2.53956792E-22
   8.23999977         2.85857949E-22
   8.35499954         3.16196958E-22
   8.47000027         3.44267936E-22
   8.58500004         3.69305043E-22
   8.69999981         3.90458784E-22
   8.81499958         4.06771822E-22
   8.93000031         4.17155427E-22
   9.04500008         4.20372844E-22
   9.15999985         4.15032622E-22
   9.27499962         3.99597454E-22
   9.39000034         3.72411262E-22
   9.50500011         3.31748701E-22
   9.61999989         2.75886696E-22
   9.73499966         2.03198957E-22
   9.85000038         1.12272098E-22
   9.96500015         2.03619515E-24
   10.0799999        -1.28095234E-22
   10.1949997        -2.78081623E-22
   10.3100004        -4.47124039E-22
   10.4250002        -6.33548557E-22
   10.5400000        -8.34719750E-22
   10.6549997        -1.04699265E-21
   10.7700005        -1.26571033E-21
   10.8850002        -1.48525106E-21
   11.0000000        -1.69913238E-21
   11.1149998        -1.90016433E-21
   11.2299995        -2.08065085E-21
   11.3450003        -2.23263641E-21
   11.4600000        -2.34817209E-21
   11.5749998        -2.41960487E-21
   11.6899996        -2.43986131E-21
   11.8050003        -2.40271754E-21
   11.9200001        -2.30303784E-21
   12.0349998        -2.13697244E-21
   12.1499996        -1.90209455E-21
   12.2650003        -1.59748408E-21
   12.3800001        -1.22374465E-21
   12.4949999        -7.82965224E-22
   12.6099997        -2.78629812E-22
   12.7250004         2.84517213E-22
   12.8400002         9.00628233E-22
   12.9549999         1.56292748E-21
   13.0699997         2.26387823E-21
   13.1850004         2.99533611E-21
   13.3000002         3.74867429E-21
   13.4150000         4.51488386E-21
   13.5299997         5.28463721E-21
   13.6450005         6.04832404E-21
   13.7600002         6.79608845E-21
   13.8750000         7.51782857E-21
   13.9899998         8.20327534E-21
   14.1049995         8.84205022E-21
   14.2200003         9.42380942E-21
   14.3350000         9.93846762E-21
   14.4499998         1.03764573E-20
   14.5649996         1.07291238E-20
   14.6800003         1.09891720E-20
   14.7950001         1.11511233E-20
   14.9099998         1.12118419E-20
   15.0249996         1.11710289E-20
   15.1400003         1.10316232E-20
   15.2550001         1.08001402E-20
   15.3699999         1.04867858E-20
   15.4849997         1.01054151E-20
   15.6000004         9.67319629E-21
   15.7150002         9.21007532E-21
   15.8299999         8.73789736E-21
   15.9449997         8.27931941E-21
   16.0599995         7.85648391E-21
   16.1749992         7.48952349E-21
   16.2900009         7.19496883E-21
   16.4050007         6.98414198E-21
   16.5200005         6.86163443E-21
   16.6350002         6.82396298E-21
   16.7500000         6.85850181E-21
   16.8649998         6.94275226E-21
   16.9799995         7.04405199E-21
   17.0949993         7.11971478E-21
   17.2099991         7.11766784E-21
   17.3250008         6.97750434E-21
   17.4400005         6.63196903E-21
   17.5550003         6.00877568E-21
   17.6700001         5.03262501E-21
   17.7849998         3.62737439E-21
   17.8999996         1.71823831E-21
   18.0149994        -7.66243897E-22
   18.1299992        -3.89232099E-21
   18.2450008        -7.71956613E-21
   18.3600006        -1.22997557E-20
   18.4750004        -1.76762552E-20
   18.5900002        -2.38836543E-20
   18.7049999        -3.09480547E-20
   18.8199997        -3.88874860E-20
   18.9349995        -4.77127503E-20
   19.0499992        -5.74284422E-20
   19.1650009        -6.80339381E-20
   19.2800007        -7.95244914E-20
   19.3950005        -9.18922439E-20
   19.5100002        -1.05127004E-19
   19.6250000        -1.19216953E-19
   19.7399998        -1.34148972E-19
   19.8549995        -1.49909012E-19
   19.9699993        -1.66482209E-19
   20.0849991        -1.83852859E-19
   20.2000008        -2.02004550E-19
   20.3150005        -2.20920374E-19
   20.4300003        -2.40582948E-19
   20.5450001        -2.60974863E-19
   20.6599998        -2.82079368E-19
   20.7749996        -3.03880980E-19
   20.8899994        -3.26365817E-19
   21.0049992        -3.49522738E-19
   21.1200008        -3.73343368E-19
   21.2350006        -3.97821969E-19
   21.3500004        -4.22955464E-19
   21.4650002        -4.48741450E-19
   21.5799999        -4.75176746E-19
   21.6949997        -5.02254349E-19
   21.8099995        -5.29959729E-19
   21.9249992        -5.58266367E-19
   22.0400009        -5.87130627E-19
   22.1550007        -6.16487061E-19
   22.2700005        -6.46242712E-19
   22.3850002        -6.76272367E-19
   22.5000000        -7.06414208E-19
   22.6149998        -7.36467902E-19
   22.7299995        -7.66191862E-19
   22.8449993        -7.95306190E-19
   22.9599991        -8.23492524E-19
   23.0750008        -8.50401485E-19
   23.1900005        -8.75657532E-19
   23.3050003        -8.98870081E-19
   23.4200001        -9.19642034E-19
   23.5349998        -9.37581100E-19
   23.6499996        -9.52313911E-19
   23.7649994        -9.63495428E-19
   23.8799992        -9.70821767E-19
   23.9950008        -9.74038362E-19
   24.1100006        -9.72947621E-19
   24.2250004        -9.67415230E-19
   24.3400002        -9.57369742E-19
   24.4549999        -9.42804125E-19
   24.5699997        -9.23770286E-19
   24.6849995        -9.00373689E-19
   24.7999992        -8.72761159E-19
   24.9150009        -8.41113436E-19
   25.0300007        -8.05630283E-19
   25.1450005        -7.66520356E-19
   25.2600002        -7.23985488E-19
   25.3750000        -6.78211381E-19
   25.4899998        -6.29354372E-19
   25.6049995        -5.77534609E-19
   25.7199993        -5.22829639E-19
   25.8349991        -4.65267588E-19
   25.9500008        -4.04825087E-19
   26.0650005        -3.41428310E-19
   26.1800003        -2.74950700E-19
   26.2950001        -2.05216893E-19
   26.4099998        -1.32007479E-19
   26.5249996        -5.50596231E-20
   26.6399994         2.59275627E-20
   26.7549992         1.11288259E-19
   26.8700008         2.01385806E-19
   26.9850006         2.96606702E-19
   27.1000004         3.97358334E-19
   27.2150002         5.04058843E-19
   27.3299999         6.17133192E-19
   27.4449997         7.37004898E-19
   27.5599995         8.64084242E-19
   27.6749992         9.98760205E-19
   27.7900009         1.14138827E-18
   27.9050007         1.29227842E-18
   28.0200005         1.45168150E-18
   28.1350002         1.61978156E-18
   28.2500000         1.79668882E-18
   28.3649998         1.98243202E-18
   28.4799995         2.17695822E-18
   28.5949993         2.38014170E-18
   28.7099991         2.59179426E-18
   28.8250008         2.81168327E-18
   28.9400005         3.03956367E-18
   29.0550003         3.27520488E-18
   29.1700001         3.51843259E-18
   29.2849998         3.76917254E-18
   29.3999996         4.02749112E-18
   29.5149994         4.29364392E-18
   29.6299992         4.56811486E-18
   29.7450008         4.85165707E-18
   29.8600006         5.14531074E-18
   29.9750004         5.45043368E-18
   30.0900002         5.76869183E-18
   30.2049999         6.10206506E-18
   30.3199997         6.45281032E-18
   30.4349995         6.82343603E-18
   30.5499992         7.21664544E-18
   30.6650009         7.63528485E-18
   30.7800007         8.08226761E-18
   30.8950005         8.56050870E-18
   31.0100002         9.07284949E-18
   31.1250000         9.62198657E-18
   31.2399998         1.02104065E-17
   31.3549995         1.08403277E-17
   31.4699993         1.15136659E-17
   31.5849991         1.22319862E-17
   31.7000008         1.29965013E-17
   31.8150005         1.38080598E-17
   31.9300003         1.46671580E-17
   32.0449982         1.55739564E-17
   32.1599998         1.65283177E-17
   32.2750015         1.75298332E-17
   32.3899994         1.85778711E-17
   32.5050011         1.96716007E-17
   32.6199989         2.08100461E-17
   32.7350006         2.19920987E-17
   32.8499985         2.32165527E-17
   32.9650002         2.44821093E-17
   33.0800018         2.57873887E-17
   33.1949997         2.71309252E-17
   33.3100014         2.85111422E-17
   33.4249992         2.99263556E-17
   33.5400009         3.13747290E-17
   33.6549988         3.28542673E-17
   33.7700005         3.43627436E-17
   33.8849983         3.58977195E-17
   34.0000000         3.74564785E-17
   34.1150017         3.90359832E-17
   34.2299995         4.06328653E-17
   34.3450012         4.22433860E-17
   34.4599991         4.38633762E-17
   34.5750008         4.54882302E-17
   34.6899986         4.71128526E-17
   34.8050003         4.87315723E-17
   34.9199982         5.03381688E-17
   35.0349998         5.19257468E-17
   35.1500015         5.34867028E-17
   35.2649994         5.50127253E-17
   35.3800011         5.64946756E-17
   35.4949989         5.79225614E-17
   35.6100006         5.92855433E-17
   35.7249985         6.05718621E-17
   35.8400002         6.17689049E-17
   35.9550018         6.28631391E-17
   36.0699997         6.38402777E-17
   36.1850014         6.46852063E-17
   36.2999992         6.53822482E-17
   36.4150009         6.59151510E-17
   36.5299988         6.62672719E-17
   36.6450005         6.64217562E-17
   36.7599983         6.63616764E-17
   36.8750000         6.60701779E-17
   36.9900017         6.55307569E-17
   37.1049995         6.47272734E-17
   37.2200012         6.36442226E-17
   37.3349991         6.22667750E-17
   37.4500008         6.05808221E-17
   37.5649986         5.85731687E-17
   37.6800003         5.62314138E-17
   37.7949982         5.35441290E-17
   37.9099998         5.05005940E-17
   38.0250015         4.70909357E-17
   38.1399994         4.33059359E-17
   38.2550011         3.91370250E-17
   38.3699989         3.45760173E-17
   38.4850006         2.96152629E-17
   38.5999985         2.42472975E-17
   38.7150002         1.84648947E-17
   38.8300018         1.22609343E-17
   38.9449997         5.62833541E-18
   39.0600014        -1.43991631E-18
   39.1749992        -8.95091479E-18
   39.2900009        -1.69117275E-17
   39.4049988        -2.53294813E-17
   39.5200005        -3.42111843E-17
   39.6349983        -4.35638375E-17
   39.7500000        -5.33942703E-17
   39.8650017        -6.37089876E-17
   39.9799995        -7.45142494E-17
   40.0950012        -8.58156740E-17
   40.2099991        -9.76182774E-17
   40.3250008        -1.09926176E-16
   40.4399986        -1.22742327E-16
   40.5550003        -1.36068405E-16
   40.6699982        -1.49904331E-16
   40.7849998        -1.64248093E-16
   40.9000015        -1.79095482E-16
   41.0149994        -1.94439523E-16
   41.1300011        -2.10270265E-16
   41.2449989        -2.26574617E-16
   41.3600006        -2.43335784E-16
   41.4749985        -2.60533253E-16
   41.5900002        -2.78142432E-16
   41.7050018        -2.96134842E-16
   41.8199997        -3.14477658E-16
   41.9350014        -3.33134352E-16
   42.0499992        -3.52064453E-16
   42.1650009        -3.71224153E-16
   42.2799988        -3.90566654E-16
   42.3950005        -4.10042429E-16
   42.5099983        -4.29600261E-16
   42.6250000        -4.49187501E-16
   42.7400017        -4.68750733E-16
   42.8549995        -4.88236567E-16
   42.9700012        -5.07591852E-16
   43.0849991        -5.26764919E-16
   43.2000008        -5.45705106E-16
   43.3149986        -5.64363494E-16
   43.4300003        -5.82693181E-16
   43.5449982        -6.00648851E-16
   43.6599998        -6.18186985E-16
   43.7750015        -6.35265287E-16
   43.8899994        -6.51842410E-16
   44.0050011        -6.67877485E-16
   44.1199989        -6.83329431E-16
   44.2350006        -6.98156266E-16
   44.3499985        -7.12314580E-16
   44.4650002        -7.25759005E-16
   44.5800018        -7.38441629E-16
   44.6949997        -7.50311578E-16
   44.8100014        -7.61314695E-16
   44.9249992        -7.71393752E-16
   45.0400009        -7.80488027E-16
   45.1549988        -7.88533676E-16
   45.2700005        -7.95464417E-16
   45.3849983        -8.01211641E-16
   45.5000000        -8.05705045E-16
   45.6150017        -8.08874219E-16
   45.7299995        -8.10648012E-16
   45.8450012        -8.10956543E-16
   45.9599991        -8.09732210E-16
   46.0750008        -8.06910108E-16
   46.1899986        -8.02428880E-16
   46.3050003        -7.96232570E-16
   46.4199982        -7.88270725E-16
   46.5349998        -7.78498982E-16
   46.6500015        -7.66881078E-16
   46.7649994        -7.53388055E-16
   46.8800011        -7.38000113E-16
   46.9949989        -7.20706242E-16
   47.1100006        -7.01504958E-16
   47.2249985        -6.80404361E-16
   47.3400002        -6.57422134E-16
   47.4550018        -6.32585328E-16
   47.5699997        -6.05930313E-16
   47.6850014        -5.77501981E-16
   47.7999992        -5.47353379E-16
   47.9150009        -5.15544115E-16
   48.0299988        -4.82139200E-16
   48.1450005        -4.47208779E-16
   48.2599983        -4.10824955E-16
   48.3750000        -3.73061580E-16
   48.4900017        -3.33992291E-16
   48.6049995        -2.93688240E-16
   48.7200012        -2.52217666E-16
   48.8349991        -2.09643460E-16
   48.9500008        -1.66022693E-16
   49.0649986        -1.21405762E-16
   49.1800003        -7.58355480E-17
   49.2949982        -2.93479446E-17
   49.4099998         1.80282492E-17
   49.5250015         6.62704814E-17
   49.6399994         1.15361176E-16
   49.7550011         1.65286198E-16
   49.8699989         2.16033133E-16
   49.9850006         2.67588772E-16
   50.0999985         3.19937817E-16
   50.2150002         3.73059621E-16
   50.3300018         4.26926734E-16
   50.4449997         4.81502920E-16
   50.5600014         5.36741326E-16
   50.6749992         5.92583615E-16
   50.7900009         6.48958634E-16
   50.9049988         7.05782898E-16
   51.0200005         7.62960374E-16
   51.1349983         8.20383544E-16
   51.2500000         8.77935091E-16
   51.3650017         9.35489657E-16
   51.4799995         9.92915949E-16
   51.5950012         1.05007945E-15
   51.7099991         1.10684612E-15
   51.8250008         1.16308487E-15
   51.9399986         1.21867014E-15
   52.0550003         1.27348651E-15
   52.1699982         1.32743001E-15
   52.2849998         1.38041235E-15
   52.4000015         1.43236172E-15
   52.5149994         1.48322552E-15
   52.6300011         1.53297230E-15
   52.7449989         1.58159114E-15
   52.8600006         1.62909391E-15
   52.9749985         1.67551376E-15
   53.0900002         1.72090498E-15
   53.2050018         1.76534192E-15
   53.3199997         1.80891721E-15
   53.4350014         1.85173896E-15
   53.5499992         1.89392988E-15
   53.6650009         1.93562148E-15
   53.7799988         1.97695372E-15
   53.8950005         2.01806997E-15
   54.0099983         2.05911232E-15
   54.1250000         2.10022073E-15
   54.2400017         2.14152714E-15
   54.3549995         2.18315225E-15
   54.4700012         2.22520362E-15
   54.5849991         2.26777232E-15
   54.7000008         2.31092971E-15
   54.8149986         2.35472851E-15
   54.9300003         2.39920007E-15
   55.0449982         2.44435540E-15
   55.1599998         2.49018623E-15
   55.2750015         2.53666674E-15
   55.3899994         2.58375669E-15
   55.5050011         2.63140611E-15
   55.6199989         2.67955675E-15
   55.7350006         2.72815082E-15
   55.8499985         2.77713389E-15
   55.9650002         2.82646170E-15
   56.0800018         2.87610524E-15
   56.1949997         2.92605583E-15
   56.3100014         2.97633020E-15
   56.4249992         3.02697515E-15
   56.5400009         3.07806945E-15
   56.6549988         3.12972575E-15
   56.7700005         3.18209272E-15
   56.8849983         3.23535246E-15
   57.0000000         3.28972011E-15
   57.1150017         3.34543709E-15
   57.2299995         3.40277085E-15
   57.3450012         3.46200323E-15
   57.4599991         3.52342709E-15
   57.5750008         3.58733700E-15
   57.6899986         3.65401840E-15
   57.8050003         3.72374149E-15
   57.9199982         3.79675022E-15
   58.0349998         3.87325255E-15
   58.1500015         3.95341363E-15
   58.2649994         4.03734654E-15
   58.3800011         4.12510720E-15
   58.4949989         4.21668756E-15
   58.6100006         4.31201180E-15
   58.7249985         4.41093593E-15
   58.8400002         4.51324396E-15
   58.9550018         4.61865086E-15
   59.0699997         4.72680426E-15
   59.1850014         4.83728912E-15
   59.2999992         4.94963322E-15
   59.4150009         5.06331351E-15
   59.5299988         5.17776418E-15
   59.6450005         5.29238679E-15
   59.7599983         5.40655667E-15
   59.8750000         5.51963557E-15
   59.9900017         5.63097805E-15
   60.1049995         5.73994503E-15
   60.2200012         5.84590631E-15
   60.3349991         5.94825414E-15
   60.4500008         6.04640493E-15
   60.5649986         6.13980641E-15
   60.6800003         6.22794061E-15
   60.7949982         6.31032219E-15
   60.9099998         6.38650264E-15
   61.0250015         6.45606141E-15
   61.1399994         6.51860759E-15
   61.2550011         6.57376680E-15
   61.3699989         6.62117777E-15
   61.4850006         6.66048053E-15
   61.5999985         6.69130660E-15
   61.7150002         6.71326889E-15
   61.8300018         6.72594474E-15
   61.9449997         6.72887124E-15
   62.0600014         6.72153043E-15
   62.1749992         6.70333997E-15
   62.2900009         6.67364723E-15
   62.4049988         6.63172164E-15
   62.5200005         6.57675344E-15
   62.6349983         6.50784731E-15
   62.7500000         6.42403001E-15
   62.8650017         6.32425630E-15
   62.9799995         6.20740896E-15
   63.0950012         6.07231525E-15
   63.2099991         5.91775799E-15
   63.3250008         5.74249671E-15
   63.4399986         5.54527737E-15
   63.5550003         5.32484721E-15
   63.6699982         5.07999413E-15
   63.7849998         4.80954201E-15
   63.9000015         4.51238973E-15
   64.0149994         4.18752040E-15
   64.1299973         3.83402094E-15
   64.2450027         3.45110361E-15
   64.3600006         3.03811321E-15
   64.4749985         2.59454408E-15
   64.5899963         2.12004723E-15
   64.7050018         1.61442786E-15
   64.8199997         1.07766562E-15
   64.9349976         5.09896894E-16
   65.0500031        -8.85801645E-17
   65.1650009        -7.17315781E-16
   65.2799988        -1.37571873E-15
   65.3949966        -2.06306479E-15
   65.5100021        -2.77851709E-15
   65.6250000        -3.52114476E-15
   65.7399979        -4.28993304E-15
   65.8550034        -5.08380366E-15
   65.9700012        -5.90164023E-15
   66.0849991        -6.74230349E-15
   66.1999969        -7.60464486E-15
   66.3150024        -8.48752932E-15
   66.4300003        -9.38984642E-15
   66.5449982        -1.03105204E-14
   66.6600037        -1.12485179E-14
   66.7750015        -1.22028589E-14
   66.8899994        -1.31726109E-14
   67.0049973        -1.41568835E-14
   67.1200027        -1.51548374E-14
   67.2350006        -1.61656577E-14
   67.3499985        -1.71885347E-14
   67.4649963        -1.82226789E-14
   67.5800018        -1.92672569E-14
   67.6949997        -2.03214063E-14
   67.8099976        -2.13841870E-14
   67.9250031        -2.24545758E-14
   68.0400009        -2.35314189E-14
   68.1549988        -2.46134391E-14
   68.2699966        -2.56991880E-14
   68.3850021        -2.67870443E-14
   68.5000000        -2.78751902E-14
   68.6149979        -2.89616082E-14
   68.7300034        -3.00440689E-14
   68.8450012        -3.11201463E-14
   68.9599991        -3.21872046E-14
   69.0749969        -3.32424145E-14
   69.1900024        -3.42827776E-14
   69.3050003        -3.53051532E-14
   69.4199982        -3.63062580E-14
   69.5350037        -3.72827210E-14
   69.6500015        -3.82311133E-14
   69.7649994        -3.91479587E-14
   69.8799973        -4.00298182E-14
   69.9950027        -4.08732564E-14
   70.1100006        -4.16749527E-14
   70.2249985        -4.24316649E-14
   70.3399963        -4.31402926E-14
   70.4550018        -4.37978985E-14
   70.5699997        -4.44017381E-14
   70.6849976        -4.49492433E-14
   70.8000031        -4.54380592E-14
   70.9150009        -4.58660345E-14
   71.0299988        -4.62312412E-14
   71.1449966        -4.65319311E-14
   71.2600021        -4.67665491E-14
   71.3750000        -4.69337229E-14
   71.4899979        -4.70322159E-14
   71.6050034        -4.70609202E-14
   71.7200012        -4.70188463E-14
   71.8349991        -4.69050627E-14
   71.9499969        -4.67186816E-14
   72.0650024        -4.64588525E-14
   72.1800003        -4.61247048E-14
   72.2949982        -4.57153304E-14
   72.4100037        -4.52297908E-14
   72.5250015        -4.46670763E-14
   72.6399994        -4.40260892E-14
   72.7549973        -4.33056436E-14
   72.8700027        -4.25044860E-14
   72.9850006        -4.16212813E-14
   73.0999985        -4.06546033E-14
   73.2149963        -3.96030051E-14
   73.3300018        -3.84650062E-14
   73.4449997        -3.72391259E-14
   73.5599976        -3.59239345E-14
   73.6750031        -3.45180698E-14
   73.7900009        -3.30203157E-14
   73.9049988        -3.14296285E-14
   74.0199966        -2.97451815E-14
   74.1350021        -2.79664496E-14
   74.2500000        -2.60932226E-14
   74.3649979        -2.41256871E-14
   74.4800034        -2.20644290E-14
   74.5950012        -1.99105055E-14
   74.7099991        -1.76654616E-14
   74.8249969        -1.53313641E-14
   74.9400024        -1.29108082E-14
   75.0550003        -1.04069145E-14
   75.1699982        -7.82335215E-15
   75.2850037        -5.16427179E-15
   75.4000015        -2.43431170E-15
   75.5149994         3.61479781E-16
   75.6299973         3.21761389E-15
   75.7450027         6.12833758E-15
   75.8600006         9.08761320E-15
   75.9749985         1.20892371E-14
   76.0899963         1.51269039E-14
   76.2050018         1.81943084E-14
   76.3199997         2.12852129E-14
   76.4349976         2.43935155E-14
   76.5500031         2.75133852E-14
   76.6650009         3.06392857E-14
   76.7799988         3.37660638E-14
   76.8949966         3.68890133E-14
   77.0100021         4.00039261E-14
   77.1250000         4.31071398E-14
   77.2399979         4.61955574E-14
   77.3550034         4.92666583E-14
   77.4700012         5.23185621E-14
   77.5849991         5.53499541E-14
   77.6999969         5.83601228E-14
   77.8150024         6.13489362E-14
   77.9300003         6.43167567E-14
   78.0449982         6.72644517E-14
   78.1600037         7.01933086E-14
   78.2750015         7.31049742E-14
   78.3899994         7.60014136E-14
   78.5049973         7.88847950E-14
   78.6200027         8.17574090E-14
   78.7350006         8.46215933E-14
   78.8499985         8.74796180E-14
   78.9649963         9.03335973E-14
   79.0800018         9.31854013E-14
   79.1949997         9.60365549E-14
   79.3099976         9.88881015E-14
   79.4250031         1.01740556E-13
   79.5400009         1.04593783E-13
   79.6549988         1.07446997E-13
   79.7699966         1.10298543E-13
   79.8850021         1.13146024E-13
   80.0000000         1.15986092E-13
   80.1149979         1.18814572E-13
   80.2300034         1.21626369E-13
   80.3450012         1.24415452E-13
   80.4599991         1.27174936E-13
   80.5749969         1.29897151E-13
   80.6900024         1.32573612E-13
   80.8050003         1.35195173E-13
   80.9199982         1.37752114E-13
   81.0350037         1.40234206E-13
   81.1500015         1.42630862E-13
   81.2649994         1.44931240E-13
   81.3799973         1.47124378E-13
   81.4950027         1.49199297E-13
   81.6100006         1.51145210E-13
   81.7249985         1.52951558E-13
   81.8399963         1.54608219E-13
   81.9550018         1.56105462E-13
   82.0699997         1.57434287E-13
   82.1849976         1.58586333E-13
   82.3000031         1.59554011E-13
   82.4150009         1.60330543E-13
   82.5299988         1.60910144E-13
   82.6449966         1.61287907E-13
   82.7600021         1.61459794E-13
   82.8750000         1.61422891E-13
   82.9899979         1.61174988E-13
   83.1050034         1.60714974E-13
   83.2200012         1.60042484E-13
   83.3349991         1.59158060E-13
   83.4499969         1.58062826E-13
   83.5650024         1.56758721E-13
   83.6800003         1.55248061E-13
   83.7949982         1.53533599E-13
   83.9100037         1.51618410E-13
   84.0250015         1.49505869E-13
   84.1399994         1.47199147E-13
   84.2549973         1.44701525E-13
   84.3700027         1.42016010E-13
   84.4850006         1.39145070E-13
   84.5999985         1.36091090E-13
   84.7149963         1.32855491E-13
   84.8300018         1.29439265E-13
   84.9449997         1.25842547E-13
   85.0599976         1.22064685E-13
   85.1750031         1.18104189E-13
   85.2900009         1.13958729E-13
   85.4049988         1.09625145E-13
   85.5199966         1.05099292E-13
   85.6350021         1.00376508E-13
   85.7500000         9.54512619E-14
   85.8649979         9.03174291E-14
   85.9800034         8.49684364E-14
   86.0950012         7.93973584E-14
   86.2099991         7.35969445E-14
   86.3249969         6.75599442E-14
   86.4400024         6.12790797E-14
   86.5550003         5.47472224E-14
   86.6699982         4.79576231E-14
   86.7850037         4.09038580E-14
   86.9000015         3.35802078E-14
   87.0149994         2.59814956E-14
   87.1299973         1.81032760E-14
   87.2450027         9.94202550E-15
   87.3600006         1.49495217E-15
   87.4749985        -7.23978711E-15
   87.5899963        -1.62631681E-14
   87.7050018        -2.55752993E-14
   87.8199997        -3.51754487E-14
   87.9349976        -4.50620715E-14
   88.0500031        -5.52328094E-14
   88.1650009        -6.56845726E-14
   88.2799988        -7.64138102E-14
   88.3949966        -8.74162125E-14
   88.5100021        -9.86869820E-14
   88.6250000        -1.10220969E-13
   88.7399979        -1.22012318E-13
   88.8550034        -1.34055093E-13
   88.9700012        -1.46342736E-13
   89.0849991        -1.58868307E-13
   89.1999969        -1.71624244E-13
   89.3150024        -1.84602523E-13
   89.4300003        -1.97794228E-13
   89.5449982        -2.11189790E-13
   89.6600037        -2.24778272E-13
   89.7750015        -2.38547788E-13
   89.8899994        -2.52484936E-13
   90.0049973        -2.66574496E-13
   90.1200027        -2.80799472E-13
   90.2350006        -2.95140811E-13
   90.3499985        -3.09577071E-13
   90.4649963        -3.24084292E-13
   90.5800018        -3.38636020E-13
   90.6949997        -3.53203035E-13
   90.8099976        -3.67753191E-13
   90.9250031        -3.82251902E-13
   91.0400009        -3.96661870E-13
   91.1549988        -4.10943171E-13
   91.2699966        -4.25053764E-13
   91.3850021        -4.38949522E-13
   91.5000000        -4.52584720E-13
   91.6149979        -4.65912411E-13
   91.7300034        -4.78884944E-13
   91.8450012        -4.91454425E-13
   91.9599991        -5.03573095E-13
   92.0749969        -5.15194116E-13
   92.1900024        -5.26272006E-13
   92.3050003        -5.36763234E-13
   92.4199982        -5.46626763E-13
   92.5350037        -5.55824592E-13
   92.6500015        -5.64322135E-13
   92.7649994        -5.72088926E-13
   92.8799973        -5.79098293E-13
   92.9950027        -5.85328661E-13
   93.1100006        -5.90762519E-13
   93.2249985        -5.95387671E-13
   93.3399963        -5.99196636E-13
   93.4550018        -6.02186378E-13
   93.5699997        -6.04358685E-13
   93.6849976        -6.05719684E-13
   93.8000031        -6.06278808E-13
   93.9150009        -6.06049174E-13
   94.0299988        -6.05046178E-13
   94.1449966        -6.03287711E-13
   94.2600021        -6.00792636E-13
   94.3750000        -5.97580037E-13
   94.4899979        -5.93669103E-13
   94.6050034        -5.89077615E-13
   94.7200012        -5.83821132E-13
   94.8349991        -5.77912880E-13
   94.9499969        -5.71362727E-13
   95.0650024        -5.64176093E-13
   95.1800003        -5.56353629E-13
   95.2949982        -5.47891539E-13
   95.4100037        -5.38780338E-13
   95.5250015        -5.29005008E-13
   95.6399994        -5.18545114E-13
   95.7549973        -5.07374958E-13
   95.8700027        -4.95463750E-13
   95.9850006        -4.82776254E-13
   96.0999985        -4.69273275E-13
   96.2149963        -4.54912150E-13
   96.3300018        -4.39648155E-13
   96.4449997        -4.23434454E-13
   96.5599976        -4.06224696E-13
   96.6750031        -3.87971881E-13
   96.7900009        -3.68631015E-13
   96.9049988        -3.48159869E-13
   97.0199966        -3.26519085E-13
   97.1350021        -3.03674186E-13
   97.2500000        -2.79595574E-13
   97.3649979        -2.54259179E-13
   97.4800034        -2.27647979E-13
   97.5950012        -1.99751348E-13
   97.7099991        -1.70565602E-13
   97.8249969        -1.40094967E-13
   97.9400024        -1.08350069E-13
   98.0550003        -7.53490152E-14
   98.1699982        -4.11169579E-14
   98.2850037        -5.68479725E-15
   98.4000015         3.09102787E-14
   98.5149994         6.86265281E-14
   98.6299973         1.07417330E-13
   98.7450027         1.47231945E-13
   98.8600006         1.88016594E-13
   98.9749985         2.29715877E-13
   99.0899963         2.72272222E-13
   99.2050018         3.15627082E-13
   99.3199997         3.59721476E-13
   99.4349976         4.04496749E-13
   99.5500031         4.49894787E-13
   99.6650009         4.95857153E-13
   99.7799988         5.42328118E-13
   99.8949966         5.89250979E-13
   100.010002         6.36570657E-13
   100.125000         6.84231860E-13
   100.239998         7.32179616E-13
   100.355003         7.80358850E-13
   100.470001         8.28713183E-13
   100.584999         8.77184610E-13
   100.699997         9.25712198E-13
   100.815002         9.74233172E-13
   100.930000         1.02268064E-12
   101.044998         1.07098315E-12
   101.160004         1.11906513E-12
   101.275002         1.16684581E-12
   101.389999         1.21423813E-12
   101.504997         1.26115069E-12
   101.620003         1.30748548E-12
   101.735001         1.35314004E-12
   101.849998         1.39800628E-12
   101.964996         1.44197154E-12
   102.080002         1.48491993E-12
   102.195000         1.52673273E-12
   102.309998         1.56728927E-12
   102.425003         1.60646756E-12
   102.540001         1.64414706E-12
   102.654999         1.68020936E-12
   102.769997         1.71453856E-12
   102.885002         1.74702332E-12
   103.000000         1.77755976E-12
   103.114998         1.80604923E-12
   103.230003         1.83240250E-12
   103.345001         1.85653944E-12
   103.459999         1.87838937E-12
   103.574997         1.89789200E-12
   103.690002         1.91499789E-12
   103.805000         1.92966801E-12
   103.919998         1.94187418E-12
   104.035004         1.95159665E-12
   104.150002         1.95882503E-12
   104.264999         1.96355670E-12
   104.379997         1.96579471E-12
   104.495003         1.96554752E-12
   104.610001         1.96282617E-12
   104.724998         1.95764260E-12
   104.839996         1.95000765E-12
   104.955002         1.93993107E-12
   105.070000         1.92741482E-12
   105.184998         1.91245761E-12
   105.300003         1.89504857E-12
   105.415001         1.87516821E-12
   105.529999         1.85278615E-12
   105.644997         1.82786078E-12
   105.760002         1.80033917E-12
   105.875000         1.77015531E-12
   105.989998         1.73723330E-12
   106.105003         1.70148596E-12
   106.220001         1.66281539E-12
   106.334999         1.62111557E-12
   106.449997         1.57627340E-12
   106.565002         1.52817169E-12
   106.680000         1.47668835E-12
   106.794998         1.42170303E-12
   106.910004         1.36309670E-12
   107.025002         1.30075616E-12
   107.139999         1.23457407E-12
   107.254997         1.16445438E-12
   107.370003         1.09031490E-12
   107.485001         1.01208603E-12
   107.599998         9.29717241E-13
   107.714996         8.43176657E-13
   107.830002         7.52454089E-13
   107.945000         6.57562980E-13
   108.059998         5.58538025E-13
   108.175003         4.55438638E-13
   108.290001         3.48348086E-13
   108.404999         2.37372622E-13
   108.519997         1.22645817E-13
   108.635002         4.31902777E-15
   108.750000        -1.17432973E-13
   108.864998        -2.42416330E-13
   108.980003        -3.70420708E-13
   109.095001        -5.01217991E-13
   109.209999        -6.34570087E-13
   109.324997        -7.70225897E-13
   109.440002        -9.07926078E-13
   109.555000        -1.04740652E-12
   109.669998        -1.18839704E-12
   109.785004        -1.33062745E-12
   109.900002        -1.47382800E-12
   110.014999        -1.61773112E-12
   110.129997        -1.76207096E-12
   110.245003        -1.90658990E-12
   110.360001        -2.05103035E-12
   110.474998        -2.19514597E-12
   110.589996        -2.33869304E-12
   110.705002        -2.48143780E-12
   110.820000        -2.62314736E-12
   110.934998        -2.76359838E-12
   111.050003        -2.90257228E-12
   111.165001        -3.03985092E-12
   111.279999        -3.17522137E-12
   111.394997        -3.30847112E-12
   111.510002        -3.43938810E-12
   111.625000        -3.56776631E-12
   111.739998        -3.69339151E-12
   111.855003        -3.81604730E-12
   111.970001        -3.93552378E-12
   112.084999        -4.05160107E-12
   112.199997        -4.16405972E-12
   112.315002        -4.27267726E-12
   112.430000        -4.37723078E-12
   112.544998        -4.47749563E-12
   112.660004        -4.57324586E-12
   112.775002        -4.66425900E-12
   112.889999        -4.75031472E-12
   113.004997        -4.83119447E-12
   113.120003        -4.90668357E-12
   113.235001        -4.97657904E-12
   113.349998        -5.04068055E-12
   113.464996        -5.09880506E-12
   113.580002        -5.15077347E-12
   113.695000        -5.19642315E-12
   113.809998        -5.23560362E-12
   113.925003        -5.26818172E-12
   114.040001        -5.29403864E-12
   114.154999        -5.31306943E-12
   114.269997        -5.32518777E-12
   114.385002        -5.33032125E-12
   114.500000        -5.32841132E-12
   114.614998        -5.31941678E-12
   114.730003        -5.30330857E-12
   114.845001        -5.28006848E-12
   114.959999        -5.24968784E-12
   115.074997        -5.21216707E-12
   115.190002        -5.16751355E-12
   115.305000        -5.11573769E-12
   115.419998        -5.05685511E-12
   115.535004        -4.99087880E-12
   115.650002        -4.91782353E-12
   115.764999        -4.83770185E-12
   115.879997        -4.75052246E-12
   115.995003        -4.65629054E-12
   116.110001        -4.55500394E-12
   116.224998        -4.44665919E-12
   116.339996        -4.33124587E-12
   116.455002        -4.20875010E-12
   116.570000        -4.07915368E-12
   116.684998        -3.94243622E-12
   116.800003        -3.79857517E-12
   116.915001        -3.64755101E-12
   117.029999        -3.48934445E-12
   117.144997        -3.32393986E-12
   117.260002        -3.15133098E-12
   117.375000        -2.97151713E-12
   117.489998        -2.78450960E-12
   117.605003        -2.59033246E-12
   117.720001        -2.38902691E-12
   117.834999        -2.18065019E-12
   117.949997        -1.96527603E-12
   118.065002        -1.74300114E-12
   118.180000        -1.51394479E-12
   118.294998        -1.27824661E-12
   118.410004        -1.03607314E-12
   118.525002        -7.87610428E-13
   118.639999        -5.33075320E-13
   118.754997        -2.72705469E-13
   118.870003        -6.76021739E-15
   118.985001         2.64474206E-13
   119.099998         5.40694226E-13
   119.214996         8.21571977E-13
   119.330002         1.10676485E-12
   119.445000         1.39590943E-12
   119.559998         1.68863361E-12
   119.675003         1.98454534E-12
   119.790001         2.28324911E-12
   119.904999         2.58433813E-12
   120.019997         2.88739692E-12
   120.135002         3.19201523E-12
   120.250000         3.49776631E-12
   120.364998         3.80423384E-12
   120.480003         4.11099887E-12
   120.595001         4.41763987E-12
   120.709999         4.72374397E-12
   120.824997         5.02889657E-12
   120.940002         5.33268048E-12
   121.055000         5.63469930E-12
   121.169998         5.93454539E-12
   121.285004         6.23182322E-12
   121.400002         6.52613553E-12
   121.514999         6.81709376E-12
   121.629997         7.10431020E-12
   121.745003         7.38740406E-12
   121.860001         7.66598590E-12
   121.974998         7.93967930E-12
   122.089996         8.20810694E-12
   122.205002         8.47088892E-12
   122.320000         8.72765315E-12
   122.434998         8.97802579E-12
   122.550003         9.22163648E-12
   122.665001         9.45811485E-12
   122.779999         9.68709748E-12
   122.894997         9.90822615E-12
   123.010002         1.01211444E-11
   123.125000         1.03255052E-11
   123.239998         1.05209678E-11
   123.355003         1.07071981E-11
   123.470001         1.08838719E-11
   123.584999         1.10506734E-11
   123.699997         1.12073050E-11
   123.815002         1.13534694E-11
   123.930000         1.14888914E-11
   124.044998         1.16133041E-11
   124.160004         1.17264497E-11
   124.275002         1.18280854E-11
   124.389999         1.19179840E-11
   124.504997         1.19959268E-11
   124.620003         1.20617023E-11
   124.735001         1.21151093E-11
   124.849998         1.21559620E-11
   124.964996         1.21840715E-11
   125.080002         1.21992590E-11
   125.195000         1.22013493E-11
   125.309998         1.21901655E-11
   125.425003         1.21655377E-11
   125.540001         1.21272792E-11
   125.654999         1.20752193E-11
   125.769997         1.20091732E-11
   125.885002         1.19289535E-11
   126.000000         1.18343668E-11
   126.114998         1.17252145E-11
   126.230003         1.16012928E-11
   126.345001         1.14623927E-11
   126.459999         1.13083041E-11
   126.574997         1.11388086E-11
   126.690002         1.09536963E-11
   126.805000         1.07527511E-11
   126.919998         1.05357615E-11
   127.035004         1.03025253E-11
   127.150002         1.00528518E-11
   127.264999         9.78656392E-12
   127.379997         9.50349782E-12
   127.495003         9.20351555E-12
   127.610001         8.88650091E-12
   127.724998         8.55236802E-12
   127.839996         8.20106049E-12
   127.955002         7.83255318E-12
   128.070007         7.44686431E-12
   128.184998         7.04405284E-12
   128.300003         6.62421723E-12
   128.414993         6.18749930E-12
   128.529999         5.73409419E-12
   128.645004         5.26423826E-12
   128.759995         4.77822686E-12
   128.875000         4.27639651E-12
   128.990005         3.75913493E-12
   129.104996         3.22687970E-12
   129.220001         2.68011915E-12
   129.335007         2.11938713E-12
   129.449997         1.54526392E-12
   129.565002         9.58369668E-13
   129.679993         3.59367917E-13
   129.794998        -2.51041375E-13
   129.910004        -8.72118350E-13
   130.024994        -1.50309539E-12
   130.139999        -2.14317366E-12
   130.255005        -2.79151875E-12
   130.369995        -3.44727892E-12
   130.485001        -4.10957726E-12
   130.600006        -4.77751345E-12
   130.714996        -5.45016809E-12
   130.830002        -6.12660096E-12
   130.945007        -6.80585796E-12
   131.059998        -7.48697632E-12
   131.175003        -8.16896724E-12
   131.289993        -8.85083846E-12
   131.404999        -9.53157865E-12
   131.520004        -1.02101747E-11
   131.634995        -1.08855997E-11
   131.750000        -1.15568215E-11
   131.865005        -1.22228026E-11
   131.979996        -1.28824954E-11
   132.095001        -1.35348486E-11
   132.210007        -1.41788144E-11
   132.324997        -1.48133450E-11
   132.440002        -1.54373892E-11
   132.554993        -1.60499062E-11
   132.669998        -1.66498516E-11
   132.785004        -1.72362090E-11
   132.899994        -1.78079652E-11
   133.014999        -1.83641123E-11
   133.130005        -1.89036807E-11
   133.244995        -1.94257128E-11
   133.360001        -1.99292839E-11
   133.475006        -2.04134886E-11
   133.589996        -2.08774734E-11
   133.705002        -2.13204072E-11
   133.820007        -2.17415027E-11
   133.934998        -2.21400225E-11
   134.050003        -2.25152778E-11
   134.164993        -2.28666218E-11
   134.279999        -2.31934749E-11
   134.395004        -2.34952908E-11
   134.509995        -2.37715906E-11
   134.625000        -2.40219580E-11
   134.740005        -2.42460219E-11
   134.854996        -2.44434802E-11
   134.970001        -2.46140677E-11
   135.085007        -2.47575987E-11
   135.199997        -2.48739276E-11
   135.315002        -2.49629675E-11
   135.429993        -2.50246802E-11
   135.544998        -2.50590711E-11
   135.660004        -2.50661991E-11
   135.774994        -2.50461631E-11
   135.889999        -2.49991070E-11
   136.005005        -2.49252129E-11
   136.119995        -2.48247083E-11
   136.235001        -2.46978410E-11
   136.350006        -2.45449112E-11
   136.464996        -2.43662347E-11
   136.580002        -2.41621723E-11
   136.695007        -2.39330986E-11
   136.809998        -2.36794282E-11
   136.925003        -2.34016036E-11
   137.039993        -2.31000843E-11
   137.154999        -2.27753528E-11
   137.270004        -2.24279241E-11
   137.384995        -2.20583447E-11
   137.500000        -2.16671750E-11
   137.615005        -2.12549995E-11
   137.729996        -2.08224323E-11
   137.845001        -2.03701118E-11
   137.960007        -1.98986973E-11
   138.074997        -1.94088669E-11
   138.190002        -1.89013302E-11
   138.304993        -1.83768244E-11
   138.419998        -1.78360937E-11
   138.535004        -1.72799136E-11
   138.649994        -1.67090751E-11
   138.764999        -1.61243831E-11
   138.880005        -1.55266737E-11
   138.994995        -1.49167848E-11
   139.110001        -1.42955691E-11
   139.225006        -1.36639016E-11
   139.339996        -1.30226498E-11
   139.455002        -1.23727062E-11
   139.570007        -1.17149589E-11
   139.684998        -1.10502978E-11
   139.800003        -1.03796173E-11
   139.914993        -9.70381154E-12
   140.029999        -9.02376177E-12
   140.145004        -8.34035271E-12
   140.259995        -7.65445259E-12
   140.375000        -6.96692443E-12
   140.490005        -6.27861305E-12
   140.604996        -5.59034936E-12
   140.720001        -4.90294437E-12
   140.835007        -4.21719083E-12
   140.949997        -3.53385637E-12
   141.065002        -2.85368690E-12
   141.179993        -2.17739542E-12
   141.294998        -1.50567362E-12
   141.410004        -8.39176385E-13
   141.524994        -1.78520827E-13
   141.639999         4.75708448E-13
   141.755005         1.12297194E-12
   141.869995         1.76276918E-12
   141.985001         2.39464958E-12
   142.100006         3.01822391E-12
   142.214996         3.63314435E-12
   142.330002         4.23914766E-12
   142.445007         4.83601787E-12
   142.559998         5.42362683E-12
   142.675003         6.00191598E-12
   142.789993         6.57090918E-12
   142.904999         7.13072396E-12
   143.020004         7.68155765E-12
   143.134995         8.22372032E-12
   143.250000         8.75759621E-12
   143.365005         9.28368493E-12
   143.479996         9.80258409E-12
   143.595001         1.03149815E-11
   143.710007         1.08216838E-11
   143.824997         1.13235784E-11
   143.940002         1.18216530E-11
   144.054993         1.23170033E-11
   144.169998         1.28107898E-11
   144.285004         1.33042752E-11
   144.399994         1.37987920E-11
   144.514999         1.42957573E-11
   144.630005         1.47966448E-11
   144.744995         1.53029724E-11
   144.860001         1.58163344E-11
   144.975006         1.63383699E-11
   145.089996         1.68707270E-11
   145.205002         1.74151023E-11
   145.320007         1.79731889E-11
   145.434998         1.85466937E-11
   145.550003         1.91373254E-11
   145.664993         1.97467598E-11
   145.779999         2.03767038E-11
   145.895004         2.10287794E-11
   146.009995         2.17046069E-11
   146.125000         2.24057543E-11
   146.240005         2.31337623E-11
   146.354996         2.38900809E-11
   146.470001         2.46761257E-11
   146.585007         2.54932395E-11
   146.699997         2.63426954E-11
   146.815002         2.72257113E-11
   146.929993         2.81433800E-11
   147.044998         2.90967528E-11
   147.160004         3.00867699E-11
   147.274994         3.11142952E-11
   147.389999         3.21800780E-11
   147.505005         3.32847847E-11
   147.619995         3.44289389E-11
   147.735001         3.56129848E-11
   147.850006         3.68372208E-11
   147.964996         3.81018203E-11
   148.080002         3.94068458E-11
   148.195007         4.07522210E-11
   148.309998         4.21377239E-11
   148.425003         4.35629310E-11
   148.539993         4.50273499E-11
   148.654999         4.65302935E-11
   148.770004         4.80709084E-11
   148.884995         4.96481675E-11
   149.000000         5.12608705E-11
   149.115005         5.29076435E-11
   149.229996         5.45869808E-11
   149.345001         5.62971128E-11
   149.460007         5.80361800E-11
   149.574997         5.98021008E-11
   149.690002         6.15926407E-11
   149.804993         6.34053643E-11
   149.919998         6.52376902E-11
   150.035004         6.70868569E-11
   150.149994         6.89499915E-11
   150.264999         7.08240480E-11
   150.380005         7.27058413E-11
   150.494995         7.45920617E-11
   150.610001         7.64793159E-11
   150.725006         7.83640375E-11
   150.839996         8.02426320E-11
   150.955002         8.21113663E-11
   151.070007         8.39665351E-11
   151.184998         8.58042248E-11
   151.300003         8.76205705E-11
   151.414993         8.94115823E-11
   151.529999         9.11733050E-11
   151.645004         9.29016655E-11
   151.759995         9.45925838E-11
   151.875000         9.62419380E-11
   151.990005         9.78455789E-11
   152.104996         9.93993082E-11
   152.220001         1.00898907E-10
   152.335007         1.02340039E-10
   152.449997         1.03718409E-10
   152.565002         1.05029575E-10
   152.679993         1.06269105E-10
   152.794998         1.07432431E-10
   152.910004         1.08514947E-10
   153.024994         1.09511934E-10
   153.139999         1.10418626E-10
   153.255005         1.11230074E-10
   153.369995         1.11941324E-10
   153.485001         1.12547242E-10
   153.600006         1.13042638E-10
   153.714996         1.13422195E-10
   153.830002         1.13680509E-10
   153.945007         1.13812029E-10
   154.059998         1.13811210E-10
   154.175003         1.13672349E-10
   154.289993         1.13389693E-10
   154.404999         1.12957504E-10
   154.520004         1.12369933E-10
   154.634995         1.11621198E-10
   154.750000         1.10705459E-10
   154.865005         1.09616982E-10
   154.979996         1.08350037E-10
   155.095001         1.06898990E-10
   155.210007         1.05258302E-10
   155.324997         1.03422625E-10
   155.440002         1.01386684E-10
   155.554993         9.91454766E-11
   155.669998         9.66941111E-11
   155.785004         9.40280492E-11
   155.899994         9.11429543E-11
   156.014999         8.80347253E-11
   156.130005         8.46996362E-11
   156.244995         8.11342521E-11
   156.360001         7.73355130E-11
   156.475006         7.33006225E-11
   156.589996         6.90272145E-11
   156.705002         6.45133183E-11
   156.820007         5.97573380E-11
   156.934998         5.47580106E-11
   157.050003         4.95146042E-11
   157.164993         4.40266781E-11
   157.279999         3.82942948E-11
   157.395004         3.23178359E-11
   157.509995         2.60981931E-11
   157.625000         1.96366326E-11
   157.740005         1.29347436E-11
   157.854996         5.99471861E-12
   157.970001        -1.18099974E-12
   158.085007        -8.58949023E-12
   158.199997        -1.62273667E-11
   158.315002        -2.40908959E-11
   158.429993        -3.21759286E-11
   158.544998        -4.04777739E-11
   158.660004        -4.89914775E-11
   158.774994        -5.77115578E-11
   158.889999        -6.66321442E-11
   159.005005        -7.57469087E-11
   159.119995        -8.50491483E-11
   159.235001        -9.45317435E-11
   159.350006        -1.04187076E-10
   159.464996        -1.14007165E-10
   159.580002        -1.23983684E-10
   159.695007        -1.34107794E-10
   159.809998        -1.44370293E-10
   159.925003        -1.54761495E-10
   160.039993        -1.65271602E-10
   160.154999        -1.75890080E-10
   160.270004        -1.86606286E-10
   160.384995        -1.97409089E-10
   160.500000        -2.08287054E-10
   160.615005        -2.19228496E-10
   160.729996        -2.30221370E-10
   160.845001        -2.41253156E-10
   160.960007        -2.52311422E-10
   161.074997        -2.63383176E-10
   161.190002        -2.74455514E-10
   161.304993        -2.85514890E-10
   161.419998        -2.96548036E-10
   161.535004        -3.07541104E-10
   161.649994        -3.18480214E-10
   161.764999        -3.29351463E-10
   161.880005        -3.40140638E-10
   161.994995        -3.50833501E-10
   162.110001        -3.61415481E-10
   162.225006        -3.71872283E-10
   162.339996        -3.82189114E-10
   162.455002        -3.92351401E-10
   162.570007        -4.02344241E-10
   162.684998        -4.12152784E-10
   162.800003        -4.21761986E-10
   162.914993        -4.31156777E-10
   163.029999        -4.40322029E-10
   163.145004        -4.49242421E-10
   163.259995        -4.57902605E-10
   163.375000        -4.66287120E-10
   163.490005        -4.74380590E-10
   163.604996        -4.82167417E-10
   163.720001        -4.89631891E-10
   163.835007        -4.96758412E-10
   163.949997        -5.03531106E-10
   164.065002        -5.09934317E-10
   164.179993        -5.15952225E-10
   164.294998        -5.21568899E-10
   164.410004        -5.26768296E-10
   164.524994        -5.31534761E-10
   164.639999        -5.35852362E-10
   164.755005        -5.39705391E-10
   164.869995        -5.43078027E-10
   164.985001        -5.45954726E-10
