  -18.8999996         0.00000000    
  -18.7849998         0.00000000    
  -18.6700001         0.00000000    
  -18.5550003         0.00000000    
  -18.4400005         0.00000000    
  -18.3250008         0.00000000    
  -18.2099991         0.00000000    
  -18.0949993         0.00000000    
  -17.9799995         0.00000000    
  -17.8649998         0.00000000    
  -17.7500000         0.00000000    
  -17.6350002         0.00000000    
  -17.5200005         0.00000000    
  -17.4050007         0.00000000    
  -17.2900009         0.00000000    
  -17.1749992         0.00000000    
  -17.0599995         0.00000000    
  -16.9449997         0.00000000    
  -16.8299999         0.00000000    
  -16.7150002         0.00000000    
  -16.6000004         3.69690390E-35
  -16.4850006        -1.71456761E-33
  -16.3700008        -1.10897092E-32
  -16.2549992        -3.33423418E-32
  -16.1399994        -7.61810088E-32
  -16.0249996        -1.46033873E-31
  -15.9099998        -2.42202970E-31
  -15.7950001        -3.52850255E-31
  -15.6800003        -2.69496680E-31
  -15.5649996         2.30299421E-31
  -15.4499998         1.44745654E-30
  -15.3350000         3.39860544E-30
  -15.2200003         6.07722492E-30
  -15.1049995         9.06133112E-30
  -14.9899998         1.17159675E-29
  -14.8750000         1.32656505E-29
  -14.7600002         1.31678493E-29
  -14.6450005         1.11618421E-29
  -14.5299997         7.64549651E-30
  -14.4150000         3.43803999E-30
  -14.3000002        -1.05475434E-30
  -14.1850004        -7.46429057E-30
  -14.0699997        -2.14610722E-29
  -13.9549999        -5.43489486E-29
  -13.8400002        -1.22503432E-28
  -13.7250004        -2.42715321E-28
  -13.6099997        -4.21623332E-28
  -13.4949999        -6.38775014E-28
  -13.3800001        -8.25617952E-28
  -13.2650003        -8.46583048E-28
  -13.1499996        -4.92671369E-28
  -13.0349998         4.98869637E-28
  -12.9200001         2.38516678E-27
  -12.8050003         5.31021872E-27
  -12.6899996         9.15254911E-27
  -12.5749998         1.33496943E-26
  -12.4600000         1.67437484E-26
  -12.3450003         1.75142174E-26
  -12.2299995         1.32785089E-26
  -12.1149998         1.43813465E-27
  -12.0000000        -2.01776969E-26
  -11.8850002        -5.23751872E-26
  -11.7700005        -9.34540157E-26
  -11.6549997        -1.38053986E-25
  -11.5400000        -1.76293809E-25
  -11.4250002        -1.93595772E-25
  -11.3100004        -1.71631370E-25
  -11.1949997        -9.07830313E-26
  -11.0799999         6.56350639E-26
  -10.9650002         3.05436885E-25
  -10.8500004         6.20363766E-25
  -10.7349997         9.78617057E-25
  -10.6199999         1.31871619E-24
  -10.5050001         1.54684185E-24
  -10.3900003         1.54022055E-24
  -10.2749996         1.15916986E-24
  -10.1599998         2.69919655E-25
  -10.0450001        -1.22089310E-24
  -9.93000031        -3.32127362E-24
  -9.81499958        -5.90264778E-24
  -9.69999981        -8.65023375E-24
  -9.58500004        -1.10267798E-23
  -9.47000027        -1.22647266E-23
  -9.35499954        -1.14036896E-23
  -9.23999977        -7.38909602E-24
  -9.12500000         7.57206580E-25
  -9.01000023         1.36934215E-23
  -8.89500046         3.14552953E-23
  -8.77999973         5.31278571E-23
  -8.66499996         7.65459062E-23
  -8.55000019         9.80977503E-23
  -8.43500042         1.12721155E-22
  -8.31999969         1.14182290E-22
  -8.20499992         9.57148160E-23
  -8.09000015         5.10594639E-23
  -7.97499990        -2.41148342E-23
  -7.86000013        -1.30508896E-22
  -7.74499989        -2.63408229E-22
  -7.63000011        -4.11115681E-22
  -7.51499987        -5.53990432E-22
  -7.40000010        -6.64540314E-22
  -7.28499985        -7.09014904E-22
  -7.17000008        -6.50865530E-22
  -7.05499983        -4.56267404E-22
  -6.94000006        -1.01618537E-22
  -6.82499981         4.17445854E-22
  -6.71000004         1.07643754E-21
  -6.59499979         1.81319364E-21
  -6.48000002         2.52168615E-21
  -6.36499977         3.05062453E-21
  -6.25000000         3.20910696E-21
  -6.13500023         2.78133847E-21
  -6.01999998         1.55183869E-21
  -5.90500021        -6.58603334E-22
  -5.78999996        -3.94746421E-21
  -5.67500019        -8.27875638E-21
  -5.55999994        -1.34304542E-20
  -5.44500017        -1.89486221E-20
  -5.32999992        -2.41176528E-20
  -5.21500015        -2.79570245E-20
  -5.09999990        -2.92548289E-20
  -4.98500013        -2.66466912E-20
  -4.86999989        -1.87451147E-20
  -4.75500011        -4.31898624E-21
  -4.63999987         1.74839599E-20
  -4.52500010         4.68872499E-20
  -4.40999985         8.32322380E-20
  -4.29500008         1.24752562E-19
  -4.17999983         1.68413856E-19
  -4.06500006         2.09857621E-19
  -3.95000005         2.43486378E-19
  -3.83500004         2.62718508E-19
  -3.72000003         2.60428174E-19
  -3.60500002         2.29566557E-19
  -3.49000001         1.63938318E-19
  -3.37500000         5.90826225E-20
  -3.25999999        -8.68148477E-20
  -3.14499998        -2.72071465E-19
  -3.02999997        -4.90821782E-19
  -2.91499996        -7.32600575E-19
  -2.79999995        -9.82287524E-19
  -2.68499994        -1.22047997E-18
  -2.56999993        -1.42432695E-18
  -2.45499992        -1.56881038E-18
  -2.33999991        -1.62841288E-18
  -2.22499990        -1.57906029E-18
  -2.10999990        -1.40019220E-18
  -1.99500000        -1.07678495E-18
  -1.88000000        -6.01145497E-19
  -1.76499999         2.56905335E-20
  -1.64999998         7.93089553E-19
  -1.53499997         1.68055586E-18
  -1.41999996         2.65808493E-18
  -1.30499995         3.68707569E-18
  -1.19000006         4.72168342E-18
  -1.07500005         5.71043598E-18
 -0.959999979         6.59793709E-18
 -0.845000029         7.32646276E-18
 -0.730000019         7.83732372E-18
 -0.615000010         8.07192124E-18
 -0.500000000         7.97252474E-18
 -0.384999990         7.48290991E-18
 -0.270000011         6.54906850E-18
 -0.155000001         5.12029514E-18
  -3.99999991E-02     3.15097166E-18
   7.50000030E-02     6.03354379E-19
  0.189999998        -2.54841029E-18
  0.305000007        -6.31296220E-18
  0.419999987        -1.06751893E-17
  0.535000026        -1.55887944E-17
  0.649999976        -2.09685041E-17
  0.764999986        -2.66826430E-17
  0.879999995        -3.25469995E-17
  0.995000005        -3.83209286E-17
   1.11000001        -4.37066321E-17
   1.22500002        -4.83524787E-17
   1.34000003        -5.18610216E-17
   1.45500004        -5.38019314E-17
   1.57000005        -5.37298575E-17
   1.68499994        -5.12067846E-17
   1.79999995        -4.58278970E-17
   1.91499996        -3.72498620E-17
   2.02999997        -2.52199229E-17
   2.14499998        -9.60409713E-18
   2.25999999         9.58724829E-18
   2.37500000         3.21781828E-17
   2.49000001         5.78118912E-17
   2.60500002         8.59424444E-17
   2.72000003         1.15834588E-16
   2.83500004         1.46571944E-16
   2.95000005         1.77073455E-16
   3.06500006         2.06118043E-16
   3.18000007         2.32376130E-16
   3.29500008         2.54447189E-16
   3.41000009         2.70902048E-16
   3.52500010         2.80327910E-16
   3.64000010         2.81375372E-16
   3.75500011         2.72805357E-16
   3.86999989         2.53534934E-16
   3.98499990         2.22681256E-16
   4.09999990         1.79602391E-16
   4.21500015         1.23935082E-16
   4.32999992         5.56289219E-17
   4.44500017        -2.50227694E-17
   4.55999994        -1.17355369E-16
   4.67500019        -2.20308426E-16
   4.78999996        -3.32404422E-16
   4.90500021        -4.51730771E-16
   5.01999998        -5.75926129E-16
   5.13500023        -7.02172367E-16
   5.25000000        -8.27193689E-16
   5.36499977        -9.47266273E-16
   5.48000002        -1.05824030E-15
   5.59499979        -1.15557899E-15
   5.71000004        -1.23441764E-15
   5.82499981        -1.28964546E-15
   5.94000006        -1.31601360E-15
   6.05499983        -1.30827129E-15
   6.17000008        -1.26132947E-15
   6.28499985        -1.17045183E-15
   6.40000010        -1.03146918E-15
   6.51499987        -8.41012714E-16
   6.63000011        -5.96758746E-16
   6.74499989        -2.97676230E-16
   6.86000013         5.57340400E-17
   6.97499990         4.61219128E-16
   7.09000015         9.14585837E-16
   7.20499992         1.40955557E-15
   7.32000017         1.93767575E-15
   7.43499994         2.48829650E-15
   7.55000019         3.04862171E-15
   7.66499996         3.60384271E-15
   7.78000021         4.13735742E-15
   7.89499998         4.63107514E-15
   8.01000023         5.06580421E-15
   8.12500000         5.42172279E-15
   8.23999977         5.67891418E-15
   8.35499954         5.81796354E-15
   8.47000027         5.82059611E-15
   8.58500004         5.67033628E-15
   8.69999981         5.35317750E-15
   8.81499958         4.85822523E-15
   8.93000031         4.17830214E-15
   9.04500008         3.31048957E-15
   9.15999985         2.25657942E-15
   9.27499962         1.02341316E-15
   9.39000034        -3.76898560E-16
   9.50500011        -1.92690339E-15
   9.61999989        -3.60388548E-15
   9.73499966        -5.38009875E-15
   9.85000038        -7.22315647E-15
   9.96500015        -9.09657142E-15
   10.0799999        -1.09604352E-14
   10.1949997        -1.27722108E-14
   10.3100004        -1.44876380E-14
   10.4250002        -1.60616945E-14
   10.5400000        -1.74496326E-14
   10.6549997        -1.86080010E-14
   10.7700005        -1.94956881E-14
   10.8850002        -2.00749028E-14
   11.0000000        -2.03121127E-14
   11.1149998        -2.01788845E-14
   11.2299995        -1.96526297E-14
   11.3450003        -1.87172174E-14
   11.4600000        -1.73634775E-14
   11.5749998        -1.55895448E-14
   11.6899996        -1.34010887E-14
   11.8050003        -1.08113828E-14
   11.9200001        -7.84126013E-15
   12.0349998        -4.51893517E-15
   12.1499996        -8.79712220E-16
   12.2650003         3.03440511E-15
   12.3800001         7.17520170E-15
   12.4949999         1.14888178E-14
   12.6099997         1.59163827E-14
   12.7250004         2.03947170E-14
   12.8400002         2.48570848E-14
   12.9549999         2.92340073E-14
   13.0699997         3.34541016E-14
   13.1850004         3.74450023E-14
   13.3000002         4.11343018E-14
   13.4150000         4.44505408E-14
   13.5299997         4.73242763E-14
   13.6450005         4.96891550E-14
   13.7600002         5.14830217E-14
   13.8750000         5.26490777E-14
   13.9899998         5.31370161E-14
   14.1049995         5.29041261E-14
   14.2200003         5.19163231E-14
   14.3350000         5.01491176E-14
   14.4499998         4.75883811E-14
   14.5649996         4.42309628E-14
   14.6800003         4.00850143E-14
   14.7950001         3.51700650E-14
   14.9099998         2.95167333E-14
   15.0249996         2.31660851E-14
   15.1400003         1.61686545E-14
   15.2550001         8.58301281E-15
   15.3699999         4.74012396E-16
   15.4849997        -8.08924766E-15
   15.6000004        -1.70357977E-14
   15.7150002        -2.62953518E-14
   15.8299999        -3.58009385E-14
   15.9449997        -4.54915545E-14
   16.0599995        -5.53147141E-14
   16.1749992        -6.52286520E-14
   16.2900009        -7.52044165E-14
   16.4050007        -8.52271812E-14
   16.5200005        -9.52972374E-14
   16.6350002        -1.05430320E-13
   16.7500000        -1.15657172E-13
   16.8649998        -1.26022456E-13
   16.9799995        -1.36583033E-13
   17.0949993        -1.47405458E-13
   17.2099991        -1.58563131E-13
   17.3250008        -1.70132896E-13
   17.4400005        -1.82191379E-13
   17.5550003        -1.94811249E-13
   17.6700001        -2.08057828E-13
   17.7849998        -2.21985597E-13
   17.8999996        -2.36635662E-13
   18.0149994        -2.52033718E-13
   18.1299992        -2.68189063E-13
   18.2450008        -2.85094566E-13
   18.3600006        -3.02728139E-13
   18.4750004        -3.21054733E-13
   18.5900002        -3.40030494E-13
   18.7049999        -3.59607445E-13
   18.8199997        -3.79739317E-13
   18.9349995        -4.00388300E-13
   19.0499992        -4.21532302E-13
   19.1650009        -4.43172490E-13
   19.2800007        -4.65340765E-13
   19.3950005        -4.88106788E-13
   19.5100002        -5.11584319E-13
   19.6250000        -5.35936150E-13
   19.7399998        -5.61377388E-13
   19.8549995        -5.88177402E-13
   19.9699993        -6.16659284E-13
   20.0849991        -6.47197194E-13
   20.2000008        -6.80211367E-13
   20.3150005        -7.16161614E-13
   20.4300003        -7.55537180E-13
   20.5450001        -7.98845907E-13
   20.6599998        -8.46601435E-13
   20.7749996        -8.99309110E-13
   20.8899994        -9.57451132E-13
   21.0049992        -1.02147273E-12
   21.1200008        -1.09176600E-12
   21.2350006        -1.16865816E-12
   21.3500004        -1.25239966E-12
   21.4650002        -1.34315432E-12
   21.5799999        -1.44099337E-12
   21.6949997        -1.54589200E-12
   21.8099995        -1.65772973E-12
   21.9249992        -1.77629298E-12
   22.0400009        -1.90128360E-12
   22.1550007        -2.03232917E-12
   22.2700005        -2.16899675E-12
   22.3850002        -2.31081061E-12
   22.5000000        -2.45727137E-12
   22.6149998        -2.60787594E-12
   22.7299995        -2.76213991E-12
   22.8449993        -2.91961811E-12
   22.9599991        -3.07992434E-12
   23.0750008        -3.24275134E-12
   23.1900005        -3.40788552E-12
   23.3050003        -3.57521738E-12
   23.4200001        -3.74475277E-12
   23.5349998        -3.91661139E-12
   23.6499996        -4.09102830E-12
   23.7649994        -4.26834653E-12
   23.8799992        -4.44900367E-12
   23.9950008        -4.63351579E-12
   24.1100006        -4.82245754E-12
   24.2250004        -5.01643692E-12
   24.3400002        -5.21606629E-12
   24.4549999        -5.42193851E-12
   24.5699997        -5.63459262E-12
   24.6849995        -5.85448747E-12
   24.7999992        -6.08197563E-12
   24.9150009        -6.31728003E-12
   25.0300007        -6.56047178E-12
   25.1450005        -6.81145852E-12
   25.2600002        -7.06997351E-12
   25.3750000        -7.33557919E-12
   25.4899998        -7.60766537E-12
   25.6049995        -7.88547179E-12
   25.7199993        -8.16809294E-12
   25.8349991        -8.45451400E-12
   25.9500008        -8.74363342E-12
   26.0650005        -9.03430109E-12
   26.1800003        -9.32535559E-12
   26.2950001        -9.61566070E-12
   26.4099998        -9.90414695E-12
   26.5249996        -1.01898438E-11
   26.6399994        -1.04719219E-11
   26.7549992        -1.07497119E-11
   26.8700008        -1.10227322E-11
   26.9850006        -1.12907001E-11
   27.1000004        -1.15535359E-11
   27.2150002        -1.18113583E-11
   27.3299999        -1.20644649E-11
   27.4449997        -1.23133075E-11
   27.5599995        -1.25584543E-11
   27.6749992        -1.28005436E-11
   27.7900009        -1.30402295E-11
   27.9050007        -1.32781225E-11
   28.0200005        -1.35147197E-11
   28.1350002        -1.37503385E-11
   28.2500000        -1.39850536E-11
   28.3649998        -1.42186185E-11
   28.4799995        -1.44504157E-11
   28.5949993        -1.46793949E-11
   28.7099991        -1.49040415E-11
   28.8250008        -1.51223201E-11
   28.9400005        -1.53316838E-11
   29.0550003        -1.55290451E-11
   29.1700001        -1.57108111E-11
   29.2849998        -1.58728967E-11
   29.3999996        -1.60107674E-11
   29.5149994        -1.61195085E-11
   29.6299992        -1.61938848E-11
   29.7450008        -1.62284301E-11
   29.8600006        -1.62175377E-11
   29.9750004        -1.61555491E-11
   30.0900002        -1.60368680E-11
   30.2049999        -1.58560508E-11
   30.3199997        -1.56079056E-11
   30.4349995        -1.52875837E-11
   30.5499992        -1.48906582E-11
   30.6650009        -1.44131833E-11
   30.7800007        -1.38517539E-11
   30.8950005        -1.32035320E-11
   31.0100002        -1.24662555E-11
   31.1250000        -1.16382407E-11
   31.2399998        -1.07183446E-11
   31.3549995        -9.70592356E-12
   31.4699993        -8.60076940E-12
   31.5849991        -7.40302698E-12
   31.7000008        -6.11310221E-12
   31.8150005        -4.73155326E-12
   31.9300003        -3.25898163E-12
   32.0449982        -1.69591630E-12
   32.1599998        -4.26941977E-14
   32.2750015         1.70064407E-12
   32.3899994         3.53446526E-12
   32.5050011         5.45963491E-12
   32.6199989         7.47758799E-12
   32.7350006         9.59039532E-12
   32.8499985         1.18008077E-11
   32.9650002         1.41122695E-11
   33.0800018         1.65289102E-11
   33.1949997         1.90555367E-11
   33.3100014         2.16975674E-11
   33.4249992         2.44609766E-11
   33.5400009         2.73522212E-11
   33.6549988         3.03781167E-11
   33.7700005         3.35457391E-11
   33.8849983         3.68622979E-11
   34.0000000         4.03350062E-11
   34.1150017         4.39709311E-11
   34.2299995         4.77768623E-11
   34.3450012         5.17591803E-11
   34.4599991         5.59237448E-11
   34.5750008         6.02757497E-11
   34.6899986         6.48196358E-11
   34.8050003         6.95589836E-11
   34.9199982         7.44964646E-11
   35.0349998         7.96337787E-11
   35.1500015         8.49716131E-11
   35.2649994         9.05096206E-11
   35.3800011         9.62464761E-11
   35.4949989         1.02179827E-10
   35.6100006         1.08306419E-10
   35.7249985         1.14622117E-10
   35.8400002         1.21121918E-10
   35.9550018         1.27800201E-10
   36.0699997         1.34650721E-10
   36.1850014         1.41666734E-10
   36.2999992         1.48841189E-10
   36.4150009         1.56166718E-10
   36.5299988         1.63635938E-10
   36.6450005         1.71241382E-10
   36.7599983         1.78975779E-10
   36.8750000         1.86832036E-10
   36.9900017         1.94803451E-10
   37.1049995         2.02883640E-10
   37.2200012         2.11066734E-10
   37.3349991         2.19347276E-10
   37.4500008         2.27720412E-10
   37.5649986         2.36181685E-10
   37.6800003         2.44727155E-10
   37.7949982         2.53353366E-10
   37.9099998         2.62057126E-10
   38.0250015         2.70835576E-10
   38.1399994         2.79685969E-10
   38.2550011         2.88605584E-10
   38.3699989         2.97591618E-10
   38.4850006         3.06640824E-10
   38.5999985         3.15749676E-10
   38.7150002         3.24913985E-10
   38.8300018         3.34128697E-10
   38.9449997         3.43387901E-10
   39.0600014         3.52684520E-10
   39.1749992         3.62010311E-10
   39.2900009         3.71355724E-10
   39.4049988         3.80709630E-10
   39.5200005         3.90059429E-10
   39.6349983         3.99390993E-10
   39.7500000         4.08688611E-10
   39.8650017         4.17934909E-10
   39.9799995         4.27111013E-10
   40.0950012         4.36196523E-10
   40.2099991         4.45169790E-10
   40.3250008         4.54007859E-10
   40.4399986         4.62686722E-10
   40.5550003         4.71181427E-10
   40.6699982         4.79466411E-10
   40.7849998         4.87515361E-10
   40.9000015         4.95301800E-10
   41.0149994         5.02799136E-10
   41.1300011         5.09980891E-10
   41.2449989         5.16820975E-10
   41.3600006         5.23293575E-10
   41.4749985         5.29373878E-10
   41.5900002         5.35037514E-10
   41.7050018         5.40261280E-10
   41.8199997         5.45022971E-10
   41.9350014         5.49301438E-10
   42.0499992         5.53076640E-10
   42.1650009         5.56329705E-10
   42.2799988         5.59042757E-10
   42.3950005         5.61198921E-10
   42.5099983         5.62782321E-10
   42.6250000         5.63777747E-10
   42.7400017         5.64170544E-10
   42.8549995         5.63946556E-10
   42.9700012         5.63091795E-10
   43.0849991         5.61592495E-10
   43.2000008         5.59434499E-10
   43.3149986         5.56603541E-10
   43.4300003         5.53084523E-10
   43.5449982         5.48861845E-10
   43.6599998         5.43919187E-10
   43.7750015         5.38239064E-10
   43.8899994         5.31803157E-10
   44.0050011         5.24592092E-10
   44.1199989         5.16585275E-10
   44.2350006         5.07761388E-10
   44.3499985         4.98098063E-10
   44.4650002         4.87572094E-10
   44.5800018         4.76159723E-10
   44.6949997         4.63836747E-10
   44.8100014         4.50578824E-10
   44.9249992         4.36361530E-10
   45.0400009         4.21160856E-10
   45.1549988         4.04953321E-10
   45.2700005         3.87716165E-10
   45.3849983         3.69427822E-10
   45.5000000         3.50067864E-10
   45.6150017         3.29617389E-10
   45.7299995         3.08059106E-10
   45.8450012         2.85377555E-10
   45.9599991         2.61559219E-10
   46.0750008         2.36592523E-10
   46.1899986         2.10467907E-10
   46.3050003         1.83177806E-10
   46.4199982         1.54716545E-10
   46.5349998         1.25080335E-10
   46.6500015         9.42669900E-11
   46.7649994         6.22758789E-11
   46.8800011         2.91077509E-11
   46.9949989        -5.23542191E-12
   47.1100006        -4.07505280E-11
   47.2249985        -7.74336914E-11
   47.3400002        -1.15280285E-10
   47.4550018        -1.54285043E-10
   47.5699997        -1.94442351E-10
   47.6850014        -2.35745923E-10
   47.7999992        -2.78189277E-10
   47.9150009        -3.21765392E-10
   48.0299988        -3.66466940E-10
   48.1450005        -4.12286233E-10
   48.2599983        -4.59214583E-10
   48.3750000        -5.07242692E-10
   48.4900017        -5.56360291E-10
   48.6049995        -6.06555639E-10
   48.7200012        -6.57816135E-10
   48.8349991        -7.10126680E-10
   48.9500008        -7.63470898E-10
   49.0649986        -8.17830303E-10
   49.1800003        -8.73183748E-10
   49.2949982        -9.29507971E-10
   49.4099998        -9.86776882E-10
   49.5250015        -1.04496201E-09
   49.6399994        -1.10403175E-09
   49.7550011        -1.16395193E-09
   49.8699989        -1.22468558E-09
   49.9850006        -1.28619326E-09
   50.0999985        -1.34843270E-09
   50.2150002        -1.41135970E-09
   50.3300018        -1.47492796E-09
   50.4449997        -1.53908908E-09
   50.5600014        -1.60379343E-09
   50.6749992        -1.66899039E-09
   50.7900009        -1.73462777E-09
   50.9049988        -1.80065285E-09
   51.0200005        -1.86701277E-09
   51.1349983        -1.93365457E-09
   51.2500000        -2.00052463E-09
   51.3650017        -2.06757034E-09
   51.4799995        -2.13473927E-09
   51.5950012        -2.20197882E-09
   51.7099991        -2.26923813E-09
   51.8250008        -2.33646502E-09
   51.9399986        -2.40360865E-09
   52.0550003        -2.47061793E-09
   52.1699982        -2.53744159E-09
   52.2849998        -2.60402833E-09
   52.4000015        -2.67032507E-09
   52.5149994        -2.73627898E-09
   52.6300011        -2.80183499E-09
   52.7449989        -2.86693669E-09
   52.8600006        -2.93152480E-09
   52.9749985        -2.99553760E-09
   53.0900002        -3.05891068E-09
   53.2050018        -3.12157633E-09
   53.3199997        -3.18346283E-09
   53.4350014        -3.24449556E-09
   53.5499992        -3.30459549E-09
   53.6650009        -3.36367956E-09
   53.7799988        -3.42166118E-09
   53.8950005        -3.47844908E-09
   54.0099983        -3.53394758E-09
   54.1250000        -3.58805896E-09
   54.2400017        -3.64068065E-09
   54.3549995        -3.69170827E-09
   54.4700012        -3.74103415E-09
   54.5849991        -3.78854903E-09
   54.7000008        -3.83414189E-09
   54.8149986        -3.87770172E-09
   54.9300003        -3.91911525E-09
   55.0449982        -3.95827104E-09
   55.1599998        -3.99505717E-09
   55.2750015        -4.02936351E-09
   55.3899994        -4.06108125E-09
   55.5050011        -4.09010381E-09
   55.6199989        -4.11632817E-09
   55.7350006        -4.13965440E-09
   55.8499985        -4.15998525E-09
   55.9650002        -4.17722923E-09
   56.0800018        -4.19129709E-09
   56.1949997        -4.20210489E-09
   56.3100014        -4.20957269E-09
   56.4249992        -4.21362500E-09
   56.5400009        -4.21418855E-09
   56.6549988        -4.21119539E-09
   56.7700005        -4.20458157E-09
   56.8849983        -4.19428536E-09
   57.0000000        -4.18024992E-09
   57.1150017        -4.16242019E-09
   57.2299995        -4.14074419E-09
   57.3450012        -4.11517265E-09
   57.4599991        -4.08565715E-09
   57.5750008        -4.05215106E-09
   57.6899986        -4.01460776E-09
   57.8050003        -3.97298150E-09
   57.9199982        -3.92722654E-09
   58.0349998        -3.87729626E-09
   58.1500015        -3.82314491E-09
   58.2649994        -3.76472453E-09
   58.3800011        -3.70198849E-09
   58.4949989        -3.63488750E-09
   58.6100006        -3.56337226E-09
   58.7249985        -3.48739215E-09
   58.8400002        -3.40689632E-09
   58.9550018        -3.32183192E-09
   59.0699997        -3.23214677E-09
   59.1850014        -3.13778692E-09
   59.2999992        -3.03869951E-09
   59.4150009        -2.93483127E-09
   59.5299988        -2.82612977E-09
   59.6450005        -2.71254441E-09
   59.7599983        -2.59402633E-09
   59.8750000        -2.47053022E-09
   59.9900017        -2.34201369E-09
   60.1049995        -2.20843765E-09
   60.2200012        -2.06976836E-09
   60.3349991        -1.92597693E-09
   60.4500008        -1.77704107E-09
   60.5649986        -1.62294378E-09
   60.6800003        -1.46367618E-09
   60.7949982        -1.29923694E-09
   60.9099998        -1.12963294E-09
   61.0250015        -9.54881618E-10
   61.1399994        -7.75009723E-10
   61.2550011        -5.90052562E-10
   61.3699989        -4.00056571E-10
   61.4850006        -2.05078426E-10
   61.5999985        -5.18397695E-12
   61.7150002         1.99550348E-10
   61.8300018         4.09039386E-10
   61.9449997         6.23188445E-10
   62.0600014         8.41893111E-10
   62.1749992         1.06504083E-09
   62.2900009         1.29251010E-09
   62.4049988         1.52417368E-09
   62.5200005         1.75989567E-09
   62.6349983         1.99953654E-09
   62.7500000         2.24295138E-09
   62.8650017         2.48998910E-09
   62.9799995         2.74049716E-09
   63.0950012         2.99432035E-09
   63.2099991         3.25129945E-09
   63.3250008         3.51127438E-09
   63.4399986         3.77408194E-09
   63.5550003         4.03955758E-09
   63.6699982         4.30753744E-09
   63.7849998         4.57785321E-09
   63.9000015         4.85033436E-09
   64.0149994         5.12480636E-09
   64.1299973         5.40109468E-09
   64.2450027         5.67901770E-09
   64.3600006         5.95839023E-09
   64.4749985         6.23902396E-09
   64.5899963         6.52072174E-09
   64.7050018         6.80328016E-09
   64.8199997         7.08648873E-09
   64.9349976         7.37012540E-09
   65.0500031         7.65396013E-09
   65.1650009         7.93775001E-09
   65.2799988         8.22124235E-09
   65.3949966         8.50417514E-09
   65.5100021         8.78627304E-09
   65.6250000         9.06725273E-09
   65.7399979         9.34681577E-09
   65.8550034         9.62465663E-09
   65.9700012         9.90045645E-09
   66.0849991         1.01738866E-08
   66.1999969         1.04446096E-08
   66.3150024         1.07122808E-08
   66.4300003         1.09765468E-08
   66.5449982         1.12370468E-08
   66.6600037         1.14934160E-08
   66.7750015         1.17452821E-08
   66.8899994         1.19922730E-08
   67.0049973         1.22340138E-08
   67.1200027         1.24701289E-08
   67.2350006         1.27002409E-08
   67.3499985         1.29239766E-08
   67.4649963         1.31409577E-08
   67.5800018         1.33508120E-08
   67.6949997         1.35531719E-08
   67.8099976         1.37476679E-08
   67.9250031         1.39339349E-08
   68.0400009         1.41116159E-08
   68.1549988         1.42803547E-08
   68.2699966         1.44398014E-08
   68.3850021         1.45896122E-08
   68.5000000         1.47294461E-08
   68.6149979         1.48589692E-08
   68.7300034         1.49778554E-08
   68.8450012         1.50857815E-08
   68.9599991         1.51824278E-08
   69.0749969         1.52674833E-08
   69.1900024         1.53406461E-08
   69.3050003         1.54016089E-08
   69.4199982         1.54500839E-08
   69.5350037         1.54857815E-08
   69.6500015         1.55084230E-08
   69.7649994         1.55177364E-08
   69.8799973         1.55134554E-08
   69.9950027         1.54953241E-08
   70.1100006         1.54630886E-08
   70.2249985         1.54165054E-08
   70.3399963         1.53553383E-08
   70.4550018         1.52793653E-08
   70.5699997         1.51883643E-08
   70.6849976         1.50821275E-08
   70.8000031         1.49604560E-08
   70.9150009         1.48231596E-08
   71.0299988         1.46700607E-08
   71.1449966         1.45009951E-08
   71.2600021         1.43158072E-08
   71.3750000         1.41143550E-08
   71.4899979         1.38965088E-08
   71.6050034         1.36621576E-08
   71.7200012         1.34112010E-08
   71.8349991         1.31435574E-08
   71.9499969         1.28591626E-08
   72.0650024         1.25579698E-08
   72.1800003         1.22399522E-08
   72.2949982         1.19051071E-08
   72.4100037         1.15534515E-08
   72.5250015         1.11850271E-08
   72.6399994         1.07999005E-08
   72.7549973         1.03981641E-08
   72.8700027         9.97993332E-09
   72.9850006         9.54535384E-09
   73.0999985         9.09459352E-09
   73.2149963         8.62785310E-09
   73.3300018         8.14535639E-09
   73.4449997         7.64735830E-09
   73.5599976         7.13414661E-09
   73.6750031         6.60603305E-09
   73.7900009         6.06336092E-09
   73.9049988         5.50650059E-09
   74.0199966         4.93584995E-09
   74.1350021         4.35183134E-09
   74.2500000         3.75489329E-09
   74.3649979         3.14550763E-09
   74.4800034         2.52417398E-09
   74.5950012         1.89140903E-09
   74.7099991         1.24775934E-09
   74.8249969         5.93789407E-10
   74.9400024        -6.99162672E-11
   75.0550003        -7.42748252E-10
   75.1699982        -1.42407641E-09
   75.2850037        -2.11325490E-09
   75.4000015        -2.80961276E-09
   75.5149994        -3.51246499E-09
   75.6299973        -4.22110258E-09
   75.7450027        -4.93480323E-09
   75.8600006        -5.65281910E-09
   75.9749985        -6.37438280E-09
   76.0899963        -7.09871006E-09
   76.2050018        -7.82499665E-09
   76.3199997        -8.55241744E-09
   76.4349976        -9.28012867E-09
   76.5500031        -1.00072706E-08
   76.6650009        -1.07329567E-08
   76.7799988        -1.14562910E-08
   76.8949966        -1.21763604E-08
   77.0100021        -1.28922366E-08
   77.1250000        -1.36029774E-08
   77.2399979        -1.43076244E-08
   77.3550034        -1.50052184E-08
   77.4700012        -1.56947859E-08
   77.5849991        -1.63753455E-08
   77.6999969        -1.70459113E-08
   77.8150024        -1.77054975E-08
   77.9300003        -1.83531146E-08
   78.0449982        -1.89877802E-08
   78.1600037        -1.96085157E-08
   78.2750015        -2.02143440E-08
   78.3899994        -2.08042952E-08
   78.5049973        -2.13774225E-08
   78.6200027        -2.19327791E-08
   78.7350006        -2.24694325E-08
   78.8499985        -2.29864749E-08
   78.9649963        -2.34830004E-08
   79.0800018        -2.39581333E-08
   79.1949997        -2.44109994E-08
   79.3099976        -2.48407570E-08
   79.4250031        -2.52465782E-08
   79.5400009        -2.56276582E-08
   79.6549988        -2.59832156E-08
   79.7699966        -2.63124829E-08
   79.8850021        -2.66147264E-08
   80.0000000        -2.68892268E-08
   80.1149979        -2.71352913E-08
   80.2300034        -2.73522556E-08
   80.3450012        -2.75394783E-08
   80.4599991        -2.76963465E-08
   80.5749969        -2.78222725E-08
   80.6900024        -2.79167001E-08
   80.8050003        -2.79790999E-08
   80.9199982        -2.80089800E-08
   81.0350037        -2.80058732E-08
   81.1500015        -2.79693531E-08
   81.2649994        -2.78990306E-08
   81.3799973        -2.77945471E-08
   81.4950027        -2.76555880E-08
   81.6100006        -2.74818728E-08
   81.7249985        -2.72731651E-08
   81.8399963        -2.70292624E-08
   81.9550018        -2.67500067E-08
   82.0699997        -2.64352842E-08
   82.1849976        -2.60850204E-08
   82.3000031        -2.56991868E-08
   82.4150009        -2.52777941E-08
   82.5299988        -2.48208991E-08
   82.6449966        -2.43286085E-08
   82.7600021        -2.38010660E-08
   82.8750000        -2.32384600E-08
   82.9899979        -2.26410197E-08
   83.1050034        -2.20090168E-08
   83.2200012        -2.13427658E-08
   83.3349991        -2.06426165E-08
   83.4499969        -1.99089634E-08
   83.5650024        -1.91422398E-08
   83.6800003        -1.83429147E-08
   83.7949982        -1.75115016E-08
   83.9100037        -1.66485457E-08
   84.0250015        -1.57546367E-08
   84.1399994        -1.48304018E-08
   84.2549973        -1.38765017E-08
   84.3700027        -1.28936355E-08
   84.4850006        -1.18825447E-08
   84.5999985        -1.08440030E-08
   84.7149963        -9.77882397E-09
   84.8300018        -8.68786110E-09
   84.9449997        -7.57200347E-09
   85.0599976        -6.43219211E-09
   85.1750031        -5.26940358E-09
   85.2900009        -4.08466194E-09
   85.4049988        -2.87903323E-09
   85.5199966        -1.65362857E-09
   85.6350021        -4.09599688E-10
   85.7500000         8.51844872E-10
   85.8649979         2.12945528E-09
   85.9800034         3.42193451E-09
   86.0950012         4.72793493E-09
   86.2099991         6.04606587E-09
   86.3249969         7.37488026E-09
   86.4400024         8.71289263E-09
   86.5550003         1.00585691E-08
   86.6699982         1.14103322E-08
   86.7850037         1.27665603E-08
   86.9000015         1.41255923E-08
   87.0149994         1.54857318E-08
   87.1299973         1.68452452E-08
   87.2450027         1.82023658E-08
   87.3600006         1.95553067E-08
   87.4749985         2.09022435E-08
   87.5899963         2.22413377E-08
   87.7050018         2.35707365E-08
   87.8199997         2.48885659E-08
   87.9349976         2.61929411E-08
   88.0500031         2.74819634E-08
   88.1650009         2.87537407E-08
   88.2799988         3.00063796E-08
   88.3949966         3.12379882E-08
   88.5100021         3.24466676E-08
   88.6250000         3.36305384E-08
   88.7399979         3.47877354E-08
   88.8550034         3.59163934E-08
   88.9700012         3.70146758E-08
   89.0849991         3.80807563E-08
   89.1999969         3.91128374E-08
   89.3150024         4.01091320E-08
   89.4300003         4.10678886E-08
   89.5449982         4.19873665E-08
   89.6600037         4.28658709E-08
   89.7750015         4.37017249E-08
   89.8899994         4.44932802E-08
   90.0049973         4.52389237E-08
   90.1200027         4.59370781E-08
   90.2350006         4.65862087E-08
   90.3499985         4.71848125E-08
   90.4649963         4.77314401E-08
   90.5800018         4.82246953E-08
   90.6949997         4.86632104E-08
   90.8099976         4.90456884E-08
   90.9250031         4.93708683E-08
   91.0400009         4.96375527E-08
   91.1549988         4.98445978E-08
   91.2699966         4.99909163E-08
   91.3850021         5.00754851E-08
   91.5000000         5.00973414E-08
   91.6149979         5.00555828E-08
   91.7300034         4.99493709E-08
   91.8450012         4.97779382E-08
   91.9599991         4.95405637E-08
   92.0749969         4.92366041E-08
   92.1900024         4.88654628E-08
   92.3050003         4.84266174E-08
   92.4199982         4.79195919E-08
   92.5350037         4.73439634E-08
   92.6500015         4.66993697E-08
   92.7649994         4.59854945E-08
   92.8799973         4.52020856E-08
   92.9950027         4.43489299E-08
   93.1100006         4.34258673E-08
   93.2249985         4.24327844E-08
   93.3399963         4.13696242E-08
   93.4550018         4.02363725E-08
   93.5699997         3.90330577E-08
   93.6849976         3.77597758E-08
   93.8000031         3.64166510E-08
   93.9150009         3.50038825E-08
   94.0299988         3.35217152E-08
   94.1449966         3.19704654E-08
   94.2600021         3.03505239E-08
   94.3750000         2.86623401E-08
   94.4899979         2.69064557E-08
   94.6050034         2.50834997E-08
   94.7200012         2.31941808E-08
   94.8349991         2.12393125E-08
   94.9499969         1.92198044E-08
   95.0650024         1.71366832E-08
   95.1800003         1.49910786E-08
   95.2949982         1.27842421E-08
   95.4100037         1.05175486E-08
   95.5250015         8.19249912E-09
   95.6399994         5.81072435E-09
   95.7549973         3.37398709E-09
   95.8700027         8.84179396E-10
   95.9850006        -1.65667502E-09
   96.0999985        -4.24642366E-09
   96.2149963        -6.88279211E-09
   96.3300018        -9.56338386E-09
   96.4449997        -1.22856880E-08
   96.5599976        -1.50470818E-08
   96.6750031        -1.78448492E-08
   96.7900009        -2.06761808E-08
   96.9049988        -2.35381723E-08
   97.0199966        -2.64278519E-08
   97.1350021        -2.93421909E-08
   97.2500000        -3.22781091E-08
   97.3649979        -3.52324783E-08
   97.4800034        -3.82021632E-08
   97.5950012        -4.11839984E-08
   97.7099991        -4.41748256E-08
   97.8249969        -4.71714827E-08
   97.9400024        -5.01708541E-08
   98.0550003        -5.31698099E-08
   98.1699982        -5.61652769E-08
   98.2850037        -5.91542175E-08
   98.4000015        -6.21336369E-08
   98.5149994        -6.51005791E-08
   98.6299973        -6.80521595E-08
   98.7450027        -7.09855357E-08
   98.8600006        -7.38979082E-08
   98.9749985        -7.67865416E-08
   99.0899963        -7.96487356E-08
   99.2050018        -8.24818116E-08
   99.3199997        -8.52831405E-08
   99.4349976        -8.80501148E-08
   99.5500031        -9.07801336E-08
   99.6650009        -9.34706108E-08
   99.7799988        -9.61189528E-08
   99.8949966        -9.87225661E-08
   100.010002        -1.01278843E-07
   100.125000        -1.03785148E-07
   100.239998        -1.06238815E-07
   100.355003        -1.08637160E-07
   100.470001        -1.10977439E-07
   100.584999        -1.13256888E-07
   100.699997        -1.15472737E-07
   100.815002        -1.17622157E-07
   100.930000        -1.19702321E-07
   101.044998        -1.21710357E-07
   101.160004        -1.23643417E-07
   101.275002        -1.25498630E-07
   101.389999        -1.27273140E-07
   101.504997        -1.28964132E-07
   101.620003        -1.30568793E-07
   101.735001        -1.32084381E-07
   101.849998        -1.33508266E-07
   101.964996        -1.34837833E-07
   102.080002        -1.36070582E-07
   102.195000        -1.37204125E-07
   102.309998        -1.38236146E-07
   102.425003        -1.39164484E-07
   102.540001        -1.39987065E-07
   102.654999        -1.40701957E-07
   102.769997        -1.41307382E-07
   102.885002        -1.41801678E-07
   103.000000        -1.42183310E-07
   103.114998        -1.42450844E-07
   103.230003        -1.42603014E-07
   103.345001        -1.42638612E-07
   103.459999        -1.42556544E-07
   103.574997        -1.42355802E-07
   103.690002        -1.42035461E-07
   103.805000        -1.41594711E-07
   103.919998        -1.41032729E-07
   104.035004        -1.40348774E-07
   104.150002        -1.39542166E-07
   104.264999        -1.38612194E-07
   104.379997        -1.37558217E-07
   104.495003        -1.36379569E-07
   104.610001        -1.35075581E-07
   104.724998        -1.33645642E-07
   104.839996        -1.32089113E-07
   104.955002        -1.30405368E-07
   105.070000        -1.28593825E-07
   105.184998        -1.26653859E-07
   105.300003        -1.24584943E-07
   105.415001        -1.22386538E-07
   105.529999        -1.20058132E-07
   105.644997        -1.17599299E-07
   105.760002        -1.15009655E-07
   105.875000        -1.12288888E-07
   105.989998        -1.09436805E-07
   106.105003        -1.06453285E-07
   106.220001        -1.03338351E-07
   106.334999        -1.00092123E-07
   106.449997        -9.67148637E-08
   106.565002        -9.32069710E-08
   106.680000        -8.95689851E-08
   106.794998        -8.58015881E-08
   106.910004        -8.19055970E-08
   107.025002        -7.78819924E-08
   107.139999        -7.37318615E-08
   107.254997        -6.94564619E-08
   107.370003        -6.50571579E-08
   107.485001        -6.05354415E-08
   107.599998        -5.58929223E-08
   107.714996        -5.11313232E-08
   107.830002        -4.62524525E-08
   107.945000        -4.12582075E-08
   108.059998        -3.61505528E-08
   108.175003        -3.09315134E-08
   108.290001        -2.56031800E-08
   108.404999        -2.01676631E-08
   108.519997        -1.46271200E-08
   108.635002        -8.98375863E-09
   108.750000        -3.23980198E-09
   108.864998         2.60247068E-09
   108.980003         8.54076365E-09
   109.095001         1.45727030E-08
   109.209999         2.06958841E-08
   109.324997         2.69078217E-08
   109.440002         3.32059678E-08
   109.555000         3.95876754E-08
   109.669998         4.60501717E-08
   109.785004         5.25905968E-08
   109.900002         5.92058953E-08
   110.014999         6.58928982E-08
   110.129997         7.26481986E-08
   110.245003         7.94682009E-08
   110.360001         8.63490968E-08
   110.474998         9.32867863E-08
   110.589996         1.00276964E-07
   110.705002         1.07315017E-07
   110.820000         1.14396080E-07
   110.934998         1.21514987E-07
   111.050003         1.28666301E-07
   111.165001         1.35844289E-07
   111.279999         1.43042939E-07
   111.394997         1.50255971E-07
   111.510002         1.57476833E-07
   111.625000         1.64698761E-07
   111.739998         1.71914706E-07
   111.855003         1.79117450E-07
   111.970001         1.86299602E-07
   112.084999         1.93453573E-07
   112.199997         2.00571662E-07
   112.315002         2.07646067E-07
   112.430000         2.14668901E-07
   112.544998         2.21632234E-07
   112.660004         2.28528094E-07
   112.775002         2.35348509E-07
   112.889999         2.42085463E-07
   113.004997         2.48731027E-07
   113.120003         2.55277286E-07
   113.235001         2.61716337E-07
   113.349998         2.68040424E-07
   113.464996         2.74241756E-07
   113.580002         2.80312690E-07
   113.695000         2.86245580E-07
   113.809998         2.92032837E-07
   113.925003         2.97666929E-07
   114.040001         3.03140382E-07
   114.154999         3.08445664E-07
   114.269997         3.13575242E-07
   114.385002         3.18521671E-07
   114.500000         3.23277391E-07
   114.614998         3.27834897E-07
   114.730003         3.32186630E-07
   114.845001         3.36324973E-07
   114.959999         3.40242281E-07
   115.074997         3.43930793E-07
   115.190002         3.47382752E-07
   115.305000         3.50590398E-07
   115.419998         3.53545857E-07
   115.535004         3.56241287E-07
   115.650002         3.58668871E-07
   115.764999         3.60820735E-07
   115.879997         3.62689065E-07
   115.995003         3.64266100E-07
   116.110001         3.65544224E-07
   116.224998         3.66515934E-07
   116.339996         3.67173783E-07
   116.455002         3.67510665E-07
   116.570000         3.67519590E-07
   116.684998         3.67193849E-07
   116.800003         3.66526933E-07
   116.915001         3.65512705E-07
   117.029999         3.64145251E-07
   117.144997         3.62419115E-07
   117.260002         3.60329096E-07
   117.375000         3.57870505E-07
   117.489998         3.55038907E-07
   117.605003         3.51830408E-07
   117.720001         3.48241457E-07
   117.834999         3.44268983E-07
   117.949997         3.39910315E-07
   118.065002         3.35163179E-07
   118.180000         3.30025671E-07
   118.294998         3.24496312E-07
   118.410004         3.18574081E-07
   118.525002         3.12258294E-07
   118.639999         3.05548696E-07
   118.754997         2.98445514E-07
   118.870003         2.90949259E-07
   118.985001         2.83060899E-07
   119.099998         2.74781769E-07
   119.214996         2.66113602E-07
   119.330002         2.57058531E-07
   119.445000         2.47618971E-07
   119.559998         2.37797849E-07
   119.675003         2.27598463E-07
   119.790001         2.17024478E-07
   119.904999         2.06080088E-07
   120.019997         1.94769868E-07
   120.135002         1.83098905E-07
   120.250000         1.71072756E-07
   120.364998         1.58697560E-07
   120.480003         1.45979882E-07
   120.595001         1.32926957E-07
   120.709999         1.19546471E-07
   120.824997         1.05846738E-07
   120.940002         9.18366325E-08
   121.055000         7.75256552E-08
   121.169998         6.29238741E-08
   121.285004         4.80419970E-08
   121.400002         3.28913679E-08
   121.514999         1.74839432E-08
   121.629997         1.83228599E-09
   121.745003        -1.40504550E-08
   121.860001        -3.01505700E-08
   121.974998        -4.64538381E-08
   122.089996        -6.29455030E-08
   122.205002        -7.96103450E-08
   122.320000        -9.64327000E-08
   122.434998        -1.13396446E-07
   122.550003        -1.30485077E-07
   122.665001        -1.47681675E-07
   122.779999        -1.64969009E-07
   122.894997        -1.82329572E-07
   123.010002        -1.99745543E-07
   123.125000        -2.17198902E-07
   123.239998        -2.34671461E-07
   123.355003        -2.52144787E-07
   123.470001        -2.69600378E-07
   123.584999        -2.87019446E-07
   123.699997        -3.04383235E-07
   123.815002        -3.21672758E-07
   123.930000        -3.38868972E-07
   124.044998        -3.55952665E-07
   124.160004        -3.72904594E-07
   124.275002        -3.89705349E-07
   124.389999        -4.06335460E-07
   124.504997        -4.22775287E-07
   124.620003        -4.39005220E-07
   124.735001        -4.55005306E-07
   124.849998        -4.70755708E-07
   124.964996        -4.86236445E-07
   125.080002        -5.01427394E-07
   125.195000        -5.16308376E-07
   125.309998        -5.30859097E-07
   125.425003        -5.45059152E-07
   125.540001        -5.58888246E-07
   125.654999        -5.72325860E-07
   125.769997        -5.85351700E-07
   125.885002        -5.97945245E-07
   126.000000        -6.10086374E-07
   126.114998        -6.21754680E-07
   126.230003        -6.32930096E-07
   126.345001        -6.43592784E-07
   126.459999        -6.53722964E-07
   126.574997        -6.63301194E-07
   126.690002        -6.72308317E-07
   126.805000        -6.80725520E-07
   126.919998        -6.88534385E-07
   127.035004        -6.95716892E-07
   127.150002        -7.02255534E-07
   127.264999        -7.08133200E-07
   127.379997        -7.13333463E-07
   127.495003        -7.17840408E-07
   127.610001        -7.21638742E-07
   127.724998        -7.24713857E-07
   127.839996        -7.27051599E-07
   127.955002        -7.28638781E-07
   128.070007        -7.29462784E-07
   128.184998        -7.29511726E-07
   128.300003        -7.28774410E-07
   128.414993        -7.27240604E-07
   128.529999        -7.24900588E-07
   128.645004        -7.21745607E-07
   128.759995        -7.17767705E-07
   128.875000        -7.12959661E-07
   128.990005        -7.07315053E-07
   129.104996        -7.00828537E-07
   129.220001        -6.93495338E-07
   129.335007        -6.85311761E-07
   129.449997        -6.76274908E-07
   129.565002        -6.66382903E-07
   129.679993        -6.55634551E-07
   129.794998        -6.44029853E-07
   129.910004        -6.31569662E-07
   130.024994        -6.18255740E-07
   130.139999        -6.04091042E-07
   130.255005        -5.89079264E-07
   130.369995        -5.73225293E-07
   130.485001        -5.56535213E-07
   130.600006        -5.39016071E-07
   130.714996        -5.20675940E-07
   130.830002        -5.01524198E-07
   130.945007        -4.81571249E-07
   131.059998        -4.60828744E-07
   131.175003        -4.39309247E-07
   131.289993        -4.17026683E-07
   131.404999        -3.93996004E-07
   131.520004        -3.70233380E-07
   131.634995        -3.45756177E-07
   131.750000        -3.20582899E-07
   131.865005        -2.94733127E-07
   131.979996        -2.68227552E-07
   132.095001        -2.41088003E-07
   132.210007        -2.13337302E-07
   132.324997        -1.84999251E-07
   132.440002        -1.56098650E-07
   132.554993        -1.26661149E-07
   132.669998        -9.67133360E-08
   132.785004        -6.62826025E-08
   132.899994        -3.53971856E-08
   133.014999        -4.08605194E-09
   133.130005         2.76211143E-08
   133.244995         5.96939529E-08
   133.360001         9.21015300E-08
   133.475006         1.24812345E-07
   133.589996         1.57794389E-07
   133.705002         1.91015147E-07
   133.820007         2.24441763E-07
   133.934998         2.58040899E-07
   134.050003         2.91778889E-07
   134.164993         3.25621670E-07
   134.279999         3.59534823E-07
   134.395004         3.93483646E-07
   134.509995         4.27433093E-07
   134.625000         4.61347923E-07
   134.740005         4.95192637E-07
   134.854996         5.28931594E-07
   134.970001         5.62528840E-07
   135.085007         5.95948393E-07
   135.199997         6.29154158E-07
   135.315002         6.62109812E-07
   135.429993         6.94779089E-07
   135.544998         7.27125496E-07
   135.660004         7.59112709E-07
   135.774994         7.90704405E-07
   135.889999         8.21864376E-07
   136.005005         8.52556639E-07
   136.119995         8.82745326E-07
   136.235001         9.12395024E-07
   136.350006         9.41470660E-07
   136.464996         9.69937673E-07
   136.580002         9.97761617E-07
   136.695007         1.02490912E-06
   136.809998         1.05134700E-06
   136.925003         1.07704318E-06
   137.039993         1.10196595E-06
   137.154999         1.12608473E-06
   137.270004         1.14936984E-06
   137.384995         1.17179252E-06
   137.500000         1.19332469E-06
   137.615005         1.21393975E-06
   137.729996         1.23361201E-06
   137.845001         1.25231702E-06
   137.960007         1.27003148E-06
   138.074997         1.28673298E-06
   138.190002         1.30240051E-06
   138.304993         1.31701427E-06
   138.419998         1.33055573E-06
   138.535004         1.34300728E-06
   138.649994         1.35435278E-06
   138.764999         1.36457709E-06
   138.880005         1.37366624E-06
   138.994995         1.38160760E-06
   139.110001         1.38838959E-06
   139.225006         1.39400208E-06
   139.339996         1.39843564E-06
   139.455002         1.40168243E-06
   139.570007         1.40373550E-06
   139.684998         1.40458894E-06
   139.800003         1.40423799E-06
   139.914993         1.40267889E-06
   140.029999         1.39990925E-06
   140.145004         1.39592737E-06
   140.259995         1.39073302E-06
   140.375000         1.38432677E-06
   140.490005         1.37671066E-06
   140.604996         1.36788753E-06
   140.720001         1.35786138E-06
   140.835007         1.34663765E-06
   140.949997         1.33422259E-06
   141.065002         1.32062360E-06
   141.179993         1.30584885E-06
   141.294998         1.28990825E-06
   141.410004         1.27281237E-06
   141.524994         1.25457291E-06
   141.639999         1.23520283E-06
   141.755005         1.21471589E-06
   141.869995         1.19312733E-06
   141.985001         1.17045329E-06
   142.100006         1.14671059E-06
   142.214996         1.12191765E-06
   142.330002         1.09609334E-06
   142.445007         1.06925745E-06
   142.559998         1.04143066E-06
   142.675003         1.01263447E-06
   142.789993         9.82891038E-07
   142.904999         9.52223274E-07
   143.020004         9.20654657E-07
   143.134995         8.88209627E-07
   143.250000         8.54912855E-07
   143.365005         8.20789694E-07
   143.479996         7.85865836E-07
   143.595001         7.50167430E-07
   143.710007         7.13720738E-07
   143.824997         6.76552474E-07
   143.940002         6.38689585E-07
   144.054993         6.00158955E-07
   144.169998         5.60987928E-07
   144.285004         5.21203731E-07
   144.399994         4.80833933E-07
   144.514999         4.39906103E-07
   144.630005         3.98447810E-07
   144.744995         3.56486623E-07
   144.860001         3.14049970E-07
   144.975006         2.71165334E-07
   145.089996         2.27860056E-07
   145.205002         1.84161223E-07
   145.320007         1.40095935E-07
   145.434998         9.56909858E-08
   145.550003         5.09731173E-08
   145.664993         5.96892979E-09
   145.779999        -3.92951698E-08
   145.895004        -8.47930579E-08
   146.009995        -1.30498691E-07
   146.125000        -1.76386280E-07
   146.240005        -2.22430415E-07
   146.354996        -2.68606016E-07
   146.470001        -3.14888240E-07
   146.585007        -3.61252717E-07
   146.699997        -4.07675316E-07
   146.815002        -4.54132334E-07
   146.929993        -5.00600265E-07
   147.044998        -5.47055890E-07
   147.160004        -5.93476216E-07
   147.274994        -6.39838447E-07
   147.389999        -6.86120359E-07
   147.505005        -7.32299952E-07
   147.619995        -7.78355172E-07
   147.735001        -8.24264532E-07
   147.850006        -8.70006716E-07
   147.964996        -9.15560406E-07
   148.080002        -9.60904458E-07
   148.195007        -1.00601756E-06
   148.309998        -1.05087850E-06
   148.425003        -1.09546579E-06
   148.539993        -1.13975807E-06
   148.654999        -1.18373362E-06
   148.770004        -1.22737049E-06
   148.884995        -1.27064664E-06
   149.000000        -1.31353954E-06
   149.115005        -1.35602659E-06
   149.229996        -1.39808458E-06
   149.345001        -1.43968998E-06
   149.460007        -1.48081904E-06
   149.574997        -1.52144719E-06
   149.690002        -1.56154965E-06
   149.804993        -1.60110142E-06
   149.919998        -1.64007645E-06
   150.035004        -1.67844894E-06
   150.149994        -1.71619229E-06
   150.264999        -1.75327989E-06
   150.380005        -1.78968492E-06
   150.494995        -1.82538008E-06
   150.610001        -1.86033822E-06
   150.725006        -1.89453215E-06
   150.839996        -1.92793436E-06
   150.955002        -1.96051747E-06
   151.070007        -1.99225451E-06
   151.184998        -2.02311776E-06
   151.300003        -2.05308038E-06
   151.414993        -2.08211554E-06
   151.529999        -2.11019665E-06
   151.645004        -2.13729732E-06
   151.759995        -2.16339208E-06
   151.875000        -2.18845503E-06
   151.990005        -2.21246182E-06
   152.104996        -2.23538791E-06
   152.220001        -2.25720896E-06
   152.335007        -2.27790179E-06
   152.449997        -2.29744319E-06
   152.565002        -2.31581021E-06
   152.679993        -2.33298078E-06
   152.794998        -2.34893332E-06
   152.910004        -2.36364599E-06
   153.024994        -2.37709787E-06
   153.139999        -2.38926896E-06
   153.255005        -2.40013901E-06
   153.369995        -2.40968848E-06
   153.485001        -2.41789803E-06
   153.600006        -2.42474880E-06
   153.714996        -2.43022237E-06
   153.830002        -2.43430009E-06
   153.945007        -2.43696445E-06
   154.059998        -2.43819773E-06
   154.175003        -2.43798263E-06
   154.289993        -2.43630234E-06
   154.404999        -2.43314048E-06
   154.520004        -2.42848091E-06
   154.634995        -2.42230863E-06
   154.750000        -2.41460930E-06
   154.865005        -2.40536860E-06
   154.979996        -2.39457336E-06
   155.095001        -2.38221105E-06
   155.210007        -2.36826963E-06
   155.324997        -2.35273819E-06
   155.440002        -2.33560627E-06
   155.554993        -2.31686499E-06
   155.669998        -2.29650641E-06
   155.785004        -2.27452369E-06
   155.899994        -2.25091139E-06
   156.014999        -2.22566587E-06
   156.130005        -2.19878439E-06
   156.244995        -2.17026559E-06
   156.360001        -2.14010947E-06
   156.475006        -2.10831809E-06
   156.589996        -2.07489393E-06
   156.705002        -2.03984177E-06
   156.820007        -2.00316776E-06
   156.934998        -1.96487963E-06
   157.050003        -1.92498692E-06
   157.164993        -1.88350043E-06
   157.279999        -1.84043301E-06
   157.395004        -1.79579877E-06
   157.509995        -1.74961338E-06
   157.625000        -1.70189412E-06
   157.740005        -1.65265999E-06
   157.854996        -1.60193110E-06
   157.970001        -1.54972952E-06
   158.085007        -1.49607854E-06
   158.199997        -1.44100306E-06
   158.315002        -1.38452992E-06
   158.429993        -1.32668731E-06
   158.544998        -1.26750524E-06
   158.660004        -1.20701532E-06
   158.774994        -1.14525119E-06
   158.889999        -1.08224788E-06
   159.005005        -1.01804221E-06
   159.119995        -9.52672963E-07
   159.235001        -8.86180544E-07
   159.350006        -8.18607191E-07
   159.464996        -7.49997412E-07
   159.580002        -6.80397648E-07
   159.695007        -6.09856500E-07
   159.809998        -5.38424672E-07
   159.925003        -4.66154972E-07
   160.039993        -3.93102624E-07
   160.154999        -3.19324784E-07
   160.270004        -2.44880567E-07
   160.384995        -1.69831239E-07
   160.500000        -9.42399936E-08
   160.615005        -1.81720647E-08
   160.729996         5.83053819E-08
   160.845001         1.35123216E-07
   160.960007         2.12210566E-07
   161.074997         2.89494722E-07
   161.190002         3.66901446E-07
   161.304993         4.44355010E-07
   161.419998         5.21778418E-07
   161.535004         5.99093369E-07
   161.649994         6.76220850E-07
   161.764999         7.53080997E-07
   161.880005         8.29593091E-07
   161.994995         9.05676131E-07
   162.110001         9.81248263E-07
   162.225006         1.05622757E-06
   162.339996         1.13053159E-06
   162.455002         1.20407810E-06
   162.570007         1.27678493E-06
   162.684998         1.34856964E-06
   162.800003         1.41935084E-06
   162.914993         1.48904724E-06
   163.029999         1.55757800E-06
   163.145004         1.62486378E-06
   163.259995         1.69082523E-06
   163.375000         1.75538401E-06
   163.490005         1.81846315E-06
   163.604996         1.87998580E-06
   163.720001         1.93987671E-06
   163.835007         1.99806095E-06
   163.949997         2.05446599E-06
   164.065002         2.10901908E-06
   164.179993         2.16164972E-06
   164.294998         2.21228856E-06
   164.410004         2.26086786E-06
   164.524994         2.30732212E-06
   164.639999         2.35158655E-06
   164.755005         2.39359838E-06
   164.869995         2.43329600E-06
   164.985001         2.47062030E-06
