  -18.8999996         0.00000000    
  -18.7849998         0.00000000    
  -18.6700001         0.00000000    
  -18.5550003         0.00000000    
  -18.4400005         0.00000000    
  -18.3250008         0.00000000    
  -18.2099991         0.00000000    
  -18.0949993         0.00000000    
  -17.9799995         0.00000000    
  -17.8649998         0.00000000    
  -17.7500000         0.00000000    
  -17.6350002         0.00000000    
  -17.5200005         0.00000000    
  -17.4050007         0.00000000    
  -17.2900009         0.00000000    
  -17.1749992         0.00000000    
  -17.0599995         0.00000000    
  -16.9449997         0.00000000    
  -16.8299999         0.00000000    
  -16.7150002         0.00000000    
  -16.6000004         0.00000000    
  -16.4850006         0.00000000    
  -16.3700008         0.00000000    
  -16.2549992         0.00000000    
  -16.1399994         0.00000000    
  -16.0249996         0.00000000    
  -15.9099998         0.00000000    
  -15.7950001         0.00000000    
  -15.6800003         0.00000000    
  -15.5649996         0.00000000    
  -15.4499998         0.00000000    
  -15.3350000         0.00000000    
  -15.2200003         0.00000000    
  -15.1049995         0.00000000    
  -14.9899998         0.00000000    
  -14.8750000         0.00000000    
  -14.7600002         0.00000000    
  -14.6450005         0.00000000    
  -14.5299997         0.00000000    
  -14.4150000         0.00000000    
  -14.3000002         0.00000000    
  -14.1850004         0.00000000    
  -14.0699997         0.00000000    
  -13.9549999         0.00000000    
  -13.8400002         0.00000000    
  -13.7250004         0.00000000    
  -13.6099997         0.00000000    
  -13.4949999         0.00000000    
  -13.3800001         0.00000000    
  -13.2650003         0.00000000    
  -13.1499996         0.00000000    
  -13.0349998         0.00000000    
  -12.9200001         0.00000000    
  -12.8050003         0.00000000    
  -12.6899996         0.00000000    
  -12.5749998         0.00000000    
  -12.4600000         0.00000000    
  -12.3450003         0.00000000    
  -12.2299995         0.00000000    
  -12.1149998         0.00000000    
  -12.0000000         0.00000000    
  -11.8850002         1.06009947E-33
  -11.7700005        -9.64698826E-33
  -11.6549997        -4.84205019E-32
  -11.5400000        -8.96939041E-32
  -11.4250002        -1.02354501E-31
  -11.3100004        -5.98695436E-32
  -11.1949997         2.92862075E-31
  -11.0799999         1.21058389E-30
  -10.9650002         2.88151601E-30
  -10.8500004         5.21761392E-30
  -10.7349997         7.95210456E-30
  -10.6199999         1.06067703E-29
  -10.5050001         1.26062098E-29
  -10.3900003         1.21497200E-29
  -10.2749996         7.40119305E-30
  -10.1599998        -3.43034379E-30
  -10.0450001        -2.20322338E-29
  -9.93000031        -4.96022023E-29
  -9.81499958        -8.66821526E-29
  -9.69999981        -1.33008526E-28
  -9.58500004        -1.86762831E-28
  -9.47000027        -2.44760683E-28
  -9.35499954        -3.01028821E-28
  -9.23999977        -3.45936451E-28
  -9.12500000        -3.65639389E-28
  -9.01000023        -3.40606537E-28
  -8.89500046        -2.45682794E-28
  -8.77999973        -5.09112238E-29
  -8.66499996         2.76029720E-28
  -8.55000019         7.65956206E-28
  -8.43500042         1.44232643E-27
  -8.31999969         2.31343071E-27
  -8.20499992         3.36208897E-27
  -8.09000015         4.53370496E-27
  -7.97499990         5.72289428E-27
  -7.86000013         6.76131064E-27
  -7.74499989         7.40831833E-27
  -7.63000011         7.34904745E-27
  -7.51499987         6.19989705E-27
  -7.40000010         3.53082701E-27
  -7.28499985        -1.09510341E-27
  -7.17000008        -8.06178097E-27
  -7.05499983        -1.76188724E-26
  -6.94000006        -2.97827471E-26
  -6.82499981        -4.42273203E-26
  -6.71000004        -6.01761711E-26
  -6.59499979        -7.63131714E-26
  -6.48000002        -9.07316813E-26
  -6.36499977        -1.00944977E-25
  -6.25000000        -1.03979928E-25
  -6.13500023        -9.65715693E-26
  -6.01999998        -7.54676173E-26
  -5.90500021        -3.78399382E-26
  -5.78999996         1.82170432E-26
  -5.67500019         9.31396053E-26
  -5.55999994         1.85357316E-25
  -5.44500017         2.90839926E-25
  -5.32999992         4.02814269E-25
  -5.21500015         5.11738112E-25
  -5.09999990         6.05609947E-25
  -4.98500013         6.70665826E-25
  -4.86999989         6.92478422E-25
  -4.75500011         6.57419225E-25
  -4.63999987         5.54385609E-25
  -4.52500010         3.76628894E-25
  -4.40999985         1.23465693E-25
  -4.29500008        -1.98388780E-25
  -4.17999983        -5.74139426E-25
  -4.06500006        -9.81136285E-25
  -3.95000005        -1.39019034E-24
  -3.83500004        -1.76806882E-24
  -3.72000003        -2.08109829E-24
  -3.60500002        -2.29963663E-24
  -3.49000001        -2.40298214E-24
  -3.37500000        -2.38410825E-24
  -3.25999999        -2.25347683E-24
  -3.14499998        -2.04109654E-24
  -3.02999997        -1.79601737E-24
  -2.91499996        -1.58257400E-24
  -2.79999995        -1.47292263E-24
  -2.68499994        -1.53579119E-24
  -2.56999993        -1.82179676E-24
  -2.45499992        -2.34624845E-24
  -2.33999991        -3.07079825E-24
  -2.22499990        -3.88593119E-24
  -2.10999990        -4.59654143E-24
  -1.99500000        -4.91321662E-24
  -1.88000000        -4.45176810E-24
  -1.76499999        -2.74342473E-24
  -1.64999998         7.42381714E-25
  -1.53499997         6.56145786E-24
  -1.41999996         1.52442463E-23
  -1.30499995         2.72320338E-23
  -1.19000006         4.28021759E-23
  -1.07500005         6.19856859E-23
 -0.959999979         8.44821499E-23
 -0.845000029         1.09577929E-22
 -0.730000019         1.36075073E-22
 -0.615000010         1.62238838E-22
 -0.500000000         1.85773095E-22
 -0.384999990         2.03832444E-22
 -0.270000011         2.13080241E-22
 -0.155000001         2.09800436E-22
  -3.99999991E-02     1.90069497E-22
   7.50000030E-02     1.49991842E-22
  0.189999998         8.59984731E-23
  0.305000007        -4.79767453E-24
  0.419999987        -1.24201946E-22
  0.535000026        -2.72513880E-22
  0.649999976        -4.48107830E-22
  0.764999986        -6.47054764E-22
  0.879999995        -8.62828846E-22
  0.995000005        -1.08614863E-21
   1.11000001        -1.30500091E-21
   1.22500002        -1.50489639E-21
   1.34000003        -1.66939134E-21
   1.45500004        -1.78089704E-21
   1.57000005        -1.82177402E-21
   1.68499994        -1.77568152E-21
   1.79999995        -1.62911384E-21
   1.91499996        -1.37302520E-21
   2.02999997        -1.00441133E-21
   2.14499998        -5.27683928E-22
   2.25999999         4.43350052E-23
   2.37500000         6.89981116E-22
   2.49000001         1.37903579E-21
   2.60500002         2.07386095E-21
   2.72000003         2.73143944E-21
   2.83500004         3.30631583E-21
   2.95000005         3.75431713E-21
   3.06500006         4.03685788E-21
   3.18000007         4.12551686E-21
   3.29500008         4.00649332E-21
   3.41000009         3.68448782E-21
   3.52500010         3.18553232E-21
   3.64000010         2.55829374E-21
   3.75500011         1.87346937E-21
   3.86999989         1.22098230E-21
   3.98499990         7.04867691E-22
   4.09999990         4.35934482E-22
   4.21500015         5.22518997E-22
   4.32999992         1.05986858E-21
   4.44500017         2.11890392E-21
   4.55999994         3.73528188E-21
   4.67500019         5.89977121E-21
   4.78999996         8.55098362E-21
   4.90500021         1.15714078E-20
   5.01999998         1.47875337E-20
   5.13500023         1.79745491E-20
   5.25000000         2.08657860E-20
   5.36499977         2.31666115E-20
   5.48000002         2.45721126E-20
   5.59499979         2.47874429E-20
   5.71000004         2.35494071E-20
   5.82499981         2.06475848E-20
   5.94000006         1.59432132E-20
   6.05499983         9.38411929E-21
   6.17000008         1.01417372E-21
   6.28499985        -9.02378358E-21
   6.40000010        -2.04921007E-20
   6.51499987        -3.30694434E-20
   6.63000011        -4.63681068E-20
   6.74499989        -5.99560541E-20
   6.86000013        -7.33816155E-20
   6.97499990        -8.61984237E-20
   7.09000015        -9.79879963E-20
   7.20499992        -1.08377378E-19
   7.32000017        -1.17049740E-19
   7.43499994        -1.23746414E-19
   7.55000019        -1.28259653E-19
   7.66499996        -1.30416863E-19
   7.78000021        -1.30057336E-19
   7.89499998        -1.27004691E-19
   8.01000023        -1.21038250E-19
   8.12500000        -1.11867764E-19
   8.23999977        -9.91158054E-20
   8.35499954        -8.23124519E-20
   8.47000027        -6.09055024E-20
   8.58500004        -3.42892730E-20
   8.69999981        -1.85253803E-21
   8.81499958         3.69548658E-20
   8.93000031         8.25396746E-20
   9.04500008         1.35071847E-19
   9.15999985         1.94386384E-19
   9.27499962         2.59888516E-19
   9.39000034         3.30470442E-19
   9.50500011         4.04448280E-19
   9.61999989         4.79527510E-19
   9.73499966         5.52803252E-19
   9.85000038         6.20800239E-19
   9.96500015         6.79554516E-19
   10.0799999         7.24736000E-19
   10.1949997         7.51808329E-19
   10.3100004         7.56219528E-19
   10.4250002         7.33614853E-19
   10.5400000         6.80059510E-19
   10.6549997         5.92261887E-19
   10.7700005         4.67782165E-19
   10.8850002         3.05217497E-19
   11.0000000         1.04350947E-19
   11.1149998        -1.33742116E-19
   11.2299995        -4.06636716E-19
   11.3450003        -7.10552644E-19
   11.4600000        -1.04040017E-18
   11.5749998        -1.38987498E-18
   11.6899996        -1.75159610E-18
   11.8050003        -2.11728045E-18
   11.9200001        -2.47794608E-18
   12.0349998        -2.82413358E-18
   12.1499996        -3.14613907E-18
   12.2650003        -3.43424959E-18
   12.3800001        -3.67897263E-18
   12.4949999        -3.87125779E-18
   12.6099997        -4.00269845E-18
   12.7250004        -4.06572299E-18
   12.8400002        -4.05375989E-18
   12.9549999        -3.96138657E-18
   13.0699997        -3.78445801E-18
   13.1850004        -3.52021764E-18
   13.3000002        -3.16738727E-18
   13.4150000        -2.72624172E-18
   13.5299997        -2.19866323E-18
   13.6450005        -1.58817871E-18
   13.7600002        -8.99972817E-19
   13.8750000        -1.40877854E-19
   13.9899998         6.80666764E-19
   14.1049995         1.55468958E-18
   14.2200003         2.46980580E-18
   14.3350000         3.41338065E-18
   14.4499998         4.37175128E-18
   14.5649996         5.33051069E-18
   14.6800003         6.27484944E-18
   14.7950001         7.18996969E-18
   14.9099998         8.06156163E-18
   15.0249996         8.87633619E-18
   15.1400003         9.62260447E-18
   15.2550001         1.02908771E-17
   15.3699999         1.08744770E-17
   15.4849997         1.13701120E-17
   15.6000004         1.17784026E-17
   15.7150002         1.21043010E-17
   15.8299999         1.23573670E-17
   15.9449997         1.25518719E-17
   16.0599995         1.27066961E-17
   16.1749992         1.28449792E-17
   16.2900009         1.29935301E-17
   16.4050007         1.31819717E-17
   16.5200005         1.34416510E-17
   16.6350002         1.38043325E-17
   16.7500000         1.43007302E-17
   16.8649998         1.49589426E-17
   16.9799995         1.58028654E-17
   17.0949993         1.68506815E-17
   17.2099991         1.81135034E-17
   17.3250008         1.95942924E-17
   17.4400005         2.12871225E-17
   17.5550003         2.31768629E-17
   17.6700001         2.52393567E-17
   17.7849998         2.74421139E-17
   17.8999996         2.97455108E-17
   18.0149994         3.21045042E-17
   18.1299992         3.44707469E-17
   18.2450008         3.67950848E-17
   18.3600006         3.90302360E-17
   18.4750004         4.11336107E-17
   18.5900002         4.30700239E-17
   18.7049999         4.48142236E-17
   18.8199997         4.63530409E-17
   18.9349995         4.76870814E-17
   19.0499992         4.88317406E-17
   19.1650009         4.98175744E-17
   19.2800007         5.06899323E-17
   19.3950005         5.15078055E-17
   19.5100002         5.23420072E-17
   19.6250000         5.32726450E-17
   19.7399998         5.43861260E-17
   19.8549995         5.57716867E-17
   19.9699993         5.75177127E-17
   20.0849991         5.97079811E-17
   20.2000008         6.24179902E-17
   20.3150005         6.57115058E-17
   20.4300003         6.96376292E-17
   20.5450001         7.42283030E-17
   20.6599998         7.94965898E-17
   20.7749996         8.54356275E-17
   20.8899994         9.20184102E-17
   21.0049992         9.91983710E-17
   21.1200008         1.06910765E-16
   21.2350006         1.15074760E-16
   21.3500004         1.23596215E-16
   21.4650002         1.32370987E-16
   21.5799999         1.41288682E-16
   21.6949997         1.50236646E-16
   21.8099995         1.59104181E-16
   21.9249992         1.67786652E-16
   22.0400009         1.76189444E-16
   22.1550007         1.84231545E-16
   22.2700005         1.91848701E-16
   22.3850002         1.98995978E-16
   22.5000000         2.05649488E-16
   22.6149998         2.11807457E-16
   22.7299995         2.17490228E-16
   22.8449993         2.22739490E-16
   22.9599991         2.27616361E-16
   23.0750008         2.32198783E-16
   23.1900005         2.36577837E-16
   23.3050003         2.40853369E-16
   23.4200001         2.45128847E-16
   23.5349998         2.49505757E-16
   23.6499996         2.54077618E-16
   23.7649994         2.58923864E-16
   23.8799992         2.64103655E-16
   23.9950008         2.69650212E-16
   24.1100006         2.75565335E-16
   24.2250004         2.81815167E-16
   24.3400002         2.88326548E-16
   24.4549999         2.94984783E-16
   24.5699997         3.01632879E-16
   24.6849995         3.08072447E-16
   24.7999992         3.14066211E-16
   24.9150009         3.19342485E-16
   25.0300007         3.23601552E-16
   25.1450005         3.26523578E-16
   25.2600002         3.27778510E-16
   25.3750000         3.27037224E-16
   25.4899998         3.23983829E-16
   25.6049995         3.18328799E-16
   25.7199993         3.09822073E-16
   25.8349991         2.98266241E-16
   25.9500008         2.83528238E-16
   26.0650005         2.65550044E-16
   26.1800003         2.44356697E-16
   26.2950001         2.20061516E-16
   26.4099998         1.92867721E-16
   26.5249996         1.63066138E-16
   26.6399994         1.31028546E-16
   26.7549992         9.71960844E-17
   26.8700008         6.20634937E-17
   26.9850006         2.61584900E-17
   27.1000004        -9.98221959E-18
   27.2150002        -4.58401790E-17
   27.3299999        -8.09450956E-17
   27.4449997        -1.14904890E-16
   27.5599995        -1.47436355E-16
   27.6749992        -1.78392550E-16
   27.7900009        -2.07787889E-16
   27.9050007        -2.35817572E-16
   28.0200005        -2.62870164E-16
   28.1350002        -2.89533093E-16
   28.2500000        -3.16588305E-16
   28.3649998        -3.44999087E-16
   28.4799995        -3.75886435E-16
   28.5949993        -4.10496915E-16
   28.7099991        -4.50160318E-16
   28.8250008        -4.96240711E-16
   28.9400005        -5.50081831E-16
   29.0550003        -6.12948245E-16
   29.1700001        -6.85966032E-16
   29.2849998        -7.70064757E-16
   29.3999996        -8.65925170E-16
   29.5149994        -9.73933200E-16
   29.6299992        -1.09414528E-15
   29.7450008        -1.22626633E-15
   29.8600006        -1.36964169E-15
   29.9750004        -1.52326657E-15
   30.0900002        -1.68580976E-15
   30.2049999        -1.85565691E-15
   30.3199997        -2.03096541E-15
   30.4349995        -2.20973616E-15
   30.5499992        -2.38989541E-15
   30.6650009        -2.56938360E-15
   30.7800007        -2.74624895E-15
   30.8950005        -2.91874001E-15
   31.0100002        -3.08539565E-15
   31.1250000        -3.24512468E-15
   31.2399998        -3.39727297E-15
   31.3549995        -3.54167557E-15
   31.4699993        -3.67868696E-15
   31.5849991        -3.80919102E-15
   31.7000008        -3.93458959E-15
   31.8150005        -4.05676562E-15
   31.9300003        -4.17802262E-15
   32.0449982        -4.30100630E-15
   32.1599998        -4.42860631E-15
   32.2750015        -4.56384190E-15
   32.3899994        -4.70973993E-15
   32.5050011        -4.86920701E-15
   32.6199989        -5.04489943E-15
   32.7350006        -5.23909910E-15
   32.8499985        -5.45360130E-15
   32.9650002        -5.68961560E-15
   33.0800018        -5.94768578E-15
   33.1949997        -6.22763653E-15
   33.3100014        -6.52854286E-15
   33.4249992        -6.84872640E-15
   33.5400009        -7.18578368E-15
   33.6549988        -7.53664082E-15
   33.7700005        -7.89763525E-15
   33.8849983        -8.26461820E-15
   34.0000000        -8.63308177E-15
   34.1150017        -8.99830205E-15
   34.2299995        -9.35548991E-15
   34.3450012        -9.69994603E-15
   34.4599991        -1.00272269E-14
   34.5750008        -1.03332878E-14
   34.6899986        -1.06146264E-14
   34.8050003        -1.08684060E-14
   34.9199982        -1.10925520E-14
   35.0349998        -1.12858356E-14
   35.1500015        -1.14479146E-14
   35.2649994        -1.15793461E-14
   35.3800011        -1.16815771E-14
   35.4949989        -1.17568893E-14
   35.6100006        -1.18083203E-14
   35.7249985        -1.18395529E-14
   35.8400002        -1.18547724E-14
   35.9550018        -1.18585112E-14
   36.0699997        -1.18554628E-14
   36.1850014        -1.18502908E-14
   36.2999992        -1.18474295E-14
   36.4150009        -1.18508769E-14
   36.5299988        -1.18640026E-14
   36.6450005        -1.18893585E-14
   36.7599983        -1.19285160E-14
   36.8750000        -1.19819231E-14
   36.9900017        -1.20487938E-14
   37.1049995        -1.21270342E-14
   37.2200012        -1.22132173E-14
   37.3349991        -1.23025911E-14
   37.4500008        -1.23891443E-14
   37.5649986        -1.24657136E-14
   37.6800003        -1.25241470E-14
   37.7949982        -1.25554999E-14
   37.9099998        -1.25502864E-14
   38.0250015        -1.24987504E-14
   38.1399994        -1.23911730E-14
   38.2550011        -1.22181995E-14
   38.3699989        -1.19711590E-14
   38.4850006        -1.16423874E-14
   38.5999985        -1.12255294E-14
   38.7150002        -1.07158070E-14
   38.8300018        -1.01102462E-14
   38.9449997        -9.40783994E-15
   39.0600014        -8.60965369E-15
   39.1749992        -7.71884438E-15
   39.2900009        -6.74060984E-15
   39.4049988        -5.68205286E-15
   39.5200005        -4.55195464E-15
   39.6349983        -3.36048612E-15
   39.7500000        -2.11883449E-15
   39.8650017        -8.38783376E-16
   39.9799995         4.67759651E-16
   40.0950012         1.78925292E-15
   40.2099991         3.11502465E-15
   40.3250008         4.43576501E-15
   40.4399986         5.74397394E-15
   40.5550003         7.03436002E-15
   40.6699982         8.30415685E-15
   40.7849998         9.55335766E-15
   40.9000015         1.07848326E-14
   41.0149994         1.20043313E-14
   41.1300011         1.32203539E-14
   41.2449989         1.44439243E-14
   41.3600006         1.56881988E-14
   41.4749985         1.69680130E-14
   41.5900002         1.82992829E-14
   41.7050018         1.96983729E-14
   41.8199997         2.11813887E-14
   41.9350014         2.27634514E-14
   42.0499992         2.44579798E-14
   42.1650009         2.62760174E-14
   42.2799988         2.82255942E-14
   42.3950005         3.03112434E-14
   42.5099983         3.25335834E-14
   42.6250000         3.48890872E-14
   42.7400017         3.73699857E-14
   42.8549995         3.99643562E-14
   42.9700012         4.26563929E-14
   43.0849991         4.54268140E-14
   43.2000008         4.82534612E-14
   43.3149986         5.11120043E-14
   43.4300003         5.39767477E-14
   43.5449982         5.68215722E-14
   43.6599998         5.96208128E-14
   43.7750015         6.23502172E-14
   43.8899994         6.49878101E-14
   44.0050011         6.75146584E-14
   44.1199989         6.99155767E-14
   44.2350006         7.21795670E-14
   44.3499985         7.43001580E-14
   44.4650002         7.62754795E-14
   44.5800018         7.81081742E-14
   44.6949997         7.98050252E-14
   44.8100014         8.13764136E-14
   44.9249992         8.28356277E-14
   45.0400009         8.41979142E-14
   45.1549988         8.54794683E-14
   45.2700005         8.66963768E-14
   45.3849983         8.78634324E-14
   45.5000000         8.89930558E-14
   45.6150017         9.00942461E-14
   45.7299995         9.11716923E-14
   45.8450012         9.22249812E-14
   45.9599991         9.32481021E-14
   46.0750008         9.42291221E-14
   46.1899986         9.51501654E-14
   46.3050003         9.59876303E-14
   46.4199982         9.67127244E-14
   46.5349998         9.72922033E-14
   46.6500015         9.76893466E-14
   46.7649994         9.78652313E-14
   46.8800011         9.77800198E-14
   46.9949989         9.73944165E-14
   47.1100006         9.66711994E-14
   47.2249985         9.55766567E-14
   47.3400002         9.40819891E-14
   47.4550018         9.21645572E-14
   47.5699997         8.98089247E-14
   47.6850014         8.70075767E-14
   47.7999992         8.37614347E-14
   47.9150009         8.00799585E-14
   48.0299988         7.59809086E-14
   48.1450005         7.14897637E-14
   48.2599983         6.66387721E-14
   48.3750000         6.14657183E-14
   48.4900017         5.60123000E-14
   48.6049995         5.03224239E-14
   48.7200012         4.44401968E-14
   48.8349991         3.84079196E-14
   48.9500008         3.22640406E-14
   49.0649986         2.60412013E-14
   49.1800003         1.97644228E-14
   49.2949982         1.34495974E-14
   49.4099998         7.10231875E-15
   49.5250015         7.17023660E-16
   49.6399994        -5.72329024E-15
   49.7550011        -1.22469326E-14
   49.8699989        -1.88928412E-14
   49.9850006        -2.57094185E-14
   50.0999985        -3.27527922E-14
   50.2150002        -4.00848483E-14
   50.3300018        -4.77706220E-14
   50.4449997        -5.58755956E-14
   50.5600014        -6.44626971E-14
   50.6749992        -7.35892602E-14
   50.7900009        -8.33039760E-14
   50.9049988        -9.36440595E-14
   51.0200005        -1.04632713E-13
   51.1349983        -1.16276861E-13
   51.2500000        -1.28565588E-13
   51.3650017        -1.41469003E-13
   51.4799995        -1.54937952E-13
   51.5950012        -1.68904197E-13
   51.7099991        -1.83281653E-13
   51.8250008        -1.97968039E-13
   51.9399986        -2.12847508E-13
   52.0550003        -2.27793695E-13
   52.1699982        -2.42673503E-13
   52.2849998        -2.57351025E-13
   52.4000015        -2.71692066E-13
   52.5149994        -2.85568607E-13
   52.6300011        -2.98863229E-13
   52.7449989        -3.11473449E-13
   52.8600006        -3.23315593E-13
   52.9749985        -3.34327943E-13
   53.0900002        -3.44473365E-13
   53.2050018        -3.53740989E-13
   53.3199997        -3.62146944E-13
   53.4350014        -3.69733974E-13
   53.5499992        -3.76570032E-13
   53.6650009        -3.82745701E-13
   53.7799988        -3.88370624E-13
   53.8950005        -3.93568966E-13
   54.0099983        -3.98474087E-13
   54.1250000        -4.03222377E-13
   54.2400017        -4.07946897E-13
   54.3549995        -4.12770621E-13
   54.4700012        -4.17799801E-13
   54.5849991        -4.23117569E-13
   54.7000008        -4.28778215E-13
   54.8149986        -4.34802314E-13
   54.9300003        -4.41172977E-13
   55.0449982        -4.47833258E-13
   55.1599998        -4.54685362E-13
   55.2750015        -4.61591106E-13
   55.3899994        -4.68374417E-13
   55.5050011        -4.74825095E-13
   55.6199989        -4.80704615E-13
   55.7350006        -4.85753039E-13
   55.8499985        -4.89697421E-13
   55.9650002        -4.92260800E-13
   56.0800018        -4.93172397E-13
   56.1949997        -4.92177371E-13
   56.3100014        -4.89047225E-13
   56.4249992        -4.83589405E-13
   56.5400009        -4.75655431E-13
   56.6549988        -4.65148753E-13
   56.7700005        -4.52030259E-13
   56.8849983        -4.36321958E-13
   57.0000000        -4.18108555E-13
   57.1150017        -3.97536740E-13
   57.2299995        -3.74811944E-13
   57.3450012        -3.50192884E-13
   57.4599991        -3.23983814E-13
   57.5750008        -2.96524741E-13
   57.6899986        -2.68179955E-13
   57.8050003        -2.39325324E-13
   57.9199982        -2.10334490E-13
   58.0349998        -1.81565063E-13
   58.1500015        -1.53344487E-13
   58.2649994        -1.25956971E-13
   58.3800011        -9.96314305E-14
   58.4949989        -7.45313167E-14
   58.6100006        -5.07464554E-14
   58.7249985        -2.82876021E-14
   58.8400002        -7.08373866E-15
   58.9550018         1.30173175E-14
   59.0699997         3.22453957E-14
   59.1850014         5.09012117E-14
   59.2999992         6.93466890E-14
   59.4150009         8.79924727E-14
   59.5299988         1.07283140E-13
   59.6450005         1.27680513E-13
   59.7599983         1.49645812E-13
   59.8750000         1.73620816E-13
   59.9900017         2.00009375E-13
   60.1049995         2.29159384E-13
   60.2200012         2.61346066E-13
   60.3349991         2.96757654E-13
   60.4500008         3.35483350E-13
   60.5649986         3.77504560E-13
   60.6800003         4.22690041E-13
   60.7949982         4.70794736E-13
   60.9099998         5.21462322E-13
   61.0250015         5.74232556E-13
   61.1399994         6.28552061E-13
   61.2550011         6.83789180E-13
   61.3699989         7.39251705E-13
   61.4850006         7.94207419E-13
   61.5999985         8.47906706E-13
   61.7150002         8.99606615E-13
   61.8300018         9.48594610E-13
   61.9449997         9.94212850E-13
   62.0600014         1.03588037E-12
   62.1749992         1.07311328E-12
   62.2900009         1.10554209E-12
   62.4049988         1.13292568E-12
   62.5200005         1.15515974E-12
   62.6349983         1.17228221E-12
   62.7500000         1.18447223E-12
   62.8650017         1.19204527E-12
   62.9799995         1.19544207E-12
   63.0950012         1.19521374E-12
   63.2099991         1.19200255E-12
   63.3250008         1.18651833E-12
   63.4399986         1.17951308E-12
   63.5550003         1.17175215E-12
   63.6699982         1.16398557E-12
   63.7849998         1.15691896E-12
   63.9000015         1.15118516E-12
   64.0149994         1.14731900E-12
   64.1299973         1.14573379E-12
   64.2450027         1.14670263E-12
   64.3600006         1.15034447E-12
   64.4749985         1.15661560E-12
   64.5899963         1.16530667E-12
   64.7050018         1.17604613E-12
   64.8199997         1.18830922E-12
   64.9349976         1.20143348E-12
   65.0500031         1.21463896E-12
   65.1650009         1.22705383E-12
   65.2799988         1.23774352E-12
   65.3949966         1.24574298E-12
   65.5100021         1.25009074E-12
   65.6250000         1.24986339E-12
   65.7399979         1.24420938E-12
   65.8550034         1.23238052E-12
   65.9700012         1.21376130E-12
   66.0849991         1.18789277E-12
   66.1999969         1.15449100E-12
   66.3150024         1.11346078E-12
   66.4300003         1.06490121E-12
   66.5449982         1.00910491E-12
   66.6600037         9.46549913E-13
   66.7750015         8.77885004E-13
   66.8899994         8.03908535E-13
   67.0049973         7.25541209E-13
   67.1200027         6.43795022E-13
   67.2350006         5.59737640E-13
   67.3499985         4.74455327E-13
   67.4649963         3.89014938E-13
   67.5800018         3.04426216E-13
   67.6949997         2.21606533E-13
   67.8099976         1.41348833E-13
   67.9250031         6.42943815E-14
   68.0400009        -9.08878211E-15
   68.1549988        -7.85208419E-14
   68.2699966        -1.43917877E-13
   68.3850021        -2.05392384E-13
   68.5000000        -2.63246185E-13
   68.6149979        -3.17956002E-13
   68.7300034        -3.70152395E-13
   68.8450012        -4.20593004E-13
   68.9599991        -4.70130770E-13
   69.0749969        -5.19678647E-13
   69.1900024        -5.70172490E-13
   69.3050003        -6.22532082E-13
   69.4199982        -6.77623485E-13
   69.5350037        -7.36223311E-13
   69.6500015        -7.98986691E-13
   69.7649994        -8.66418265E-13
   69.8799973        -9.38850885E-13
   69.9950027        -1.01642945E-12
   70.1100006        -1.09910139E-12
   70.2249985        -1.18661558E-12
   70.3399963        -1.27852698E-12
   70.4550018        -1.37420999E-12
   70.5699997        -1.47287683E-12
   70.6849976        -1.57360247E-12
   70.8000031        -1.67535441E-12
   70.9150009        -1.77702623E-12
   71.0299988        -1.87747322E-12
   71.1449966        -1.97554906E-12
   71.2600021        -2.07014440E-12
   71.3750000        -2.16022057E-12
   71.4899979        -2.24484320E-12
   71.6050034        -2.32321042E-12
   71.7200012        -2.39467821E-12
   71.8349991        -2.45877667E-12
   71.9499969        -2.51522284E-12
   72.0650024        -2.56392477E-12
   72.1800003        -2.60498155E-12
   72.2949982        -2.63867248E-12
   72.4100037        -2.66544252E-12
   72.5250015        -2.68588277E-12
   72.6399994        -2.70070316E-12
   72.7549973        -2.71070254E-12
   72.8700027        -2.71673721E-12
   72.9850006        -2.71968494E-12
   73.0999985        -2.72041114E-12
   73.2149963        -2.71973394E-12
   73.3300018        -2.71839344E-12
   73.4449997        -2.71702105E-12
   73.5599976        -2.71611618E-12
   73.6750031        -2.71602424E-12
   73.7900009        -2.71692478E-12
   73.9049988        -2.71882213E-12
   74.0199966        -2.72154283E-12
   74.1350021        -2.72474014E-12
   74.2500000        -2.72790427E-12
   74.3649979        -2.73037777E-12
   74.4800034        -2.73137589E-12
   74.5950012        -2.73001131E-12
   74.7099991        -2.72532105E-12
   74.8249969        -2.71629767E-12
   74.9400024        -2.70191833E-12
   75.0550003        -2.68117863E-12
   75.1699982        -2.65311991E-12
   75.2850037        -2.61685985E-12
   75.4000015        -2.57161805E-12
   75.5149994        -2.51673812E-12
   75.6299973        -2.45170616E-12
   75.7450027        -2.37616480E-12
   75.8600006        -2.28992324E-12
   75.9749985        -2.19296022E-12
   76.0899963        -2.08542537E-12
   76.2050018        -1.96763330E-12
   76.3199997        -1.84005328E-12
   76.4349976        -1.70329657E-12
   76.5500031        -1.55809892E-12
   76.6650009        -1.40530057E-12
   76.7799988        -1.24582300E-12
   76.8949966        -1.08064545E-12
   77.0100021        -9.10779156E-13
   77.1250000        -7.37242082E-13
   77.2399979        -5.61033587E-13
   77.3550034        -3.83109939E-13
   77.4700012        -2.04361891E-13
   77.5849991        -2.55935782E-14
   77.6999969         1.52495177E-13
   77.8150024         3.29324892E-13
   77.9300003         5.04447829E-13
   78.0449982         6.77557565E-13
   78.1600037         8.48493042E-13
   78.2750015         1.01724109E-12
   78.3899994         1.18393370E-12
   78.5049973         1.34884205E-12
   78.6200027         1.51236803E-12
   78.7350006         1.67503056E-12
   78.8499985         1.83745033E-12
   78.9649963         2.00033154E-12
   79.0800018         2.16443942E-12
   79.1949997         2.33057779E-12
   79.3099976         2.49956262E-12
   79.4250031         2.67219601E-12
   79.5400009         2.84923734E-12
   79.6549988         3.03137550E-12
   79.7699966         3.21920095E-12
   79.8850021         3.41317794E-12
   80.0000000         3.61361765E-12
   80.1149979         3.82065516E-12
   80.2300034         4.03422825E-12
   80.3450012         4.25405978E-12
   80.4599991         4.47964582E-12
   80.5749969         4.71024652E-12
   80.6900024         4.94488391E-12
   80.8050003         5.18234587E-12
   80.9199982         5.42119735E-12
   81.0350037         5.65979772E-12
   81.1500015         5.89632336E-12
   81.2649994         6.12879972E-12
   81.3799973         6.35513994E-12
   81.4950027         6.57318384E-12
   81.6100006         6.78074697E-12
   81.7249985         6.97567178E-12
   81.8399963         7.15587702E-12
   81.9550018         7.31941330E-12
   82.0699997         7.46451165E-12
   82.1849976         7.58963118E-12
   82.3000031         7.69350729E-12
   82.4150009         7.77517981E-12
   82.5299988         7.83403377E-12
   82.6449966         7.86980810E-12
   82.7600021         7.88261036E-12
   82.8750000         7.87291066E-12
   82.9899979         7.84152430E-12
   83.1050034         7.78959449E-12
   83.2200012         7.71854629E-12
   83.3349991         7.63004070E-12
   83.4499969         7.52591999E-12
   83.5650024         7.40813747E-12
   83.6800003         7.27868980E-12
   83.7949982         7.13954373E-12
   83.9100037         6.99255541E-12
   84.0250015         6.83939797E-12
   84.1399994         6.68148826E-12
   84.2549973         6.51992392E-12
   84.3700027         6.35542443E-12
   84.4850006         6.18828946E-12
   84.5999985         6.01836549E-12
   84.7149963         5.84503019E-12
   84.8300018         5.66718981E-12
   84.9449997         5.48329568E-12
   85.0599976         5.29137541E-12
   85.1750031         5.08907977E-12
   85.2900009         4.87374897E-12
   85.4049988         4.64248778E-12
   85.5199966         4.39225609E-12
   85.6350021         4.11996695E-12
   85.7500000         3.82259372E-12
   85.8649979         3.49727777E-12
   85.9800034         3.14143763E-12
   86.0950012         2.75287280E-12
   86.2099991         2.32985940E-12
   86.3249969         1.87123450E-12
   86.4400024         1.37646491E-12
   86.5550003         8.45698728E-13
   86.6699982         2.79795582E-13
   86.7850037        -3.19664624E-13
   86.9000015        -9.50395903E-13
   87.0149994        -1.60944489E-12
   87.1299973        -2.29325044E-12
   87.2450027        -2.99772728E-12
   87.3600006        -3.71836589E-12
   87.4749985        -4.45035545E-12
   87.5899963        -5.18871187E-12
   87.7050018        -5.92841748E-12
   87.8199997        -6.66456257E-12
   87.9349976        -7.39248940E-12
   88.0500031        -8.10791972E-12
   88.1650009        -8.80708093E-12
   88.2799988        -9.48680197E-12
   88.3949966        -1.01446056E-11
   88.5100021        -1.07787572E-11
   88.6250000        -1.13883061E-11
   88.7399979        -1.19730805E-11
   88.8550034        -1.25336651E-11
   88.9700012        -1.30713478E-11
   89.0849991        -1.35880378E-11
   89.1999969        -1.40861472E-11
   89.3150024        -1.45684801E-11
   89.4300003        -1.50380715E-11
   89.5449982        -1.54980421E-11
   89.6600037        -1.59514364E-11
   89.7750015        -1.64010507E-11
   89.8899994        -1.68492911E-11
   90.0049973        -1.72980207E-11
   90.1200027        -1.77484503E-11
   90.2350006        -1.82010101E-11
   90.3499985        -1.86553030E-11
   90.4649963        -1.91100295E-11
   90.5800018        -1.95629919E-11
   90.6949997        -2.00111039E-11
   90.8099976        -2.04504400E-11
   90.9250031        -2.08763250E-11
   91.0400009        -2.12834368E-11
   91.1549988        -2.16659468E-11
   91.2699966        -2.20176724E-11
   91.3850021        -2.23322593E-11
   91.5000000        -2.26033497E-11
   91.6149979        -2.28247699E-11
   91.7300034        -2.29907083E-11
   91.8450012        -2.30958846E-11
   91.9599991        -2.31357017E-11
   92.0749969        -2.31063727E-11
   92.1900024        -2.30050319E-11
   92.3050003        -2.28298058E-11
   92.4199982        -2.25798477E-11
   92.5350037        -2.22553555E-11
   92.6500015        -2.18575297E-11
   92.7649994        -2.13885073E-11
   92.8799973        -2.08512756E-11
   92.9950027        -2.02495503E-11
   93.1100006        -1.95876076E-11
   93.2249985        -1.88701520E-11
   93.3399963        -1.81021066E-11
   93.4550018        -1.72884571E-11
   93.5699997        -1.64340659E-11
   93.6849976        -1.55434884E-11
   93.8000031        -1.46208462E-11
   93.9150009        -1.36696730E-11
   94.0299988        -1.26928051E-11
   94.1449966        -1.16923147E-11
   94.2600021        -1.06694549E-11
   94.3750000        -9.62465177E-12
   94.4899979        -8.55752101E-12
   94.6050034        -7.46692985E-12
   94.7200012        -6.35108199E-12
   94.8349991        -5.20763510E-12
   94.9499969        -4.03383533E-12
   95.0650024        -2.82668095E-12
   95.1800003        -1.58308403E-12
   95.2949982        -3.00045877E-13
   95.4100037         1.02517354E-12
   95.5250015         2.39488854E-12
   95.6399994         3.81084183E-12
   95.7549973         5.27406894E-12
   95.8700027         6.78479148E-12
   95.9850006         8.34233550E-12
   96.0999985         9.94508555E-12
   96.2149963         1.15904621E-11
   96.3300018         1.32749402E-11
   96.4449997         1.49941014E-11
   96.5599976         1.67427062E-11
   96.6750031         1.85148112E-11
   96.7900009         2.03038818E-11
   96.9049988         2.21029549E-11
   97.0199966         2.39047931E-11
   97.1350021         2.57020481E-11
   97.2500000         2.74874273E-11
   97.3649979         2.92538632E-11
   97.4800034         3.09946339E-11
   97.5950012         3.27035170E-11
   97.7099991         3.43748988E-11
   97.8249969         3.60038423E-11
   97.9400024         3.75861564E-11
   98.0550003         3.91184064E-11
   98.1699982         4.05979174E-11
   98.2850037         4.20227429E-11
   98.4000015         4.33915751E-11
   98.5149994         4.47036748E-11
   98.6299973         4.59587819E-11
   98.7450027         4.71569415E-11
   98.8600006         4.82984312E-11
   98.9749985         4.93835840E-11
   99.0899963         5.04126914E-11
   99.2050018         5.13858504E-11
   99.3199997         5.23028877E-11
   99.4349976         5.31632550E-11
   99.5500031         5.39659532E-11
   99.6650009         5.47094869E-11
   99.7799988         5.53918578E-11
   99.8949966         5.60105608E-11
   100.010002         5.65626053E-11
   100.125000         5.70445878E-11
   100.239998         5.74527544E-11
   100.355003         5.77830839E-11
   100.470001         5.80313679E-11
   100.584999         5.81933529E-11
   100.699997         5.82647888E-11
   100.815002         5.82415921E-11
   100.930000         5.81198527E-11
   101.044998         5.78959658E-11
   101.160004         5.75666737E-11
   101.275002         5.71291243E-11
   101.389999         5.65808927E-11
   101.504997         5.59200221E-11
   101.620003         5.51449927E-11
   101.735001         5.42547257E-11
   101.849998         5.32485687E-11
   101.964996         5.21262374E-11
   102.080002         5.08877870E-11
   102.195000         4.95335682E-11
   102.309998         4.80641776E-11
   102.425003         4.64804480E-11
   102.540001         4.47833923E-11
   102.654999         4.29742041E-11
   102.769997         4.10542329E-11
   102.885002         3.90250159E-11
   103.000000         3.68882494E-11
   103.114998         3.46458522E-11
   103.230003         3.22999509E-11
   103.345001         2.98529396E-11
   103.459999         2.73075087E-11
   103.574997         2.46666750E-11
   103.690002         2.19338211E-11
   103.805000         1.91127218E-11
   103.919998         1.62075752E-11
   104.035004         1.32230008E-11
   104.150002         1.01640424E-11
   104.264999         7.03613643E-12
   104.379997         3.84507790E-12
   104.495003         5.96965348E-13
   104.610001        -2.70187106E-12
   104.724998        -6.04495056E-12
   104.839996        -9.42573103E-12
   104.955002        -1.28377083E-11
   105.070000        -1.62745130E-11
   105.184998        -1.97300110E-11
   105.300003        -2.31983981E-11
   105.415001        -2.66742670E-11
   105.529999        -3.01527033E-11
   105.644997        -3.36293250E-11
   105.760002        -3.71003124E-11
   105.875000        -4.05624180E-11
   105.989998        -4.40129495E-11
   106.105003        -4.74497212E-11
   106.220001        -5.08709706E-11
   106.334999        -5.42752822E-11
   106.449997        -5.76614485E-11
   106.565002        -6.10283560E-11
   106.680000        -6.43748388E-11
   106.794998        -6.76995404E-11
   106.910004        -7.10007608E-11
   107.025002        -7.42763420E-11
   107.139999        -7.75235293E-11
   107.254997        -8.07388670E-11
   107.370003        -8.39181155E-11
   107.485001        -8.70561956E-11
   107.599998        -9.01471606E-11
   107.714996        -9.31842103E-11
   107.830002        -9.61597121E-11
   107.945000        -9.90653393E-11
   108.059998        -1.01892113E-10
   108.175003        -1.04630547E-10
   108.290001        -1.07270838E-10
   108.404999        -1.09803028E-10
   108.519997        -1.12217180E-10
   108.635002        -1.14503546E-10
   108.750000        -1.16652840E-10
   108.864998        -1.18656265E-10
   108.980003        -1.20505869E-10
   109.095001        -1.22194532E-10
   109.209999        -1.23716232E-10
   109.324997        -1.25065971E-10
   109.440002        -1.26240060E-10
   109.555000        -1.27235916E-10
   109.669998        -1.28052166E-10
   109.785004        -1.28688588E-10
   109.900002        -1.29145958E-10
   110.014999        -1.29425928E-10
   110.129997        -1.29530942E-10
   110.245003        -1.29463967E-10
   110.360001        -1.29228281E-10
   110.474998        -1.28827324E-10
   110.589996        -1.28264357E-10
   110.705002        -1.27542338E-10
   110.820000        -1.26663666E-10
   110.934998        -1.25629979E-10
   111.050003        -1.24442012E-10
   111.165001        -1.23099475E-10
   111.279999        -1.21600896E-10
   111.394997        -1.19943694E-10
   111.510002        -1.18124122E-10
   111.625000        -1.16137343E-10
   111.739998        -1.13977570E-10
   111.855003        -1.11638254E-10
   111.970001        -1.09112268E-10
   112.084999        -1.06392214E-10
   112.199997        -1.03470683E-10
   112.315002        -1.00340632E-10
   112.430000        -9.69956268E-11
   112.544998        -9.34302150E-11
   112.660004        -8.96402397E-11
   112.775002        -8.56230989E-11
   112.889999        -8.13779460E-11
   113.004997        -7.69059330E-11
   113.120003        -7.22103280E-11
   113.235001        -6.72964948E-11
   113.349998        -6.21719828E-11
   113.464996        -5.68463956E-11
   113.580002        -5.13312587E-11
   113.695000        -4.56397732E-11
   113.809998        -3.97865352E-11
   113.925003        -3.37872230E-11
   114.040001        -2.76581900E-11
   114.154999        -2.14161119E-11
   114.269997        -1.50775468E-11
   114.385002        -8.65856779E-12
   114.500000        -2.17438177E-12
   114.614998         4.36101155E-12
   114.730003         1.09350827E-11
   114.845001         1.75370100E-11
   114.959999         2.41578303E-11
   115.074997         3.07905056E-11
   115.190002         3.74299342E-11
   115.305000         4.40728599E-11
   115.419998         5.07177009E-11
   115.535004         5.73643251E-11
   115.650002         6.40137388E-11
   115.764999         7.06677286E-11
   115.879997         7.73284770E-11
   115.995003         8.39981279E-11
   116.110001         9.06784023E-11
   116.224998         9.73701605E-11
   116.339996         1.04073028E-10
   116.455002         1.10785131E-10
   116.570000         1.17502730E-10
   116.684998         1.24220079E-10
   116.800003         1.30929323E-10
   116.915001         1.37620332E-10
   117.029999         1.44280907E-10
   117.144997         1.50896781E-10
   117.260002         1.57451857E-10
   117.375000         1.63928496E-10
   117.489998         1.70307851E-10
   117.605003         1.76570300E-10
   117.720001         1.82695803E-10
   117.834999         1.88664306E-10
   117.949997         1.94456312E-10
   118.065002         2.00053085E-10
   118.180000         2.05437181E-10
   118.294998         2.10592654E-10
   118.410004         2.15505419E-10
   118.525002         2.20163304E-10
   118.639999         2.24556249E-10
   118.754997         2.28676356E-10
   118.870003         2.32517741E-10
   118.985001         2.36076519E-10
   119.099998         2.39350567E-10
   119.214996         2.42339260E-10
   119.330002         2.45043208E-10
   119.445000         2.47463910E-10
   119.559998         2.49603421E-10
   119.675003         2.51464016E-10
   119.790001         2.53047805E-10
   119.904999         2.54356508E-10
   120.019997         2.55391097E-10
   120.135002         2.56151683E-10
   120.250000         2.56637323E-10
   120.364998         2.56845767E-10
   120.480003         2.56773630E-10
   120.595001         2.56416277E-10
   120.709999         2.55767879E-10
   120.824997         2.54821608E-10
   120.940002         2.53569693E-10
   121.055000         2.52003751E-10
   121.169998         2.50115012E-10
   121.285004         2.47894649E-10
   121.400002         2.45333920E-10
   121.514999         2.42424469E-10
   121.629997         2.39158748E-10
   121.745003         2.35530040E-10
   121.860001         2.31532862E-10
   121.974998         2.27163122E-10
   122.089996         2.22418209E-10
   122.205002         2.17297194E-10
   122.320000         2.11800869E-10
   122.434998         2.05931841E-10
   122.550003         1.99694483E-10
   122.665001         1.93094873E-10
   122.779999         1.86140756E-10
   122.894997         1.78841358E-10
   123.010002         1.71207298E-10
   123.125000         1.63250469E-10
   123.239998         1.54983776E-10
   123.355003         1.46420973E-10
   123.470001         1.37576492E-10
   123.584999         1.28465349E-10
   123.699997         1.19102894E-10
   123.815002         1.09504732E-10
   123.930000         9.96865368E-11
   124.044998         8.96639915E-11
   124.160004         7.94526805E-11
   124.275002         6.90680638E-11
   124.389999         5.85254206E-11
   124.504997         4.78398397E-11
   124.620003         3.70262536E-11
   124.735001         2.60994733E-11
   124.849998         1.50741815E-11
   124.964996         3.96500281E-12
   125.080002        -7.21346897E-12
   125.195000        -1.84466765E-11
   125.309998        -2.97200632E-11
   125.425003        -4.10190840E-11
   125.540001        -5.23292104E-11
   125.654999        -6.36359507E-11
   125.769997        -7.49248857E-11
   125.885002        -8.61817007E-11
   126.000000        -9.73922470E-11
   126.114998        -1.08542571E-10
   126.230003        -1.19619023E-10
   126.345001        -1.30608302E-10
   126.459999        -1.41497508E-10
   126.574997        -1.52274263E-10
   126.690002        -1.62926658E-10
   126.805000        -1.73443343E-10
   126.919998        -1.83813506E-10
   127.035004        -1.94026822E-10
   127.150002        -2.04073425E-10
   127.264999        -2.13943849E-10
   127.379997        -2.23628949E-10
   127.495003        -2.33119857E-10
   127.610001        -2.42407788E-10
   127.724998        -2.51484028E-10
   127.839996        -2.60339778E-10
   127.955002        -2.68966044E-10
   128.070007        -2.77353585E-10
   128.184998        -2.85492685E-10
   128.300003        -2.93373270E-10
   128.414993        -3.00984737E-10
   128.529999        -3.08315790E-10
   128.645004        -3.15354770E-10
   128.759995        -3.22089438E-10
   128.875000        -3.28507110E-10
   128.990005        -3.34594907E-10
   129.104996        -3.40339756E-10
   129.220001        -3.45728668E-10
   129.335007        -3.50748819E-10
   129.449997        -3.55387941E-10
   129.565002        -3.59634378E-10
   129.679993        -3.63477443E-10
   129.794998        -3.66907671E-10
   129.910004        -3.69917069E-10
   130.024994        -3.72499198E-10
   130.139999        -3.74649645E-10
   130.255005        -3.76365994E-10
   130.369995        -3.77647968E-10
   130.485001        -3.78497539E-10
   130.600006        -3.78918896E-10
   130.714996        -3.78918369E-10
   130.830002        -3.78504311E-10
   130.945007        -3.77686937E-10
   131.059998        -3.76477988E-10
   131.175003        -3.74890674E-10
   131.289993        -3.72939235E-10
   131.404999        -3.70638575E-10
   131.520004        -3.68004044E-10
   131.634995        -3.65051073E-10
   131.750000        -3.61794678E-10
   131.865005        -3.58249319E-10
   131.979996        -3.54428376E-10
   132.095001        -3.50344254E-10
   132.210007        -3.46008000E-10
   132.324997        -3.41429163E-10
   132.440002        -3.36615791E-10
   132.554993        -3.31574684E-10
   132.669998        -3.26311089E-10
   132.785004        -3.20829252E-10
   132.899994        -3.15132309E-10
   133.014999        -3.09222620E-10
   133.130005        -3.03102099E-10
   133.244995        -2.96772384E-10
   133.360001        -2.90235169E-10
   133.475006        -2.83492479E-10
   133.589996        -2.76546952E-10
   133.705002        -2.69402028E-10
   133.820007        -2.62062233E-10
   133.934998        -2.54533172E-10
   134.050003        -2.46821730E-10
   134.164993        -2.38936121E-10
   134.279999        -2.30885699E-10
   134.395004        -2.22680888E-10
   134.509995        -2.14333051E-10
   134.625000        -2.05854292E-10
   134.740005        -1.97257211E-10
   134.854996        -1.88554589E-10
   134.970001        -1.79759152E-10
   135.085007        -1.70883266E-10
   135.199997        -1.61938615E-10
   135.315002        -1.52935942E-10
   135.429993        -1.43884737E-10
   135.544998        -1.34793135E-10
   135.660004        -1.25667671E-10
   135.774994        -1.16513188E-10
   135.889999        -1.07332809E-10
   136.005005        -9.81279016E-11
   136.119995        -8.88982360E-11
   136.235001        -7.96420707E-11
   136.350006        -7.03563596E-11
   136.464996        -6.10369671E-11
   136.580002        -5.16789216E-11
   136.695007        -4.22767203E-11
   136.809998        -3.28245556E-11
   136.925003        -2.33166542E-11
   137.039993        -1.37474867E-11
   137.154999        -4.11206789E-12
   137.270004         5.59386001E-12
   137.384995         1.53736399E-11
   137.500000         2.52295771E-11
   137.615005         3.51628796E-11
   137.729996         4.51736322E-11
   137.845001         5.52608306E-11
   137.960007         6.54224799E-11
   138.074997         7.56557247E-11
   138.190002         8.59569915E-11
   138.304993         9.63221516E-11
   138.419998         1.06746716E-10
   138.535004         1.17226007E-10
   138.649994         1.27755334E-10
   138.764999         1.38330139E-10
   138.880005         1.48946147E-10
   138.994995         1.59599528E-10
   139.110001         1.70286910E-10
   139.225006         1.81005530E-10
   139.339996         1.91753211E-10
   139.455002         2.02528383E-10
   139.570007         2.13330062E-10
   139.684998         2.24157748E-10
   139.800003         2.35011455E-10
   139.914993         2.45891502E-10
   140.029999         2.56798499E-10
   140.145004         2.67733280E-10
   140.259995         2.78696677E-10
   140.375000         2.89689606E-10
   140.490005         3.00712760E-10
   140.604996         3.11766668E-10
   140.720001         3.22851634E-10
   140.835007         3.33967465E-10
   140.949997         3.45113493E-10
   141.065002         3.56288526E-10
   141.179993         3.67490566E-10
   141.294998         3.78716919E-10
   141.410004         3.89963978E-10
   141.524994         4.01227246E-10
   141.639999         4.12501228E-10
   141.755005         4.23779345E-10
   141.869995         4.35053910E-10
   141.985001         4.46316095E-10
   142.100006         4.57556021E-10
   142.214996         4.68762362E-10
   142.330002         4.79922935E-10
   142.445007         4.91024055E-10
   142.559998         5.02051234E-10
   142.675003         5.12988763E-10
   142.789993         5.23820043E-10
   142.904999         5.34527422E-10
   143.020004         5.45092693E-10
   143.134995         5.55496593E-10
   143.250000         5.65719471E-10
   143.365005         5.75741010E-10
   143.479996         5.85540283E-10
   143.595001         5.95096139E-10
   143.710007         6.04386818E-10
   143.824997         6.13390172E-10
   143.940002         6.22083773E-10
   144.054993         6.30444863E-10
   144.169998         6.38450404E-10
   144.285004         6.46077081E-10
   144.399994         6.53301191E-10
   144.514999         6.60098975E-10
   144.630005         6.66446287E-10
   144.744995         6.72319034E-10
   144.860001         6.77693179E-10
   144.975006         6.82544465E-10
   145.089996         6.86849133E-10
   145.205002         6.90583479E-10
   145.320007         6.93724411E-10
   145.434998         6.96249558E-10
   145.550003         6.98137270E-10
   145.664993         6.99366676E-10
   145.779999         6.99918123E-10
   145.895004         6.99773350E-10
   146.009995         6.98915259E-10
   146.125000         6.97328417E-10
   146.240005         6.94998892E-10
   146.354996         6.91914304E-10
   146.470001         6.88063995E-10
   146.585007         6.83438695E-10
   146.699997         6.78030632E-10
   146.815002         6.71833145E-10
   146.929993         6.64840627E-10
   147.044998         6.57048360E-10
   147.160004         6.48452403E-10
   147.274994         6.39049091E-10
   147.389999         6.28835151E-10
   147.505005         6.17807139E-10
   147.619995         6.05961559E-10
   147.735001         5.93294525E-10
   147.850006         5.79801707E-10
   147.964996         5.65478386E-10
   148.080002         5.50319401E-10
   148.195007         5.34318922E-10
   148.309998         5.17471288E-10
   148.425003         4.99770947E-10
   148.539993         4.81212570E-10
   148.654999         4.61791994E-10
   148.770004         4.41506026E-10
   148.884995         4.20353224E-10
   149.000000         3.98334532E-10
   149.115005         3.75453252E-10
   149.229996         3.51715657E-10
   149.345001         3.27131544E-10
   149.460007         3.01714348E-10
   149.574997         2.75481110E-10
   149.690002         2.48453175E-10
   149.804993         2.20655813E-10
   149.919998         1.92118238E-10
   150.035004         1.62873201E-10
   150.149994         1.32956979E-10
   150.264999         1.02408748E-10
   150.380005         7.12702466E-11
   150.494995         3.95850124E-11
   150.610001         7.39798847E-12
   150.725006        -2.52452139E-11
   150.839996        -5.82988310E-11
   150.955002        -9.17174739E-11
   151.070007        -1.25456659E-10
   151.184998        -1.59473226E-10
   151.300003        -1.93725508E-10
   151.414993        -2.28173716E-10
   151.529999        -2.62779853E-10
   151.645004        -2.97507990E-10
   151.759995        -3.32323974E-10
   151.875000        -3.67195413E-10
   151.990005        -4.02091221E-10
   152.104996        -4.36981507E-10
   152.220001        -4.71836903E-10
   152.335007        -5.06628239E-10
   152.449997        -5.41326206E-10
   152.565002        -5.75900660E-10
   152.679993        -6.10320405E-10
   152.794998        -6.44552745E-10
   152.910004        -6.78563206E-10
   153.024994        -7.12315262E-10
   153.139999        -7.45770334E-10
   153.255005        -7.78887066E-10
   153.369995        -8.11622103E-10
   153.485001        -8.43929482E-10
   153.600006        -8.75760797E-10
   153.714996        -9.07065756E-10
   153.830002        -9.37791844E-10
   153.945007        -9.67885216E-10
   154.059998        -9.97290583E-10
   154.175003        -1.02595155E-09
   154.289993        -1.05381170E-09
   154.404999        -1.08081422E-09
   154.520004        -1.10690290E-09
   154.634995        -1.13202259E-09
   154.750000        -1.15611953E-09
   154.865005        -1.17914178E-09
   154.979996        -1.20103938E-09
   155.095001        -1.22176558E-09
   155.210007        -1.24127641E-09
   155.324997        -1.25953159E-09
   155.440002        -1.27649469E-09
   155.554993        -1.29213307E-09
   155.669998        -1.30641875E-09
   155.785004        -1.31932776E-09
   155.899994        -1.33084066E-09
   156.014999        -1.34094269E-09
   156.130005        -1.34962286E-09
   156.244995        -1.35687450E-09
   156.360001        -1.36269462E-09
   156.475006        -1.36708334E-09
   156.589996        -1.37004419E-09
   156.705002        -1.37158307E-09
   156.820007        -1.37170775E-09
   156.934998        -1.37042810E-09
   157.050003        -1.36775458E-09
   157.164993        -1.36369815E-09
   157.279999        -1.35826972E-09
   157.395004        -1.35147948E-09
   157.509995        -1.34333655E-09
   157.625000        -1.33384892E-09
   157.740005        -1.32302247E-09
   157.854996        -1.31086153E-09
   157.970001        -1.29736877E-09
   158.085007        -1.28254474E-09
   158.199997        -1.26638922E-09
   158.315002        -1.24890043E-09
   158.429993        -1.23007537E-09
   158.544998        -1.20991117E-09
   158.660004        -1.18840526E-09
   158.774994        -1.16555565E-09
   158.889999        -1.14136234E-09
   159.005005        -1.11582799E-09
   159.119995        -1.08895870E-09
   159.235001        -1.06076414E-09
   159.350006        -1.03125852E-09
   159.464996        -1.00046160E-09
   159.580002        -9.68398362E-10
   159.695007        -9.35099331E-10
   159.809998        -9.00600927E-10
   159.925003        -8.64944838E-10
   160.039993        -8.28178581E-10
   160.154999        -7.90354504E-10
   160.270004        -7.51529672E-10
   160.384995        -7.11764647E-10
   160.500000        -6.71123213E-10
   160.615005        -6.29671704E-10
   160.729996        -5.87477178E-10
   160.845001        -5.44607359E-10
   160.960007        -5.01129749E-10
   161.074997        -4.57110461E-10
   161.190002        -4.12613638E-10
   161.304993        -3.67700620E-10
   161.419998        -3.22430249E-10
   161.535004        -2.76858120E-10
   161.649994        -2.31036704E-10
   161.764999        -1.85015461E-10
   161.880005        -1.38841064E-10
   161.994995        -9.25576074E-11
   162.110001        -4.62070729E-11
   162.225006         1.69809764E-13
   162.339996         4.65332772E-11
   162.455002         9.28438229E-11
   162.570007         1.39061443E-10
   162.684998         1.85144747E-10
   162.800003         2.31051109E-10
   162.914993         2.76735468E-10
   163.029999         3.22150417E-10
   163.145004         3.67245928E-10
   163.259995         4.11969348E-10
   163.375000         4.56265664E-10
   163.490005         5.00077535E-10
   163.604996         5.43345979E-10
   163.720001         5.86010684E-10
   163.835007         6.28010699E-10
   163.949997         6.69285127E-10
   164.065002         7.09773962E-10
   164.179993         7.49418916E-10
   164.294998         7.88164145E-10
   164.410004         8.25957303E-10
   164.524994         8.62750038E-10
   164.639999         8.98498831E-10
   164.755005         9.33165434E-10
   164.869995         9.66717817E-10
   164.985001         9.99129335E-10
