  -18.8999996         0.00000000    
  -18.7849998         0.00000000    
  -18.6700001         0.00000000    
  -18.5550003         0.00000000    
  -18.4400005         0.00000000    
  -18.3250008         0.00000000    
  -18.2099991         0.00000000    
  -18.0949993         0.00000000    
  -17.9799995         0.00000000    
  -17.8649998         0.00000000    
  -17.7500000         0.00000000    
  -17.6350002         0.00000000    
  -17.5200005         0.00000000    
  -17.4050007         0.00000000    
  -17.2900009         0.00000000    
  -17.1749992         0.00000000    
  -17.0599995         0.00000000    
  -16.9449997         0.00000000    
  -16.8299999         0.00000000    
  -16.7150002         0.00000000    
  -16.6000004         0.00000000    
  -16.4850006         0.00000000    
  -16.3700008         0.00000000    
  -16.2549992         0.00000000    
  -16.1399994         0.00000000    
  -16.0249996         0.00000000    
  -15.9099998         0.00000000    
  -15.7950001         0.00000000    
  -15.6800003         0.00000000    
  -15.5649996         0.00000000    
  -15.4499998         0.00000000    
  -15.3350000         0.00000000    
  -15.2200003         0.00000000    
  -15.1049995         0.00000000    
  -14.9899998         0.00000000    
  -14.8750000         0.00000000    
  -14.7600002         0.00000000    
  -14.6450005         0.00000000    
  -14.5299997         0.00000000    
  -14.4150000         0.00000000    
  -14.3000002         0.00000000    
  -14.1850004         0.00000000    
  -14.0699997         0.00000000    
  -13.9549999         0.00000000    
  -13.8400002         0.00000000    
  -13.7250004         0.00000000    
  -13.6099997         0.00000000    
  -13.4949999         0.00000000    
  -13.3800001         0.00000000    
  -13.2650003         0.00000000    
  -13.1499996         0.00000000    
  -13.0349998         0.00000000    
  -12.9200001         0.00000000    
  -12.8050003         0.00000000    
  -12.6899996         0.00000000    
  -12.5749998         0.00000000    
  -12.4600000         0.00000000    
  -12.3450003         0.00000000    
  -12.2299995         0.00000000    
  -12.1149998         0.00000000    
  -12.0000000         0.00000000    
  -11.8850002        -5.13144932E-34
  -11.7700005         4.06420971E-32
  -11.6549997         1.72555424E-31
  -11.5400000         4.08612604E-31
  -11.4250002         7.17145876E-31
  -11.3100004         1.10756940E-30
  -11.1949997         1.42619156E-30
  -11.0799999         1.67259549E-30
  -10.9650002         1.76623255E-30
  -10.8500004         1.51737306E-30
  -10.7349997         7.38184874E-31
  -10.6199999        -8.36519114E-31
  -10.5050001        -3.74104143E-30
  -10.3900003        -8.66055337E-30
  -10.2749996        -1.63288691E-29
  -10.1599998        -2.71815972E-29
  -10.0450001        -4.10357984E-29
  -9.93000031        -5.69129090E-29
  -9.81499958        -7.31117734E-29
  -9.69999981        -8.69672203E-29
  -9.58500004        -9.48438826E-29
  -9.47000027        -9.24669360E-29
  -9.35499954        -7.46789206E-29
  -9.23999977        -3.60356027E-29
  -9.12500000         2.87113062E-29
  -9.01000023         1.24057851E-28
  -8.89500046         2.51697112E-28
  -8.77999973         4.11053010E-28
  -8.66499996         5.97393809E-28
  -8.55000019         8.00561122E-28
  -8.43500042         1.00491510E-27
  -8.31999969         1.18891671E-27
  -8.20499992         1.32464893E-27
  -8.09000015         1.37921072E-27
  -7.97499990         1.31610483E-27
  -7.86000013         1.09856084E-27
  -7.74499989         6.90061036E-28
  -7.63000011         5.89843610E-29
  -7.51499987        -8.18749123E-28
  -7.40000010        -1.95520446E-27
  -7.28499985        -3.34697042E-27
  -7.17000008        -4.96968157E-27
  -7.05499983        -6.77413348E-27
  -6.94000006        -8.68182102E-27
  -6.82499981        -1.05804998E-26
  -6.71000004        -1.23204050E-26
  -6.59499979        -1.37120496E-26
  -6.48000002        -1.45268566E-26
  -6.36499977        -1.45016855E-26
  -6.25000000        -1.33495803E-26
  -6.13500023        -1.07783067E-26
  -6.01999998        -6.51830682E-27
  -5.90500021        -3.60471878E-28
  -5.78999996         7.79623221E-27
  -5.67500019         1.78903777E-26
  -5.55999994         2.96416149E-26
  -5.44500017         4.24992280E-26
  -5.32999992         5.56058438E-26
  -5.21500015         6.77872490E-26
  -5.09999990         7.75809633E-26
  -4.98500013         8.33141085E-26
  -4.86999989         8.32383101E-26
  -4.75500011         7.57237444E-26
  -4.63999987         5.95061077E-26
  -4.52500010         3.39704460E-26
  -4.40999985        -5.55341899E-28
  -4.29500008        -4.25344371E-26
  -4.17999983        -8.90298680E-26
  -4.06500006        -1.35638790E-25
  -3.95000005        -1.76601058E-25
  -3.83500004        -2.05126219E-25
  -3.72000003        -2.13959341E-25
  -3.60500002        -1.96188080E-25
  -3.49000001        -1.46254763E-25
  -3.37500000        -6.11021582E-26
  -3.25999999         5.86563936E-26
  -3.14499998         2.07688637E-25
  -3.02999997         3.75187399E-25
  -2.91499996         5.44585886E-25
  -2.79999995         6.93916023E-25
  -2.68499994         7.96952252E-25
  -2.56999993         8.25216497E-25
  -2.45499992         7.50841409E-25
  -2.33999991         5.50213126E-25
  -2.22499990         2.08154755E-25
  -2.10999990        -2.77637525E-25
  -1.99500000        -8.92347229E-25
  -1.88000000        -1.60045580E-24
  -1.76499999        -2.34337522E-24
  -1.64999998        -3.03883894E-24
  -1.53499997        -3.58252345E-24
  -1.41999996        -3.85231191E-24
  -1.30499995        -3.71543586E-24
  -1.19000006        -3.03856224E-24
  -1.07500005        -1.70067091E-24
 -0.959999979         3.91705530E-25
 -0.845000029         3.28742399E-24
 -0.730000019         6.97291036E-24
 -0.615000010         1.13545065E-23
 -0.500000000         1.62425340E-23
 -0.384999990         2.13384729E-23
 -0.270000011         2.62270124E-23
 -0.155000001         3.03748115E-23
  -3.99999991E-02     3.31377558E-23
   7.50000030E-02     3.37785349E-23
  0.189999998         3.14960605E-23
  0.305000007         2.54678505E-23
  0.419999987         1.49059118E-23
  0.535000026        -8.74292964E-25
  0.649999976        -2.23734111E-23
  0.764999986        -4.98194155E-23
  0.879999995        -8.30748094E-23
  0.995000005        -1.21547070E-22
   1.11000001        -1.64109246E-22
   1.22500002        -2.09041602E-22
   1.34000003        -2.54003366E-22
   1.45500004        -2.96045614E-22
   1.57000005        -3.31673904E-22
   1.68499994        -3.56968950E-22
   1.79999995        -3.67766651E-22
   1.91499996        -3.59897530E-22
   2.02999997        -3.29477110E-22
   2.14499998        -2.73232640E-22
   2.25999999        -1.88846132E-22
   2.37500000        -7.52848774E-23
   2.49000001         6.69111694E-23
   2.60500002         2.35420454E-22
   2.72000003         4.26041687E-22
   2.83500004         6.32738542E-22
   2.95000005         8.47844174E-22
   3.06500006         1.06243837E-21
   3.18000007         1.26688840E-21
   3.29500008         1.45153062E-21
   3.41000009         1.60744962E-21
   3.52500010         1.72729630E-21
   3.64000010         1.80606587E-21
   3.75500011         1.84176004E-21
   3.86999989         1.83583831E-21
   3.98499990         1.79338290E-21
   4.09999990         1.72290958E-21
   4.21500015         1.63578460E-21
   4.32999992         1.54523528E-21
   4.44500017         1.46498311E-21
   4.55999994         1.40756979E-21
   4.67500019         1.38248295E-21
   4.78999996         1.39423191E-21
   4.90500021         1.44053797E-21
   5.01999998         1.51083246E-21
   5.13500023         1.58524600E-21
   5.25000000         1.63425332E-21
   5.36499977         1.61911093E-21
   5.48000002         1.49315410E-21
   5.59499979         1.20397814E-21
   5.71000004         6.96442455E-22
   5.82499981        -8.36534357E-23
   5.94000006        -1.18540485E-21
   6.05499983        -2.64842330E-21
   6.17000008        -4.49854502E-21
   6.28499985        -6.74394457E-21
   6.40000010        -9.37193453E-21
   6.51499987        -1.23467604E-20
   6.63000011        -1.56085250E-20
   6.74499989        -1.90734052E-20
   6.86000013        -2.26351577E-20
   6.97499990        -2.61678005E-20
   7.09000015        -2.95293074E-20
   7.20499992        -3.25660458E-20
   7.32000017        -3.51176524E-20
   7.43499994        -3.70220096E-20
   7.55000019        -3.81199981E-20
   7.66499996        -3.82598401E-20
   7.78000021        -3.73007565E-20
   7.89499998        -3.51160013E-20
   8.01000023        -3.15953041E-20
   8.12500000        -2.66468480E-20
   8.23999977        -2.01991576E-20
   8.35499954        -1.22031759E-20
   8.47000027        -2.63489498E-21
   8.58500004         8.50110156E-21
   8.69999981         2.11670284E-20
   8.81499958         3.52860677E-20
   8.93000031         5.07354201E-20
   9.04500008         6.73386411E-20
   9.15999985         8.48575510E-20
   9.27499962         1.02984581E-19
   9.39000034         1.21336474E-19
   9.50500011         1.39449830E-19
   9.61999989         1.56779988E-19
   9.73499966         1.72703654E-19
   9.85000038         1.86526113E-19
   9.96500015         1.97493766E-19
   10.0799999         2.04811535E-19
   10.1949997         2.07665864E-19
   10.3100004         2.05252177E-19
   10.4250002         1.96806715E-19
   10.5400000         1.81641069E-19
   10.6549997         1.59179225E-19
   10.7700005         1.28994874E-19
   10.8850002         9.08487168E-20
   11.0000000         4.47238560E-20
   11.1149998        -9.14152192E-21
   11.2299995        -7.02250620E-20
   11.3450003        -1.37695651E-19
   11.4600000        -2.10393945E-19
   11.5749998        -2.86818880E-19
   11.6899996        -3.65119849E-19
   11.8050003        -4.43096407E-19
   11.9200001        -5.18204717E-19
   12.0349998        -5.87572755E-19
   12.1499996        -6.48023890E-19
   12.2650003        -6.96110536E-19
   12.3800001        -7.28158821E-19
   12.4949999        -7.40323805E-19
   12.6099997        -7.28657560E-19
   12.7250004        -6.89188533E-19
   12.8400002        -6.18012175E-19
   12.9549999        -5.11392316E-19
   13.0699997        -3.65869585E-19
   13.1850004        -1.78376278E-19
   13.3000002         5.36496421E-20
   13.4150000         3.32151816E-19
   13.5299997         6.58352222E-19
   13.6450005         1.03266065E-18
   13.7600002         1.45460466E-18
   13.8750000         1.92278071E-18
   13.9899998         2.43483529E-18
   14.1049995         2.98747528E-18
   14.2200003         3.57650977E-18
   14.3350000         4.19692666E-18
   14.4499998         4.84299359E-18
   14.5649996         5.50839505E-18
   14.6800003         6.18637958E-18
   14.7950001         6.86992937E-18
   14.9099998         7.55194062E-18
   15.0249996         8.22539716E-18
   15.1400003         8.88354258E-18
   15.2550001         9.52004400E-18
   15.3699999         1.01291202E-17
   15.4849997         1.07056701E-17
   15.6000004         1.12453500E-17
   15.7150002         1.17446412E-17
   15.8299999         1.22008735E-17
   15.9449997         1.26122387E-17
   16.0599995         1.29777549E-17
   16.1749992         1.32972327E-17
   16.2900009         1.35711991E-17
   16.4050007         1.38008302E-17
   16.5200005         1.39878409E-17
   16.6350002         1.41344024E-17
   16.7500000         1.42430129E-17
   16.8649998         1.43163970E-17
   16.9799995         1.43573739E-17
   17.0949993         1.43687427E-17
   17.2099991         1.43531635E-17
   17.3250008         1.43130320E-17
   17.4400005         1.42503648E-17
   17.5550003         1.41667021E-17
   17.6700001         1.40629935E-17
   17.7849998         1.39395418E-17
   17.8999996         1.37959251E-17
   18.0149994         1.36309803E-17
   18.1299992         1.34427834E-17
   18.2450008         1.32286876E-17
   18.3600006         1.29853757E-17
   18.4750004         1.27089527E-17
   18.5900002         1.23950475E-17
   18.7049999         1.20389587E-17
   18.8199997         1.16357785E-17
   18.9349995         1.11805437E-17
   19.0499992         1.06683543E-17
   19.1650009         1.00944581E-17
   19.2800007         9.45431292E-18
   19.3950005         8.74357535E-18
   19.5100002         7.95803998E-18
   19.6250000         7.09348569E-18
   19.7399998         6.14547012E-18
   19.8549995         5.10903266E-18
   19.9699993         3.97832888E-18
   20.0849991         2.74622288E-18
   20.2000008         1.40380160E-18
   20.3150005        -6.01120423E-20
   20.4300003        -1.65945335E-18
   20.5450001        -3.41141610E-18
   20.6599998        -5.33687832E-18
   20.7749996        -7.46079276E-18
   20.8899994        -9.81245318E-18
   21.0049992        -1.24256540E-17
   21.1200008        -1.53387459E-17
   21.2350006        -1.85944726E-17
   21.3500004        -2.22396971E-17
   21.4650002        -2.63249452E-17
   21.5799999        -3.09037456E-17
   21.6949997        -3.60318783E-17
   21.8099995        -4.17664038E-17
   21.9249992        -4.81646360E-17
   22.0400009        -5.52829751E-17
   22.1550007        -6.31757472E-17
   22.2700005        -7.18940787E-17
   22.3850002        -8.14847019E-17
   22.5000000        -9.19890486E-17
   22.6149998        -1.03442397E-16
   22.7299995        -1.15873287E-16
   22.8449993        -1.29303272E-16
   22.9599991        -1.43746904E-16
   23.0750008        -1.59212151E-16
   23.1900005        -1.75701037E-16
   23.3050003        -1.93210889E-16
   23.4200001        -2.11735513E-16
   23.5349998        -2.31267232E-16
   23.6499996        -2.51798384E-16
   23.7649994        -2.73323609E-16
   23.8799992        -2.95841821E-16
   23.9950008        -3.19358261E-16
   24.1100006        -3.43886086E-16
   24.2250004        -3.69447978E-16
   24.3400002        -3.96077291E-16
   24.4549999        -4.23818467E-16
   24.5699997        -4.52727146E-16
   24.6849995        -4.82869713E-16
   24.7999992        -5.14322164E-16
   24.9150009        -5.47168196E-16
   25.0300007        -5.81497277E-16
   25.1450005        -6.17401468E-16
   25.2600002        -6.54972938E-16
   25.3750000        -6.94300625E-16
   25.4899998        -7.35466479E-16
   25.6049995        -7.78542975E-16
   25.7199993        -8.23589616E-16
   25.8349991        -8.70650661E-16
   25.9500008        -9.19752632E-16
   26.0650005        -9.70903681E-16
   26.1800003        -1.02409206E-15
   26.2950001        -1.07928642E-15
   26.4099998        -1.13643711E-15
   26.5249996        -1.19547742E-15
   26.6399994        -1.25632615E-15
   26.7549992        -1.31889086E-15
   26.8700008        -1.38307118E-15
   26.9850006        -1.44876335E-15
   27.1000004        -1.51586488E-15
   27.2150002        -1.58427793E-15
   27.3299999        -1.65391494E-15
   27.4449997        -1.72470255E-15
   27.5599995        -1.79658441E-15
   27.6749992        -1.86952475E-15
   27.7900009        -1.94351053E-15
   27.9050007        -2.01855193E-15
   28.0200005        -2.09468241E-15
   28.1350002        -2.17195850E-15
   28.2500000        -2.25045410E-15
   28.3649998        -2.33026091E-15
   28.4799995        -2.41147951E-15
   28.5949993        -2.49421514E-15
   28.7099991        -2.57857031E-15
   28.8250008        -2.66463817E-15
   28.9400005        -2.75249243E-15
   29.0550003        -2.84218115E-15
   29.1700001        -2.93371831E-15
   29.2849998        -3.02707743E-15
   29.3999996        -3.12218377E-15
   29.5149994        -3.21891155E-15
   29.6299992        -3.31707864E-15
   29.7450008        -3.41644556E-15
   29.8600006        -3.51671774E-15
   29.9750004        -3.61754346E-15
   30.0900002        -3.71852123E-15
   30.2049999        -3.81920337E-15
   30.3199997        -3.91910540E-15
   30.4349995        -4.01771190E-15
   30.5499992        -4.11448880E-15
   30.6650009        -4.20889147E-15
   30.7800007        -4.30037526E-15
   30.8950005        -4.38840570E-15
   31.0100002        -4.47246906E-15
   31.1250000        -4.55207788E-15
   31.2399998        -4.62677983E-15
   31.3549995        -4.69616326E-15
   31.4699993        -4.75985718E-15
   31.5849991        -4.81753504E-15
   31.7000008        -4.86891352E-15
   31.8150005        -4.91374528E-15
   31.9300003        -4.95181729E-15
   32.0449982        -4.98294109E-15
   32.1599998        -5.00694135E-15
   32.2750015        -5.02364399E-15
   32.3899994        -5.03286733E-15
   32.5050011        -5.03440343E-15
   32.6199989        -5.02800579E-15
   32.7350006        -5.01337329E-15
   32.8499985        -4.99013960E-15
   32.9650002        -4.95785494E-15
   33.0800018        -4.91597763E-15
   33.1949997        -4.86386435E-15
   33.3100014        -4.80076252E-15
   33.4249992        -4.72580688E-15
   33.5400009        -4.63801784E-15
   33.6549988        -4.53630528E-15
   33.7700005        -4.41947487E-15
   33.8849983        -4.28624209E-15
   34.0000000        -4.13524111E-15
   34.1150017        -3.96504720E-15
   34.2299995        -3.77419882E-15
   34.3450012        -3.56121831E-15
   34.4599991        -3.32463989E-15
   34.5750008        -3.06303631E-15
   34.6899986        -2.77504511E-15
   34.8050003        -2.45939489E-15
   34.9199982        -2.11492988E-15
   35.0349998        -1.74063111E-15
   35.1500015        -1.33563459E-15
   35.2649994        -8.99241941E-16
   35.3800011        -4.30932274E-16
   35.4949989         6.96378079E-17
   35.6100006         6.02636202E-16
   35.7249985         1.16806225E-15
   35.8400002         1.76576321E-15
   35.9550018         2.39544983E-15
   36.0699997         3.05671787E-15
   36.1850014         3.74907540E-15
   36.2999992         4.47196804E-15
   36.4150009         5.22481008E-15
   36.5299988         6.00700308E-15
   36.6450005         6.81797106E-15
   36.7599983         7.65717700E-15
   36.8750000         8.52414148E-15
   36.9900017         9.41845834E-15
   37.1049995         1.03398049E-14
   37.2200012         1.12879388E-14
   37.3349991         1.22626908E-14
   37.4500008         1.32639617E-14
   37.5649986         1.42916938E-14
   37.6800003         1.53458484E-14
   37.7949982         1.64263795E-14
   37.9099998         1.75331890E-14
   38.0250015         1.86660922E-14
   38.1399994         1.98247706E-14
   38.2550011         2.10087380E-14
   38.3699989         2.22172795E-14
   38.4850006         2.34494210E-14
   38.5999985         2.47038904E-14
   38.7150002         2.59790748E-14
   38.8300018         2.72730074E-14
   38.9449997         2.85833335E-14
   39.0600014         2.99073137E-14
   39.1749992         3.12418141E-14
   39.2900009         3.25833110E-14
   39.4049988         3.39279352E-14
   39.5200005         3.52714718E-14
   39.6349983         3.66094077E-14
   39.7500000         3.79369862E-14
   39.8650017         3.92492503E-14
   39.9799995         4.05411077E-14
   40.0950012         4.18073575E-14
   40.2099991         4.30427890E-14
   40.3250008         4.42422113E-14
   40.4399986         4.54004713E-14
   40.5550003         4.65125714E-14
   40.6699982         4.75735987E-14
   40.7849998         4.85788337E-14
   40.9000015         4.95236989E-14
   41.0149994         5.04037730E-14
   41.1300011         5.12147731E-14
   41.2449989         5.19525049E-14
   41.3600006         5.26128586E-14
   41.4749985         5.31917243E-14
   41.5900002         5.36849651E-14
   41.7050018         5.40883392E-14
   41.8199997         5.43974655E-14
   41.9350014         5.46077601E-14
   42.0499992         5.47143914E-14
   42.1650009         5.47122433E-14
   42.2799988         5.45959016E-14
   42.3950005         5.43596472E-14
   42.5099983         5.39974424E-14
   42.6250000         5.35029987E-14
   42.7400017         5.28697942E-14
   42.8549995         5.20911371E-14
   42.9700012         5.11602581E-14
   43.0849991         5.00704045E-14
   43.2000008         4.88149289E-14
   43.3149986         4.73874310E-14
   43.4300003         4.57818394E-14
   43.5449982         4.39925670E-14
   43.6599998         4.20146096E-14
   43.7750015         3.98436336E-14
   43.8899994         3.74761020E-14
   44.0050011         3.49093177E-14
   44.1199989         3.21414851E-14
   44.2350006         2.91717537E-14
   44.3499985         2.60002150E-14
   44.4650002         2.26278719E-14
   44.5800018         1.90566099E-14
   44.6949997         1.52891175E-14
   44.8100014         1.13288056E-14
   44.9249992         7.17969267E-15
   45.0400009         2.84630387E-15
   45.1549988        -1.66647973E-15
   45.2700005        -6.35351536E-15
   45.3849983        -1.12095527E-14
   45.5000000        -1.62293275E-14
   45.6150017        -2.14076464E-14
   45.7299995        -2.67394783E-14
   45.8450012        -3.22200051E-14
   45.9599991        -3.78446189E-14
   46.0750008        -4.36089289E-14
   46.1899986        -4.95087200E-14
   46.3050003        -5.55398656E-14
   46.4199982        -6.16982187E-14
   46.5349998        -6.79795236E-14
   46.6500015        -7.43791964E-14
   46.7649994        -8.08922021E-14
   46.8800011        -8.75129098E-14
   46.9949989        -9.42348345E-14
   47.1100006        -1.01050502E-13
   47.2249985        -1.07951273E-13
   47.3400002        -1.14927165E-13
   47.4550018        -1.21966795E-13
   47.5699997        -1.29057233E-13
   47.6850014        -1.36183911E-13
   47.7999992        -1.43330687E-13
   47.9150009        -1.50479767E-13
   48.0299988        -1.57611852E-13
   48.1450005        -1.64706139E-13
   48.2599983        -1.71740565E-13
   48.3750000        -1.78691968E-13
   48.4900017        -1.85536225E-13
   48.6049995        -1.92248669E-13
   48.7200012        -1.98804176E-13
   48.8349991        -2.05177509E-13
   48.9500008        -2.11343665E-13
   49.0649986        -2.17278100E-13
   49.1800003        -2.22957015E-13
   49.2949982        -2.28357562E-13
   49.4099998        -2.33458245E-13
   49.5250015        -2.38238709E-13
   49.6399994        -2.42680388E-13
   49.7550011        -2.46766095E-13
   49.8699989        -2.50480463E-13
   49.9850006        -2.53809587E-13
   50.0999985        -2.56741134E-13
   50.2150002        -2.59264236E-13
   50.3300018        -2.61369106E-13
   50.4449997        -2.63047044E-13
   50.5600014        -2.64290000E-13
   50.6749992        -2.65090331E-13
   50.7900009        -2.65440610E-13
   50.9049988        -2.65333220E-13
   51.0200005        -2.64760002E-13
   51.1349983        -2.63712202E-13
   51.2500000        -2.62180035E-13
   51.3650017        -2.60152549E-13
   51.4799995        -2.57617631E-13
   51.5950012        -2.54561698E-13
   51.7099991        -2.50969899E-13
   51.8250008        -2.46826160E-13
   51.9399986        -2.42113350E-13
   52.0550003        -2.36813444E-13
   52.1699982        -2.30907903E-13
   52.2849998        -2.24378160E-13
   52.4000015        -2.17205905E-13
   52.5149994        -2.09373670E-13
   52.6300011        -2.00865461E-13
   52.7449989        -1.91667239E-13
   52.8600006        -1.81767606E-13
   52.9749985        -1.71158281E-13
   53.0900002        -1.59834778E-13
   53.2050018        -1.47796909E-13
   53.3199997        -1.35049198E-13
   53.4350014        -1.21601351E-13
   53.5499992        -1.07468464E-13
   53.6650009        -9.26712320E-14
   53.7799988        -7.72360488E-14
   53.8950005        -6.11948372E-14
   54.0099983        -4.45849006E-14
   54.1250000        -2.74485465E-14
   54.2400017        -9.83254819E-15
   54.3549995         8.21240116E-15
   54.4700012         2.66324675E-14
   54.5849991         4.53715265E-14
   54.7000008         6.43719629E-14
   54.8149986         8.35758532E-14
   54.9300003         1.02925792E-13
   55.0449982         1.22365890E-13
   55.1599998         1.41842701E-13
   55.2750015         1.61306176E-13
   55.3899994         1.80710454E-13
   55.5050011         2.00014403E-13
   55.6199989         2.19182284E-13
   55.7350006         2.38184038E-13
   55.8499985         2.56995488E-13
   55.9650002         2.75598338E-13
   56.0800018         2.93979874E-13
   56.1949997         3.12132725E-13
   56.3100014         3.30054099E-13
   56.4249992         3.47745351E-13
   56.5400009         3.65210574E-13
   56.6549988         3.82456003E-13
   56.7700005         3.99488737E-13
   56.8849983         4.16315582E-13
   57.0000000         4.32941633E-13
   57.1150017         4.49369329E-13
   57.2299995         4.65596908E-13
   57.3450012         4.81617730E-13
   57.4599991         4.97418838E-13
   57.5750008         5.12980392E-13
   57.6899986         5.28275015E-13
   57.8050003         5.43267471E-13
   57.9199982         5.57913958E-13
   58.0349998         5.72163031E-13
   58.1500015         5.85955438E-13
   58.2649994         5.99224826E-13
   58.3800011         6.11898878E-13
   58.4949989         6.23900345E-13
   58.6100006         6.35148780E-13
   58.7249985         6.45561783E-13
   58.8400002         6.55057172E-13
   58.9550018         6.63554986E-13
   59.0699997         6.70979331E-13
   59.1850014         6.77260331E-13
   59.2999992         6.82336620E-13
   59.4150009         6.86156264E-13
   59.5299988         6.88679419E-13
   59.6450005         6.89879035E-13
   59.7599983         6.89742154E-13
   59.8750000         6.88270675E-13
   59.9900017         6.85481674E-13
   60.1049995         6.81407296E-13
   60.2200012         6.76094218E-13
   60.3349991         6.69602991E-13
   60.4500008         6.62006203E-13
   60.5649986         6.53387229E-13
   60.6800003         6.43838119E-13
   60.7949982         6.33457100E-13
   60.9099998         6.22346033E-13
   61.0250015         6.10608189E-13
   61.1399994         5.98345050E-13
   61.2550011         5.85653759E-13
   61.3699989         5.72624793E-13
   61.4850006         5.59339196E-13
   61.5999985         5.45866575E-13
   61.7150002         5.32263578E-13
   61.8300018         5.18572056E-13
   61.9449997         5.04818355E-13
   62.0600014         4.91013155E-13
   62.1749992         4.77150871E-13
   62.2900009         4.63210958E-13
   62.4049988         4.49158506E-13
   62.5200005         4.34946296E-13
   62.6349983         4.20516540E-13
   62.7500000         4.05803537E-13
   62.8650017         3.90736705E-13
   62.9799995         3.75243212E-13
   63.0950012         3.59251745E-13
   63.2099991         3.42695544E-13
   63.3250008         3.25515737E-13
   63.4399986         3.07664267E-13
   63.5550003         2.89106900E-13
   63.6699982         2.69825612E-13
   63.7849998         2.49820347E-13
   63.9000015         2.29110350E-13
   64.0149994         2.07735074E-13
   64.1299973         1.85753743E-13
   64.2450027         1.63244919E-13
   64.3600006         1.40304814E-13
   64.4749985         1.17045046E-13
   64.5899963         9.35899443E-14
   64.7050018         7.00730842E-14
   64.8199997         4.66329720E-14
   64.9349976         2.34093750E-14
   65.0500031         5.38387694E-16
   65.1650009        -2.18520948E-14
   65.2799988        -4.36465371E-14
   65.3949966        -6.47463718E-14
   65.5100021        -8.50739157E-14
   65.6250000        -1.04575067E-13
   65.7399979        -1.23222667E-13
   65.8550034        -1.41018179E-13
   65.9700012        -1.57992610E-13
   66.0849991        -1.74207030E-13
   66.1999969        -1.89751440E-13
   66.3150024        -2.04743801E-13
   66.4300003        -2.19326835E-13
   66.5449982        -2.33665355E-13
   66.6600037        -2.47941912E-13
   66.7750015        -2.62352233E-13
   66.8899994        -2.77100717E-13
   67.0049973        -2.92393930E-13
   67.1200027        -3.08436273E-13
   67.2350006        -3.25423553E-13
   67.3499985        -3.43538024E-13
   67.4649963        -3.62943291E-13
   67.5800018        -3.83779705E-13
   67.6949997        -4.06160403E-13
   67.8099976        -4.30168217E-13
   67.9250031        -4.55853562E-13
   68.0400009        -4.83232920E-13
   68.1549988        -5.12288671E-13
   68.2699966        -5.42969912E-13
   68.3850021        -5.75194081E-13
   68.5000000        -6.08850318E-13
   68.6149979        -6.43802448E-13
   68.7300034        -6.79894292E-13
   68.8450012        -7.16954328E-13
   68.9599991        -7.54802091E-13
   69.0749969        -7.93253917E-13
   69.1900024        -8.32129071E-13
   69.3050003        -8.71256355E-13
   69.4199982        -9.10479483E-13
   69.5350037        -9.49663200E-13
   69.6500015        -9.88696972E-13
   69.7649994        -1.02749959E-12
   69.8799973        -1.06602108E-12
   69.9950027        -1.10424549E-12
   70.1100006        -1.14218986E-12
   70.2249985        -1.17990416E-12
   70.3399963        -1.21746883E-12
   70.4550018        -1.25499090E-12
   70.5699997        -1.29260058E-12
   70.6849976        -1.33044422E-12
   70.8000031        -1.36867861E-12
   70.9150009        -1.40746442E-12
   71.0299988        -1.44695779E-12
   71.1449966        -1.48730312E-12
   71.2600021        -1.52862575E-12
   71.3750000        -1.57102424E-12
   71.4899979        -1.61456373E-12
   71.6050034        -1.65927038E-12
   71.7200012        -1.70512595E-12
   71.8349991        -1.75206453E-12
   71.9499969        -1.79996957E-12
   72.0650024        -1.84867312E-12
   72.1800003        -1.89795640E-12
   72.2949982        -1.94755106E-12
   72.4100037        -1.99714334E-12
   72.5250015        -2.04637847E-12
   72.6399994        -2.09486595E-12
   72.7549973        -2.14218790E-12
   72.8700027        -2.18790611E-12
   72.9850006        -2.23157170E-12
   73.0999985        -2.27273322E-12
   73.2149963        -2.31094506E-12
   73.3300018        -2.34577895E-12
   73.4449997        -2.37683029E-12
   73.5599976        -2.40372761E-12
   73.6750031        -2.42613677E-12
   73.7900009        -2.44376936E-12
   73.9049988        -2.45638514E-12
   74.0199966        -2.46379523E-12
   74.1350021        -2.46586085E-12
   74.2500000        -2.46249592E-12
   74.3649979        -2.45366097E-12
   74.4800034        -2.43936078E-12
   74.5950012        -2.41963784E-12
   74.7099991        -2.39456588E-12
   74.8249969        -2.36424118E-12
   74.9400024        -2.32877454E-12
   75.0550003        -2.28828284E-12
   75.1699982        -2.24287928E-12
   75.2850037        -2.19266489E-12
   75.4000015        -2.13772164E-12
   75.5149994        -2.07810440E-12
   75.6299973        -2.01383658E-12
   75.7450027        -1.94490582E-12
   75.8600006        -1.87126161E-12
   75.9749985        -1.79281459E-12
   76.0899963        -1.70943858E-12
   76.2050018        -1.62097310E-12
   76.3199997        -1.52722897E-12
   76.4349976        -1.42799325E-12
   76.5500031        -1.32303803E-12
   76.6650009        -1.21212870E-12
   76.7799988        -1.09503314E-12
   76.8949966        -9.71531991E-13
   77.0100021        -8.41428001E-13
   77.1250000        -7.04556151E-13
   77.2399979        -5.60792732E-13
   77.3550034        -4.10063639E-13
   77.4700012        -2.52352067E-13
   77.5849991        -8.77035261E-14
   77.6999969         8.37683872E-14
   77.8150024         2.61880253E-13
   77.9300003         4.46376768E-13
   78.0449982         6.36931805E-13
   78.1600037         8.33150931E-13
   78.2750015         1.03457509E-12
   78.3899994         1.24068702E-12
   78.5049973         1.45091773E-12
   78.6200027         1.66465539E-12
   78.7350006         1.88125470E-12
   78.8499985         2.10004757E-12
   78.9649963         2.32035311E-12
   79.0800018         2.54148959E-12
   79.1949997         2.76278501E-12
   79.3099976         2.98358734E-12
   79.4250031         3.20327488E-12
   79.5400009         3.42126349E-12
   79.6549988         3.63701517E-12
   79.7699966         3.85004225E-12
   79.8850021         4.05991300E-12
   80.0000000         4.26625098E-12
   80.1149979         4.46873788E-12
   80.2300034         4.66710871E-12
   80.3450012         4.86115098E-12
   80.4599991         5.05069380E-12
   80.5749969         5.23560622E-12
   80.6900024         5.41578544E-12
   80.8050003         5.59114604E-12
   80.9199982         5.76161254E-12
   81.0350037         5.92710733E-12
   81.1500015         6.08753846E-12
   81.2649994         6.24279187E-12
   81.3799973         6.39272142E-12
   81.4950027         6.53713975E-12
   81.6100006         6.67581095E-12
   81.7249985         6.80844964E-12
   81.8399963         6.93470888E-12
   81.9550018         7.05418883E-12
   82.0699997         7.16643064E-12
   82.1849976         7.27092041E-12
   82.3000031         7.36709565E-12
   82.4150009         7.45434704E-12
   82.5299988         7.53203316E-12
   82.6449966         7.59948268E-12
   82.7600021         7.65601124E-12
   82.8750000         7.70092670E-12
   82.9899979         7.73354818E-12
   83.1050034         7.75321387E-12
   83.2200012         7.75929408E-12
   83.3349991         7.75120419E-12
   83.4499969         7.72841947E-12
   83.5650024         7.69047933E-12
   83.6800003         7.63700301E-12
   83.7949982         7.56769213E-12
   83.9100037         7.48234547E-12
   84.0250015         7.38085114E-12
   84.1399994         7.26320176E-12
   84.2549973         7.12948537E-12
   84.3700027         6.97988759E-12
   84.4850006         6.81468684E-12
   84.5999985         6.63424654E-12
   84.7149963         6.43900775E-12
   84.8300018         6.22948047E-12
   84.9449997         6.00622937E-12
   85.0599976         5.76986462E-12
   85.1750031         5.52102548E-12
   85.2900009         5.26037026E-12
   85.4049988         4.98856338E-12
   85.5199966         4.70626055E-12
   85.6350021         4.41410103E-12
   85.7500000         4.11269803E-12
   85.8649979         3.80262922E-12
   85.9800034         3.48443301E-12
   86.0950012         3.15860727E-12
   86.2099991         2.82560563E-12
   86.3249969         2.48584074E-12
   86.4400024         2.13968773E-12
   86.5550003         1.78749105E-12
   86.6699982         1.42956990E-12
   86.7850037         1.06622979E-12
   86.9000015         6.97768774E-13
   87.0149994         3.24490543E-13
   87.1299973        -5.32864768E-14
   87.2450027        -4.35219243E-13
   87.3600006        -8.20931322E-13
   87.4749985        -1.21000367E-12
   87.5899963        -1.60197051E-12
   87.7050018        -1.99631175E-12
   87.8199997        -2.39245277E-12
   87.9349976        -2.78976191E-12
   88.0500031        -3.18755439E-12
   88.1650009        -3.58509208E-12
   88.2799988        -3.98159283E-12
   88.3949966        -4.37623722E-12
   88.5100021        -4.76817717E-12
   88.6250000        -5.15655053E-12
   88.7399979        -5.54048777E-12
   88.8550034        -5.91913107E-12
   88.9700012        -6.29164559E-12
   89.0849991        -6.65723379E-12
   89.1999969        -7.01515061E-12
   89.3150024        -7.36471474E-12
   89.4300003        -7.70532076E-12
   89.5449982        -8.03644998E-12
   89.6600037        -8.35768000E-12
   89.7750015        -8.66868296E-12
   89.8899994        -8.96923855E-12
   90.0049973        -9.25922446E-12
   90.1200027        -9.53861816E-12
   90.2350006        -9.80748642E-12
   90.3499985        -1.00659784E-11
   90.4649963        -1.03143128E-11
   90.5800018        -1.05527566E-11
   90.6949997        -1.07816143E-11
   90.8099976        -1.10012121E-11
   90.9250031        -1.12118630E-11
   91.0400009        -1.14138664E-11
   91.1549988        -1.16074754E-11
   91.2699966        -1.17928826E-11
   91.3850021        -1.19702095E-11
   91.5000000        -1.21394856E-11
   91.6149979        -1.23006423E-11
   91.7300034        -1.24535087E-11
   91.8450012        -1.25978013E-11
   91.9599991        -1.27331375E-11
   92.0749969        -1.28590298E-11
   92.1900024        -1.29748989E-11
   92.3050003        -1.30800882E-11
   92.4199982        -1.31738735E-11
   92.5350037        -1.32554905E-11
   92.6500015        -1.33241439E-11
   92.7649994        -1.33790392E-11
   92.8799973        -1.34193958E-11
   92.9950027        -1.34444773E-11
   93.1100006        -1.34536115E-11
   93.2249985        -1.34462077E-11
   93.3399963        -1.34217810E-11
   93.4550018        -1.33799638E-11
   93.5699997        -1.33205261E-11
   93.6849976        -1.32433769E-11
   93.8000031        -1.31485812E-11
   93.9150009        -1.30363567E-11
   94.0299988        -1.29070747E-11
   94.1449966        -1.27612539E-11
   94.2600021        -1.25995455E-11
   94.3750000        -1.24227338E-11
   94.4899979        -1.22316966E-11
   94.6050034        -1.20274034E-11
   94.7200012        -1.18108752E-11
   94.8349991        -1.15831702E-11
   94.9499969        -1.13453439E-11
   95.0650024        -1.10984260E-11
   95.1800003        -1.08433870E-11
   95.2949982        -1.05811158E-11
   95.4100037        -1.03123881E-11
   95.5250015        -1.00378456E-11
   95.6399994        -9.75797308E-12
   95.7549973        -9.47309418E-12
   95.8700027        -9.18335113E-12
   95.9850006        -8.88870921E-12
   96.0999985        -8.58895594E-12
   96.2149963        -8.28371052E-12
   96.3300018        -7.97244042E-12
   96.4449997        -7.65447775E-12
   96.5599976        -7.32904362E-12
   96.6750031        -6.99527892E-12
   96.7900009        -6.65226901E-12
   96.9049988        -6.29908192E-12
   97.0199966        -5.93479432E-12
   97.1350021        -5.55852586E-12
   97.2500000        -5.16946598E-12
   97.3649979        -4.76690172E-12
   97.4800034        -4.35024412E-12
   97.5950012        -3.91904521E-12
   97.7099991        -3.47300704E-12
   97.8249969        -3.01199669E-12
   97.9400024        -2.53605188E-12
   98.0550003        -2.04537364E-12
   98.1699982        -1.54032201E-12
   98.2850037        -1.02140540E-12
   98.4000015        -4.89272468E-13
   98.5149994         5.53190306E-14
   98.6299973         6.11518865E-13
   98.7450027         1.17840525E-12
   98.8600006         1.75501605E-12
   98.9749985         2.34037724E-12
   99.0899963         2.93352972E-12
   99.2050018         3.53355387E-12
   99.3199997         4.13960446E-12
   99.4349976         4.75093012E-12
   99.5500031         5.36689877E-12
   99.6650009         5.98701254E-12
   99.7799988         6.61092838E-12
   99.8949966         7.23846243E-12
   100.010002         7.86960167E-12
   100.125000         8.50449919E-12
   100.239998         9.14347157E-12
   100.355003         9.78698546E-12
   100.470001         1.04356255E-11
   100.584999         1.10901037E-11
   100.699997         1.17511972E-11
   100.815002         1.24197458E-11
   100.930000         1.30965881E-11
   101.044998         1.37825524E-11
   101.160004         1.44783950E-11
   101.275002         1.51847805E-11
   101.389999         1.59022361E-11
   101.504997         1.66311218E-11
   101.620003         1.73715937E-11
   101.735001         1.81235929E-11
   101.849998         1.88868175E-11
   101.964996         1.96607036E-11
   102.080002         2.04444239E-11
   102.195000         2.12368942E-11
   102.309998         2.20367492E-11
   102.425003         2.28423877E-11
   102.540001         2.36519589E-11
   102.654999         2.44633966E-11
   102.769997         2.52744319E-11
   102.885002         2.60826239E-11
   103.000000         2.68853793E-11
   103.114998         2.76799972E-11
   103.230003         2.84636724E-11
   103.345001         2.92335461E-11
   103.459999         2.99867249E-11
   103.574997         3.07203187E-11
   103.690002         3.14314408E-11
   103.805000         3.21172706E-11
   103.919998         3.27750431E-11
   104.035004         3.34020867E-11
   104.150002         3.39958409E-11
   104.264999         3.45538632E-11
   104.379997         3.50738431E-11
   104.495003         3.55536121E-11
   104.610001         3.59911580E-11
   104.724998         3.63846037E-11
   104.839996         3.67322284E-11
   104.955002         3.70324396E-11
   105.070000         3.72837976E-11
   105.184998         3.74849700E-11
   105.300003         3.76347425E-11
   105.415001         3.77319981E-11
   105.529999         3.77756958E-11
   105.644997         3.77648676E-11
   105.760002         3.76985977E-11
   105.875000         3.75760187E-11
   105.989998         3.73962944E-11
   106.105003         3.71586130E-11
   106.220001         3.68621904E-11
   106.334999         3.65062633E-11
   106.449997         3.60900823E-11
   106.565002         3.56129397E-11
   106.680000         3.50741589E-11
   106.794998         3.44730980E-11
   106.910004         3.38091881E-11
   107.025002         3.30819157E-11
   107.139999         3.22908436E-11
   107.254997         3.14356388E-11
   107.370003         3.05160758E-11
   107.485001         2.95320331E-11
   107.599998         2.84835194E-11
   107.714996         2.73706786E-11
   107.830002         2.61938075E-11
   107.945000         2.49533363E-11
   108.059998         2.36498564E-11
   108.175003         2.22841155E-11
   108.290001         2.08570314E-11
   108.404999         1.93696725E-11
   108.519997         1.78232810E-11
   108.635002         1.62192586E-11
   108.750000         1.45591560E-11
   108.864998         1.28447157E-11
   108.980003         1.10778010E-11
   109.095001         9.26044137E-12
   109.209999         7.39478791E-12
   109.324997         5.48314519E-12
   109.440002         3.52790540E-12
   109.555000         1.53157174E-12
   109.669998        -5.03264097E-13
   109.785004        -2.57396014E-12
   109.900002        -4.67781022E-12
   110.014999        -6.81207347E-12
   110.129997        -8.97400296E-12
   110.245003        -1.11608448E-11
   110.360001        -1.33698625E-11
   110.474998        -1.55983143E-11
   110.589996        -1.78434871E-11
   110.705002        -2.01026747E-11
   110.820000        -2.23731884E-11
   110.934998        -2.46523236E-11
   111.050003        -2.69373759E-11
   111.165001        -2.92255976E-11
   111.279999        -3.15141836E-11
   111.394997        -3.38002681E-11
   111.510002        -3.60808883E-11
   111.625000        -3.83529701E-11
   111.739998        -4.06133079E-11
   111.855003        -4.28585709E-11
   111.970001        -4.50852584E-11
   112.084999        -4.72897242E-11
   112.199997        -4.94681414E-11
   112.315002        -5.16165582E-11
   112.430000        -5.37308392E-11
   112.544998        -5.58067204E-11
   112.660004        -5.78398336E-11
   112.775002        -5.98256653E-11
   112.889999        -6.17596391E-11
   113.004997        -6.36371164E-11
   113.120003        -6.54533927E-11
   113.235001        -6.72037842E-11
   113.349998        -6.88835933E-11
   113.464996        -7.04881709E-11
   113.580002        -7.20129512E-11
   113.695000        -7.34534378E-11
   113.809998        -7.48052661E-11
   113.925003        -7.60642452E-11
   114.040001        -7.72263434E-11
   114.154999        -7.82877374E-11
   114.269997        -7.92448399E-11
   114.385002        -8.00943201E-11
   114.500000        -8.08330972E-11
   114.614998        -8.14584372E-11
   114.730003        -8.19678422E-11
   114.845001        -8.23591612E-11
   114.959999        -8.26305899E-11
   115.074997        -8.27806088E-11
   115.190002        -8.28080451E-11
   115.305000        -8.27120247E-11
   115.419998        -8.24919924E-11
   115.535004        -8.21476984E-11
   115.650002        -8.16791773E-11
   115.764999        -8.10867207E-11
   115.879997        -8.03709321E-11
   115.995003        -7.95326374E-11
   116.110001        -7.85729329E-11
   116.224998        -7.74931438E-11
   116.339996        -7.62948801E-11
   116.455002        -7.49799528E-11
   116.570000        -7.35504782E-11
   116.684998        -7.20088086E-11
   116.800003        -7.03576017E-11
   116.915001        -6.85997648E-11
   117.029999        -6.67385106E-11
   117.144997        -6.47773502E-11
   117.260002        -6.27200791E-11
   117.375000        -6.05707914E-11
   117.489998        -5.83338239E-11
   117.605003        -5.60137874E-11
   117.720001        -5.36155217E-11
   117.834999        -5.11440369E-11
   117.949997        -4.86045232E-11
   118.065002        -4.60022541E-11
   118.180000        -4.33425726E-11
   118.294998        -4.06308182E-11
   118.410004        -3.78722817E-11
   118.525002        -3.50721396E-11
   118.639999        -3.22354296E-11
   118.754997        -2.93669256E-11
   118.870003        -2.64712037E-11
   118.985001        -2.35524898E-11
   119.099998        -2.06146749E-11
   119.214996        -1.76613012E-11
   119.330002        -1.46955070E-11
   119.445000        -1.17199930E-11
   119.559998        -8.73705275E-12
   119.675003        -5.74854747E-12
   119.790001        -2.75592743E-12
   119.904999         2.39756132E-13
   120.019997         3.23782667E-12
   120.135002         6.23794419E-12
   120.250000         9.24008092E-12
   120.364998         1.22444069E-11
   120.480003         1.52513314E-11
   120.595001         1.82613022E-11
   120.709999         2.12748534E-11
   120.824997         2.42924292E-11
   120.940002         2.73143140E-11
   121.055000         3.03405669E-11
   121.169998         3.33709380E-11
   121.285004         3.64047403E-11
   121.400002         3.94408048E-11
   121.514999         4.24773758E-11
   121.629997         4.55121010E-11
   121.745003         4.85419378E-11
   121.860001         5.15631565E-11
   121.974998         5.45713405E-11
   122.089996         5.75613411E-11
   122.205002         6.05273609E-11
   122.320000         6.34629918E-11
   122.434998         6.63612915E-11
   122.550003         6.92148422E-11
   122.665001         7.20158308E-11
   122.779999         7.47562706E-11
   122.894997         7.74279807E-11
   123.010002         8.00227939E-11
   123.125000         8.25326890E-11
   123.239998         8.49498805E-11
   123.355003         8.72669575E-11
   123.470001         8.94770091E-11
   123.584999         9.15737000E-11
   123.699997         9.35514444E-11
   123.815002         9.54053503E-11
   123.930000         9.71314557E-11
   124.044998         9.87266241E-11
   124.160004         1.00188663E-10
   124.275002         1.01516344E-10
   124.389999         1.02709341E-10
   124.504997         1.03768272E-10
   124.620003         1.04694642E-10
   124.735001         1.05490755E-10
   124.849998         1.06159692E-10
   124.964996         1.06705200E-10
   125.080002         1.07131609E-10
   125.195000         1.07443721E-10
   125.309998         1.07646711E-10
   125.425003         1.07746014E-10
   125.540001         1.07747186E-10
   125.654999         1.07655766E-10
   125.769997         1.07477242E-10
   125.885002         1.07216826E-10
   126.000000         1.06879498E-10
   126.114998         1.06469819E-10
   126.230003         1.05991882E-10
   126.345001         1.05449288E-10
   126.459999         1.04845098E-10
   126.574997         1.04181830E-10
   126.690002         1.03461378E-10
   126.805000         1.02685124E-10
   126.919998         1.01853886E-10
   127.035004         1.00968026E-10
   127.150002         1.00027389E-10
   127.264999         9.90314775E-11
   127.379997         9.79794024E-11
   127.495003         9.68699496E-11
   127.610001         9.57016758E-11
   127.724998         9.44729642E-11
   127.839996         9.31820177E-11
   127.955002         9.18269627E-11
   128.070007         9.04058772E-11
   128.184998         8.89168461E-11
   128.300003         8.73579542E-11
   128.414993         8.57273905E-11
   128.529999         8.40234479E-11
   128.645004         8.22445723E-11
   128.759995         8.03894451E-11
   128.875000         7.84569354E-11
   128.990005         7.64462174E-11
   129.104996         7.43567499E-11
   129.220001         7.21883456E-11
   129.335007         6.99412125E-11
   129.449997         6.76159545E-11
   129.565002         6.52135568E-11
   129.679993         6.27354696E-11
   129.794998         6.01835873E-11
   129.910004         5.75601684E-11
   130.024994         5.48679401E-11
   130.139999         5.21099795E-11
   130.255005         4.92897494E-11
   130.369995         4.64110243E-11
   130.485001         4.34778949E-11
   130.600006         4.04946805E-11
   130.714996         3.74659262E-11
   130.830002         3.43963469E-11
   130.945007         3.12907686E-11
   131.059998         2.81541734E-11
   131.175003         2.49915991E-11
   131.289993         2.18081178E-11
   131.404999         1.86088436E-11
   131.520004         1.53989113E-11
   131.634995         1.21833932E-11
   131.750000         8.96736851E-12
   131.865005         5.75580555E-12
   131.979996         2.55358235E-12
   132.095001        -6.34534092E-13
   132.210007        -3.80398490E-12
   132.324997        -6.95041247E-12
   132.440002        -1.00696951E-11
   132.554993        -1.31580996E-11
   132.669998        -1.62121983E-11
   132.785004        -1.92289795E-11
   132.899994        -2.22059524E-11
   133.014999        -2.51410212E-11
   133.130005        -2.80326526E-11
   133.244995        -3.08799028E-11
   133.360001        -3.36823000E-11
   133.475006        -3.64399552E-11
   133.589996        -3.91534374E-11
   133.705002        -4.18238985E-11
   133.820007        -4.44528372E-11
   133.934998        -4.70421549E-11
   134.050003        -4.95940303E-11
   134.164993        -5.21109059E-11
   134.279999        -5.45953560E-11
   134.395004        -5.70499481E-11
   134.509995        -5.94773050E-11
   134.625000        -6.18798346E-11
   134.740005        -6.42597711E-11
   134.854996        -6.66190783E-11
   134.970001        -6.89592689E-11
   135.085007        -7.12814530E-11
   135.199997        -7.35862621E-11
   135.315002        -7.58737240E-11
   135.429993        -7.81432558E-11
   135.544998        -8.03937195E-11
   135.660004        -8.26232971E-11
   135.774994        -8.48295184E-11
   135.889999        -8.70093511E-11
   136.005005        -8.91590829E-11
   136.119995        -9.12746198E-11
   136.235001        -9.33512434E-11
   136.350006        -9.53840271E-11
   136.464996        -9.73676001E-11
   136.580002        -9.92965710E-11
   136.695007        -1.01165389E-10
   136.809998        -1.02968654E-10
   136.925003        -1.04701137E-10
   137.039993        -1.06357922E-10
   137.154999        -1.07934495E-10
   137.270004        -1.09427002E-10
   137.384995        -1.10832087E-10
   137.500000        -1.12147146E-10
   137.615005        -1.13370355E-10
   137.729996        -1.14500631E-10
   137.845001        -1.15537621E-10
   137.960007        -1.16481741E-10
   138.074997        -1.17334142E-10
   138.190002        -1.18096560E-10
   138.304993        -1.18771257E-10
   138.419998        -1.19360993E-10
   138.535004        -1.19868879E-10
   138.649994        -1.20298285E-10
   138.764999        -1.20652668E-10
   138.880005        -1.20935595E-10
   138.994995        -1.21150576E-10
   139.110001        -1.21300997E-10
   139.225006        -1.21390065E-10
   139.339996        -1.21420790E-10
   139.455002        -1.21395838E-10
   139.570007        -1.21317706E-10
   139.684998        -1.21188518E-10
   139.800003        -1.21010174E-10
   139.914993        -1.20784244E-10
   140.029999        -1.20512170E-10
   140.145004        -1.20195132E-10
   140.259995        -1.19834226E-10
   140.375000        -1.19430507E-10
   140.490005        -1.18985002E-10
   140.604996        -1.18498836E-10
   140.720001        -1.17973312E-10
   140.835007        -1.17409998E-10
   140.949997        -1.16810825E-10
   141.065002        -1.16178164E-10
   141.179993        -1.15514917E-10
   141.294998        -1.14824629E-10
   141.410004        -1.14111540E-10
   141.524994        -1.13380659E-10
   141.639999        -1.12637864E-10
   141.755005        -1.11889824E-10
   141.869995        -1.11144038E-10
   141.985001        -1.10408904E-10
   142.100006        -1.09693504E-10
   142.214996        -1.09007650E-10
   142.330002        -1.08361688E-10
   142.445007        -1.07766442E-10
   142.559998        -1.07232896E-10
   142.675003        -1.06772147E-10
   142.789993        -1.06395122E-10
   142.904999        -1.06112313E-10
   143.020004        -1.05933630E-10
   143.134995        -1.05868148E-10
   143.250000        -1.05923777E-10
   143.365005        -1.06107234E-10
   143.479996        -1.06423759E-10
   143.595001        -1.06876855E-10
   143.710007        -1.07468340E-10
   143.824997        -1.08198048E-10
   143.940002        -1.09063938E-10
   144.054993        -1.10061987E-10
   144.169998        -1.11186074E-10
   144.285004        -1.12428178E-10
   144.399994        -1.13778459E-10
   144.514999        -1.15225010E-10
   144.630005        -1.16754523E-10
   144.744995        -1.18352009E-10
   144.860001        -1.20001120E-10
   144.975006        -1.21684246E-10
   145.089996        -1.23382887E-10
   145.205002        -1.25077851E-10
   145.320007        -1.26749139E-10
   145.434998        -1.28376698E-10
   145.550003        -1.29940336E-10
   145.664993        -1.31419958E-10
   145.779999        -1.32796052E-10
   145.895004        -1.34049494E-10
   146.009995        -1.35162104E-10
   146.125000        -1.36116896E-10
   146.240005        -1.36897660E-10
   146.354996        -1.37489964E-10
   146.470001        -1.37880374E-10
   146.585007        -1.38057149E-10
   146.699997        -1.38009937E-10
   146.815002        -1.37729911E-10
   146.929993        -1.37209855E-10
   147.044998        -1.36443634E-10
   147.160004        -1.35426698E-10
   147.274994        -1.34155381E-10
   147.389999        -1.32627187E-10
   147.505005        -1.30840422E-10
   147.619995        -1.28794142E-10
   147.735001        -1.26487820E-10
   147.850006        -1.23921318E-10
   147.964996        -1.21094662E-10
   148.080002        -1.18007826E-10
   148.195007        -1.14660670E-10
   148.309998        -1.11052806E-10
   148.425003        -1.07183262E-10
   148.539993        -1.03050651E-10
   148.654999        -9.86527804E-11
   148.770004        -9.39867906E-11
   148.884995        -8.90487961E-11
   149.000000        -8.38340508E-11
   149.115005        -7.83366705E-11
   149.229996        -7.25497995E-11
   149.345001        -6.64653332E-11
   149.460007        -6.00740291E-11
   149.574997        -5.33657285E-11
   149.690002        -4.63288852E-11
   149.804993        -3.89510091E-11
   149.919998        -3.12188053E-11
   150.035004        -2.31180630E-11
   150.149994        -1.46340717E-11
   150.264999        -5.75170467E-12
   150.380005         3.54438701E-12
   150.494995         1.32693578E-11
   150.610001         2.34380293E-11
   150.725006         3.40645012E-11
   150.839996         4.51617493E-11
   150.955002         5.67415975E-11
   151.070007         6.88140794E-11
   151.184998         8.13872858E-11
   151.300003         9.44669898E-11
   151.414993         1.08056571E-10
   151.529999         1.22156507E-10
   151.645004         1.36764350E-10
   151.759995         1.51874499E-10
   151.875000         1.67477976E-10
   151.990005         1.83562374E-10
   152.104996         2.00111733E-10
   152.220001         2.17106527E-10
   152.335007         2.34523623E-10
   152.449997         2.52336180E-10
   152.565002         2.70513945E-10
   152.679993         2.89022972E-10
   152.794998         3.07826153E-10
   152.910004         3.26882937E-10
   153.024994         3.46149859E-10
   153.139999         3.65580483E-10
   153.255005         3.85125903E-10
   153.369995         4.04734968E-10
   153.485001         4.24354440E-10
   153.600006         4.43929782E-10
   153.714996         4.63404842E-10
   153.830002         4.82723306E-10
   153.945007         5.01828024E-10
   154.059998         5.20662347E-10
   154.175003         5.39169875E-10
   154.289993         5.57295432E-10
   154.404999         5.74985226E-10
   154.520004         5.92187188E-10
   154.634995         6.08851303E-10
   154.750000         6.24930274E-10
   154.865005         6.40379139E-10
   154.979996         6.55156041E-10
   155.095001         6.69222344E-10
   155.210007         6.82542023E-10
   155.324997         6.95083158E-10
   155.440002         7.06816050E-10
   155.554993         7.17714999E-10
   155.669998         7.27756966E-10
   155.785004         7.36922023E-10
   155.899994         7.45193018E-10
   156.014999         7.52555684E-10
   156.130005         7.58998031E-10
   156.244995         7.64510233E-10
   156.360001         7.69084685E-10
   156.475006         7.72715669E-10
   156.589996         7.75398523E-10
   156.705002         7.77130194E-10
   156.820007         7.77908848E-10
   156.934998         7.77732823E-10
   157.050003         7.76601561E-10
   157.164993         7.74514397E-10
   157.279999         7.71471109E-10
   157.395004         7.67471420E-10
   157.509995         7.62514718E-10
   157.625000         7.56600504E-10
   157.740005         7.49728113E-10
   157.854996         7.41896489E-10
   157.970001         7.33104855E-10
   158.085007         7.23352156E-10
   158.199997         7.12638060E-10
   158.315002         7.00962399E-10
   158.429993         6.88326063E-10
   158.544998         6.74731049E-10
   158.660004         6.60180799E-10
   158.774994         6.44680420E-10
   158.889999         6.28236962E-10
   159.005005         6.10860196E-10
   159.119995         5.92562222E-10
   159.235001         5.73358083E-10
   159.350006         5.53265767E-10
   159.464996         5.32306588E-10
   159.580002         5.10504805E-10
   159.695007         4.87888563E-10
   159.809998         4.64488781E-10
   159.925003         4.40339931E-10
   160.039993         4.15479484E-10
   160.154999         3.89947685E-10
   160.270004         3.63788055E-10
   160.384995         3.37046668E-10
   160.500000         3.09771819E-10
   160.615005         2.82013968E-10
   160.729996         2.53825849E-10
   160.845001         2.25261421E-10
   160.960007         1.96376304E-10
   161.074997         1.67227010E-10
   161.190002         1.37870826E-10
   161.304993         1.08365483E-10
   161.419998         7.87688248E-11
   161.535004         4.91385821E-11
   161.649994         1.95318761E-11
   161.764999        -9.99494931E-12
   161.880005        -3.93868271E-11
   161.994995        -6.85898838E-11
   162.110001        -9.75522718E-11
   162.225006        -1.26223670E-10
   162.339996        -1.54556146E-10
   162.455002        -1.82504012E-10
   162.570007        -2.10024179E-10
   162.684998        -2.37076025E-10
   162.800003        -2.63621902E-10
   162.914993        -2.89626600E-10
   163.029999        -3.15058174E-10
   163.145004        -3.39887479E-10
   163.259995        -3.64088315E-10
   163.375000        -3.87637533E-10
   163.490005        -4.10515316E-10
   163.604996        -4.32704816E-10
   163.720001        -4.54192572E-10
   163.835007        -4.74968342E-10
   163.949997        -4.95025576E-10
   164.065002        -5.14360943E-10
   164.179993        -5.32975164E-10
   164.294998        -5.50872292E-10
   164.410004        -5.68060488E-10
   164.524994        -5.84551518E-10
   164.639999        -6.00361261E-10
   164.755005        -6.15509199E-10
   164.869995        -6.30018981E-10
   164.985001        -6.43917863E-10
