  -34.5000000         0.00000000    
  -34.3195000         0.00000000    
  -34.1389999         0.00000000    
  -33.9584999         0.00000000    
  -33.7779999         2.37727573E-25
  -33.5974998         9.41403037E-25
  -33.4169998         2.44908849E-24
  -33.2364998        -3.01651733E-24
  -33.0559998        -4.81628171E-23
  -32.8754997        -1.84569496E-22
  -32.6949997        -4.36759896E-22
  -32.5144997        -6.94703073E-22
  -32.3339996        -3.35923328E-22
  -32.1534996         2.66679495E-21
  -31.9729996         1.20934484E-20
  -31.7924995         2.93777363E-20
  -31.6119995         4.15844277E-20
  -31.4314995         1.01014925E-20
  -31.2509995        -1.11487455E-19
  -31.0704994        -3.07426612E-19
  -30.8899994        -4.21384416E-19
  -30.7094994        -1.98590090E-19
  -30.5289993         4.67232142E-19
  -30.3484993         1.26047498E-18
  -30.1679993         1.56803335E-18
  -29.9874992         1.16732793E-18
  -29.8069992         7.84145559E-19
  -29.6264992         1.27270268E-18
  -29.4459991         1.27456094E-18
  -29.2654991        -4.10662170E-18
  -29.0849991        -1.96098947E-17
  -28.9044991        -4.04716379E-17
  -28.7240009        -4.47904306E-17
  -28.5435009        -5.94097143E-19
  -28.3630009         1.05712822E-16
  -28.1825008         2.32953622E-16
  -28.0020008         2.74870026E-16
  -27.8215008         1.08403535E-16
  -27.6410007        -3.03213840E-16
  -27.4605007        -8.11651375E-16
  -27.2800007        -1.08002609E-15
  -27.0995007        -7.33724344E-16
  -26.9190006         3.73534992E-16
  -26.7385006         1.92734427E-15
  -26.5580006         3.14143281E-15
  -26.3775005         3.06708788E-15
  -26.1970005         1.13261254E-15
  -26.0165005        -2.36308746E-15
  -25.8360004        -6.12892585E-15
  -25.6555004        -8.30714265E-15
  -25.4750004        -7.32467082E-15
  -25.2945004        -2.76989515E-15
  -25.1140003         4.19038592E-15
  -24.9335003         1.11487163E-14
  -24.7530003         1.54570384E-14
  -24.5725002         1.54182019E-14
  -24.3920002         1.10475382E-14
  -24.2115002         3.96822061E-15
  -24.0310001        -3.55134254E-15
  -23.8505001        -9.92765389E-15
  -23.6700001        -1.52104298E-14
  -23.4895000        -2.10220787E-14
  -23.3090000        -2.93410654E-14
  -23.1285000        -4.06105169E-14
  -22.9480000        -5.21303785E-14
  -22.7674999        -5.77554294E-14
  -22.5869999        -4.94774137E-14
  -22.4064999        -2.06475529E-14
  -22.2259998         3.02713211E-14
  -22.0454998         9.70367721E-14
  -21.8649998         1.65487199E-13
  -21.6844997         2.16489451E-13
  -21.5039997         2.31242027E-13
  -21.3234997         1.97072881E-13
  -21.1429996         1.11486300E-13
  -20.9624996        -1.71332014E-14
  -20.7819996        -1.72294199E-13
  -20.6014996        -3.34196321E-13
  -20.4209995        -4.84229952E-13
  -20.2404995        -6.07215721E-13
  -20.0599995        -6.90867611E-13
  -19.8794994        -7.23731730E-13
  -19.6989994        -6.93904407E-13
  -19.5184994        -5.90482687E-13
  -19.3379993        -4.08049842E-13
  -19.1574993        -1.52398886E-13
  -18.9769993         1.55608247E-13
  -18.7964993         4.80867841E-13
  -18.6159992         7.80445370E-13
  -18.4354992         1.01387648E-12
  -18.2549992         1.15365465E-12
  -18.0744991         1.19188394E-12
  -17.8939991         1.14054339E-12
  -17.7134991         1.02544134E-12
  -17.5330009         8.76454725E-13
  -17.3525009         7.17939814E-13
  -17.1720009         5.62825448E-13
  -16.9915009         4.12089254E-13
  -16.8110008         2.58990773E-13
  -16.6305008         9.55570258E-14
  -16.4500008        -8.18294542E-14
  -16.2695007        -2.70115744E-13
  -16.0890007        -4.61095626E-13
  -15.9084997        -6.45300762E-13
  -15.7279997        -8.15566581E-13
  -15.5474997        -9.67828790E-13
  -15.3669996        -1.09840750E-12
  -15.1864996        -1.19941394E-12
  -15.0059996        -1.25560478E-12
  -14.8254995        -1.24586517E-12
  -14.6450005        -1.15030186E-12
  -14.4645004        -9.60620364E-13
  -14.2840004        -6.88904337E-13
  -14.1035004        -3.69735872E-13
  -13.9230003        -5.32246468E-14
  -13.7425003         2.09234797E-13
  -13.5620003         3.81005530E-13
  -13.3815002         4.51546352E-13
  -13.2010002         4.38690940E-13
  -13.0205002         3.81690420E-13
  -12.8400002         3.28688465E-13
  -12.6595001         3.23925132E-13
  -12.4790001         3.98772839E-13
  -12.2985001         5.67795485E-13
  -12.1180000         8.28346127E-13
  -11.9375000         1.16128710E-12
  -11.7570000         1.53148707E-12
  -11.5764999         1.88880270E-12
  -11.3959999         2.17167430E-12
  -11.2154999         2.31528403E-12
  -11.0349998         2.26439527E-12
  -10.8544998         1.98845888E-12
  -10.6739998         1.49461422E-12
  -10.4934998         8.33732443E-13
  -10.3129997         9.59734476E-14
  -10.1324997        -6.04902955E-13
  -9.95199966        -1.15581221E-12
  -9.77149963        -1.47144504E-12
  -9.59099960        -1.51677835E-12
  -9.41049957        -1.31811109E-12
  -9.22999954        -9.58693953E-13
  -9.04950047        -5.59604717E-13
  -8.86900043        -2.51131472E-13
  -8.68850040        -1.42756670E-13
  -8.50800037        -2.99694514E-13
  -8.32750034        -7.31051504E-13
  -8.14700031        -1.39048744E-12
  -7.96649981        -2.18683318E-12
  -7.78599977        -3.00061321E-12
  -7.60550022        -3.70306693E-12
  -7.42500019        -4.17557048E-12
  -7.24450016        -4.32813160E-12
  -7.06400013        -4.11508067E-12
  -6.88350010        -3.54490265E-12
  -6.70300007        -2.68069833E-12
  -6.52250004        -1.62917639E-12
  -6.34200001        -5.19235750E-13
  -6.16149998         5.25159831E-13
  -5.98099995         1.41073026E-12
  -5.80049992         2.09233455E-12
  -5.61999989         2.57784614E-12
  -5.43949986         2.92002750E-12
  -5.25899982         3.19858116E-12
  -5.07849979         3.49767069E-12
  -4.89799976         3.88449646E-12
  -4.71750021         4.39343614E-12
  -4.53700018         5.01822498E-12
  -4.35650015         5.71251163E-12
  -4.17600012         6.39703871E-12
  -3.99550009         6.97065886E-12
  -3.81500006         7.32230162E-12
  -3.63450003         7.34239926E-12
  -3.45400000         6.93398767E-12
  -3.27349997         6.02474320E-12
  -3.09299994         4.58056336E-12
  -2.91249990         2.61889599E-12
  -2.73200011         2.17382481E-13
  -2.55150008        -2.48774959E-12
  -2.37100005        -5.31694393E-12
  -2.19050002        -8.07507186E-12
  -2.00999999        -1.05851465E-11
  -1.82949996        -1.27184660E-11
  -1.64900005        -1.44125215E-11
  -1.46850002        -1.56725778E-11
  -1.28799999        -1.65585323E-11
  -1.10749996        -1.71629187E-11
 -0.926999986        -1.75869753E-11
 -0.746500015        -1.79198410E-11
 -0.565999985        -1.82229006E-11
 -0.385500014        -1.85192556E-11
 -0.204999998        -1.87881377E-11
  -2.44999994E-02    -1.89649216E-11
  0.156000003        -1.89484661E-11
  0.336499989        -1.86169379E-11
  0.517000020        -1.78514217E-11
  0.697499990        -1.65637972E-11
  0.878000021        -1.47228445E-11
   1.05850005        -1.23714450E-11
   1.23899996        -9.62863209E-12
   1.41949999        -6.67301847E-12
   1.60000002        -3.70903221E-12
   1.78050005        -9.23028797E-13
   1.96099997         1.55922692E-12
   2.14150000         3.70089853E-12
   2.32200003         5.55858571E-12
   2.50250006         7.26132912E-12
   2.68300009         8.97124996E-12
   2.86350012         1.08398594E-11
   3.04399991         1.29747159E-11
   3.22449994         1.54254786E-11
   3.40499997         1.81893233E-11
   3.58550000         2.12273948E-11
   3.76600003         2.44812868E-11
   3.94650006         2.78815200E-11
   4.12699986         3.13473830E-11
   4.30749989         3.47835476E-11
   4.48799992         3.80810626E-11
   4.66849995         4.11271329E-11
   4.84899998         4.38222202E-11
   5.02950001         4.60977680E-11
   5.21000004         4.79263955E-11
   5.39050007         4.93196629E-11
   5.57100010         5.03133750E-11
   5.75150013         5.09464172E-11
   5.93200016         5.12410218E-11
   6.11250019         5.11919430E-11
   6.29300022         5.07681536E-11
   6.47349977         4.99257094E-11
   6.65399981         4.86259574E-11
   6.83449984         4.68508947E-11
   7.01499987         4.46090664E-11
   7.19549990         4.19286619E-11
   7.37599993         3.88416070E-11
   7.55649996         3.53665500E-11
   7.73699999         3.14999728E-11
   7.91750002         2.72214907E-11
   8.09799957         2.25112047E-11
   8.27849960         1.73707992E-11
   8.45899963         1.18368145E-11
   8.63949966         5.97837795E-12
   8.81999969        -1.20507947E-13
   9.00049973        -6.38579164E-12
   9.18099976        -1.27732911E-11
   9.36149979        -1.92749757E-11
   9.54199982        -2.59105168E-11
   9.72249985        -3.27107195E-11
   9.90299988        -3.97026266E-11
   10.0834999        -4.69029676E-11
   10.2639999        -5.43197466E-11
   10.4445000        -6.19563637E-11
   10.6250000        -6.98106017E-11
   10.8055000        -7.78657069E-11
   10.9860001        -8.60770691E-11
   11.1665001        -9.43612688E-11
   11.3470001        -1.02597188E-10
   11.5275002        -1.10640531E-10
   11.7080002        -1.18349691E-10
   11.8885002        -1.25613756E-10
   12.0690002        -1.32372904E-10
   12.2495003        -1.38623488E-10
   12.4300003        -1.44406542E-10
   12.6105003        -1.49782187E-10
   12.7910004        -1.54798702E-10
   12.9715004        -1.59466537E-10
   13.1520004        -1.63745795E-10
   13.3325005        -1.67552222E-10
   13.5129995        -1.70780223E-10
   13.6934996        -1.73336095E-10
   13.8739996        -1.75170919E-10
   14.0544996        -1.76304277E-10
   14.2349997        -1.76833034E-10
   14.4154997        -1.76927029E-10
   14.5959997        -1.76814660E-10
   14.7764997        -1.76763507E-10
   14.9569998        -1.77057133E-10
   15.1374998        -1.77966544E-10
   15.3179998        -1.79717602E-10
   15.4984999        -1.82459006E-10
   15.6789999        -1.86238483E-10
   15.8594999        -1.91001076E-10
   16.0400009        -1.96611519E-10
   16.2205009        -2.02898448E-10
   16.4009991        -2.09703699E-10
   16.5814991        -2.16918775E-10
   16.7619991        -2.24492869E-10
   16.9424992        -2.32409286E-10
   17.1229992        -2.40641868E-10
   17.3034992        -2.49108234E-10
   17.4839993        -2.57639299E-10
   17.6644993        -2.65974021E-10
   17.8449993        -2.73782608E-10
   18.0254993        -2.80705403E-10
   18.2059994        -2.86399154E-10
   18.3864994        -2.90576951E-10
   18.5669994        -2.93035651E-10
   18.7474995        -2.93669006E-10
   18.9279995        -2.92470353E-10
   19.1084995        -2.89525098E-10
   19.2889996        -2.85001606E-10
   19.4694996        -2.79137824E-10
   19.6499996        -2.72226325E-10
   19.8304996        -2.64593292E-10
   20.0109997        -2.56569516E-10
   20.1914997        -2.48456922E-10
   20.3719997        -2.40494208E-10
   20.5524998        -2.32835334E-10
   20.7329998        -2.25547081E-10
   20.9134998        -2.18628157E-10
   21.0939999        -2.12043202E-10
   21.2744999        -2.05757994E-10
   21.4549999        -1.99763900E-10
   21.6355000        -1.94084096E-10
   21.8160000        -1.88766197E-10
   21.9965000        -1.83871113E-10
   22.1770000        -1.79465540E-10
   22.3575001        -1.75622350E-10
   22.5380001        -1.72418829E-10
   22.7185001        -1.69929376E-10
   22.8990002        -1.68200620E-10
   23.0795002        -1.67220737E-10
   23.2600002        -1.66890654E-10
   23.4405003        -1.67016914E-10
   23.6210003        -1.67334924E-10
   23.8015003        -1.67561826E-10
   23.9820004        -1.67463821E-10
   24.1625004        -1.66920630E-10
   24.3430004        -1.65964742E-10
   24.5235004        -1.64785394E-10
   24.7040005        -1.63695793E-10
   24.8845005        -1.63069391E-10
   25.0650005        -1.63264305E-10
   25.2455006        -1.64551164E-10
   25.4260006        -1.67063599E-10
   25.6065006        -1.70782041E-10
   25.7870007        -1.75552295E-10
   25.9675007        -1.81134635E-10
   26.1480007        -1.87263968E-10
   26.3285007        -1.93710714E-10
   26.5090008        -2.00323522E-10
   26.6895008        -2.07048170E-10
   26.8700008        -2.13926155E-10
   27.0505009        -2.21071952E-10
   27.2310009        -2.28640912E-10
   27.4115009        -2.36786285E-10
   27.5919991        -2.45613224E-10
   27.7724991        -2.55135774E-10
   27.9529991        -2.65244882E-10
   28.1334991        -2.75696743E-10
   28.3139992        -2.86127205E-10
   28.4944992        -2.96089875E-10
   28.6749992        -3.05107550E-10
   28.8554993        -3.12727344E-10
   29.0359993        -3.18564453E-10
   29.2164993        -3.22331856E-10
   29.3969994        -3.23858357E-10
   29.5774994        -3.23098909E-10
   29.7579994        -3.20141386E-10
   29.9384995        -3.15211107E-10
   30.1189995        -3.08667564E-10
   30.2994995        -3.00990621E-10
   30.4799995        -2.92749436E-10
   30.6604996        -2.84559681E-10
   30.8409996        -2.77028900E-10
   31.0214996        -2.70701211E-10
   31.2019997        -2.66009853E-10
   31.3824997        -2.63244593E-10
   31.5629997        -2.62541350E-10
   31.7434998        -2.63896738E-10
   31.9239998        -2.67200762E-10
   32.1044998        -2.72284278E-10
   32.2849998        -2.78966877E-10
   32.4654999        -2.87093099E-10
   32.6459999        -2.96551006E-10
   32.8264999        -3.07265768E-10
   33.0070000        -3.19173771E-10
   33.1875000        -3.32179895E-10
   33.3680000        -3.46110474E-10
   33.5485001        -3.60671881E-10
   33.7290001        -3.75427245E-10
   33.9095001        -3.89800997E-10
   34.0900002        -4.03119260E-10
   34.2705002        -4.14678680E-10
   34.4510002        -4.23837271E-10
   34.6315002        -4.30103841E-10
   34.8120003        -4.33207664E-10
   34.9925003        -4.33132419E-10
   35.1730003        -4.30110281E-10
   35.3535004        -4.24578400E-10
   35.5340004        -4.17108986E-10
   35.7145004        -4.08328954E-10
   35.8950005        -3.98835798E-10
   36.0755005        -3.89123705E-10
   36.2560005        -3.79524967E-10
   36.4365005        -3.70176112E-10
   36.6170006        -3.61014246E-10
   36.7975006        -3.51805474E-10
   36.9780006        -3.42201600E-10
   37.1585007        -3.31814881E-10
   37.3390007        -3.20296234E-10
   37.5195007        -3.07402936E-10
   37.7000008        -2.93045976E-10
   37.8805008        -2.77309231E-10
   38.0610008        -2.60435812E-10
   38.2415009        -2.42787707E-10
   38.4220009        -2.24781582E-10
   38.6025009        -2.06814454E-10
   38.7830009        -1.89194702E-10
   38.9635010        -1.72093992E-10
   39.1440010        -1.55529936E-10
   39.3245010        -1.39383685E-10
   39.5050011        -1.23446905E-10
   39.6855011        -1.07486464E-10
   39.8660011        -9.13159270E-11
   40.0465012        -7.48638790E-11
   40.2270012        -5.82230167E-11
   40.4075012        -4.16716765E-11
   40.5880013        -2.56538037E-11
   40.7685013        -1.07141162E-11
   40.9490013         2.60670261E-12
   41.1295013         1.38950778E-11
   41.3100014         2.29721485E-11
   41.4905014         2.99540809E-11
   41.6710014         3.52423785E-11
   41.8515015         3.94432507E-11
   42.0320015         4.32367406E-11
   42.2125015         4.72319857E-11
   42.3930016         5.18422805E-11
   42.5735016         5.72070134E-11
   42.7540016         6.31745281E-11
   42.9345016         6.93403668E-11
   43.1150017         7.51335452E-11
   43.2955017         7.99280572E-11
   43.4760017         8.31613667E-11
   43.6565018         8.44365827E-11
   43.8370018         8.35876299E-11
   44.0175018         8.06958736E-11
   44.1980019         7.60555716E-11
   44.3785019         7.00994332E-11
   44.5589981         6.33002609E-11
   44.7394981         5.60780450E-11
   44.9199982         4.87253189E-11
   45.1004982         4.13685752E-11
   45.2809982         3.39717802E-11
   45.4614983         2.63762727E-11
   45.6419983         1.83692384E-11
   45.8224983         9.76615403E-12
   46.0029984         4.81583957E-13
   46.1834984        -9.42779275E-12
   46.3639984        -1.97621416E-11
   46.5444984        -3.02155280E-11
   46.7249985        -4.04333476E-11
   46.9054985        -5.00726162E-11
   47.0859985        -5.88398219E-11
   47.2664986        -6.65093675E-11
   47.4469986        -7.29239308E-11
   47.6274986        -7.79966716E-11
   47.8079987        -8.17196311E-11
   47.9884987        -8.41732378E-11
   48.1689987        -8.55268356E-11
   48.3494987        -8.60127802E-11
   48.5299988        -8.58760146E-11
   48.7104988        -8.53104254E-11
   48.8909988        -8.44061973E-11
   49.0714989        -8.31254510E-11
   49.2519989        -8.13156695E-11
   49.4324989        -7.87483759E-11
   49.6129990        -7.51669699E-11
   49.7934990        -7.03277991E-11
   49.9739990        -6.40246189E-11
   50.1544991        -5.61017691E-11
   50.3349991        -4.64603495E-11
   50.5154991        -3.50630011E-11
   50.6959991        -2.19355766E-11
   50.8764992        -7.15941672E-12
   51.0569992         9.14516639E-12
   51.2374992         2.68471669E-11
   51.4179993         4.58381180E-11
   51.5984993         6.60634117E-11
   51.7789993         8.75416684E-11
   51.9594994         1.10366299E-10
   52.1399994         1.34683972E-10
   52.3204994         1.60650604E-10
   52.5009995         1.88367100E-10
   52.6814995         2.17814544E-10
   52.8619995         2.48805782E-10
   53.0424995         2.80975243E-10
   53.2229996         3.13813697E-10
   53.4034996         3.46739248E-10
   53.5839996         3.79179355E-10
   53.7644997         4.10639939E-10
   53.9449997         4.40737502E-10
   54.1254997         4.69201233E-10
   54.3059998         4.95854136E-10
   54.4864998         5.20596732E-10
   54.6669998         5.43402434E-10
   54.8474998         5.64319536E-10
   55.0279999         5.83468385E-10
   55.2084999         6.01022843E-10
   55.3889999         6.17172369E-10
   55.5695000         6.32077668E-10
   55.7500000         6.45842824E-10
   55.9305000         6.58510024E-10
   56.1110001         6.70083100E-10
   56.2915001         6.80564660E-10
   56.4720001         6.89987012E-10
   56.6525002         6.98424818E-10
   56.8330002         7.05983050E-10
   57.0135002         7.12770287E-10
   57.1940002         7.18863913E-10
   57.3745003         7.24286908E-10
   57.5550003         7.29000416E-10
   57.7355003         7.32919780E-10
   57.9160004         7.35949246E-10
   58.0965004         7.38023642E-10
   58.2770004         7.39145245E-10
   58.4575005         7.39396488E-10
   58.6380005         7.38918426E-10
   58.8185005         7.37863437E-10
   58.9990005         7.36335937E-10
   59.1795006         7.34347805E-10
   59.3600006         7.31810335E-10
   59.5405006         7.28563321E-10
   59.7210007         7.24436233E-10
   59.9015007         7.19311943E-10
   60.0820007         7.13171966E-10
   60.2625008         7.06115111E-10
   60.4430008         6.98347380E-10
   60.6235008         6.90163482E-10
   60.8040009         6.81917245E-10
   60.9845009         6.73996414E-10
   61.1650009         6.66795341E-10
   61.3455009         6.60676014E-10
   61.5260010         6.55933696E-10
   61.7065010         6.52763954E-10
   61.8870010         6.51252219E-10
   62.0675011         6.51387055E-10
   62.2480011         6.53094800E-10
   62.4285011         6.56280474E-10
   62.6090012         6.60862143E-10
   62.7895012         6.66782352E-10
   62.9700012         6.73994804E-10
   63.1505013         6.82432721E-10
   63.3310013         6.91965041E-10
   63.5115013         7.02357617E-10
   63.6920013         7.13245796E-10
   63.8725014         7.24135862E-10
   64.0530014         7.34433070E-10
   64.2334976         7.43501760E-10
   64.4140015         7.50737195E-10
   64.5944977         7.55636997E-10
   64.7750015         7.57850227E-10
   64.9554977         7.57187368E-10
   65.1360016         7.53597462E-10
   65.3164978         7.47120588E-10
   65.4970016         7.37831352E-10
   65.6774979         7.25789928E-10
   65.8580017         7.11011583E-10
   66.0384979         6.93451241E-10
   66.2190018         6.73013700E-10
   66.3994980         6.49583942E-10
   66.5800018         6.23082530E-10
   66.7604980         5.93532890E-10
   66.9410019         5.61128866E-10
   67.1214981         5.26275634E-10
   67.3020020         4.89585650E-10
   67.4824982         4.51816751E-10
   67.6630020         4.13765106E-10
   67.8434982         3.76138315E-10
   68.0240021         3.39441558E-10
   68.2044983         3.03910674E-10
   68.3850021         2.69503614E-10
   68.5654984         2.35949038E-10
   68.7460022         2.02844450E-10
   68.9264984         1.69772238E-10
   69.1070023         1.36415892E-10
   69.2874985         1.02648404E-10
   69.4680023         6.85809326E-11
   69.6484985         3.45577421E-11
   69.8290024         1.10376237E-12
   70.0094986        -3.11634919E-11
   70.1900024        -6.16332888E-11
   70.3704987        -8.97911953E-11
   70.5510025        -1.15281944E-10
   70.7314987        -1.37932901E-10
   70.9120026        -1.57741403E-10
   71.0924988        -1.74829415E-10
   71.2730026        -1.89379235E-10
   71.4534988        -2.01561948E-10
   71.6340027        -2.11477391E-10
   71.8144989        -2.19119251E-10
   71.9950027        -2.24381708E-10
   72.1754990        -2.27102434E-10
   72.3560028        -2.27132993E-10
   72.5364990        -2.24413446E-10
   72.7170029        -2.19026353E-10
   72.8974991        -2.11216170E-10
   73.0780029        -2.01373335E-10
   73.2584991        -1.89992619E-10
   73.4390030        -1.77629522E-10
   73.6194992        -1.64856823E-10
   73.8000031        -1.52233642E-10
   73.9804993        -1.40278664E-10
   74.1610031        -1.29439917E-10
   74.3414993        -1.20062987E-10
   74.5220032        -1.12362689E-10
   74.7024994        -1.06403927E-10
   74.8830032        -1.02101633E-10
   75.0634995        -9.92440574E-11
   75.2440033        -9.75333495E-11
   75.4244995        -9.66408134E-11
   75.6050034        -9.62677993E-11
   75.7854996        -9.62071256E-11
   75.9660034        -9.63905275E-11
   76.1464996        -9.69114580E-11
   76.3270035        -9.80151099E-11
   76.5074997        -1.00053972E-10
   76.6880035        -1.03417580E-10
   76.8684998        -1.08453635E-10
   77.0490036        -1.15401771E-10
   77.2294998        -1.24351418E-10
   77.4100037        -1.35229772E-10
   77.5904999        -1.47816051E-10
   77.7710037        -1.61778979E-10
   77.9514999        -1.76728368E-10
   78.1320038        -1.92280539E-10
   78.3125000        -2.08127723E-10
   78.4929962        -2.24100127E-10
   78.6735001        -2.40203302E-10
   78.8539963        -2.56619309E-10
   79.0345001        -2.73662953E-10
   79.2149963        -2.91703772E-10
   79.3955002        -3.11071058E-10
   79.5759964        -3.31963179E-10
   79.7565002        -3.54377888E-10
   79.9369965        -3.78081400E-10
   80.1175003        -4.02614941E-10
   80.2979965        -4.27344049E-10
   80.4785004        -4.51544357E-10
   80.6589966        -4.74510820E-10
   80.8395004        -4.95671115E-10
   81.0199966        -5.14677301E-10
   81.2005005        -5.31452549E-10
   81.3809967        -5.46176881E-10
   81.5615005        -5.59221613E-10
   81.7419968        -5.71044767E-10
   81.9225006        -5.82077886E-10
   82.1029968        -5.92624338E-10
   82.2835007        -6.02782102E-10
   82.4639969        -6.12404183E-10
   82.6445007        -6.21092455E-10
   82.8249969        -6.28237351E-10
   83.0055008        -6.33100961E-10
   83.1859970        -6.34941211E-10
   83.3665009        -6.33153141E-10
   83.5469971        -6.27402352E-10
   83.7275009        -6.17711271E-10
   83.9079971        -6.04478634E-10
   84.0885010        -5.88424531E-10
   84.2689972        -5.70477887E-10
   84.4495010        -5.51631019E-10
   84.6299973        -5.32788369E-10
   84.8105011        -5.14636445E-10
   84.9909973        -4.97549890E-10
   85.1715012        -4.81548912E-10
   85.3519974        -4.66318539E-10
   85.5325012        -4.51288451E-10
   85.7129974        -4.35760428E-10
   85.8935013        -4.19059093E-10
   86.0739975        -4.00670497E-10
   86.2545013        -3.80338538E-10
   86.4349976        -3.58105878E-10
   86.6155014        -3.34295480E-10
   86.7959976        -3.09448828E-10
   86.9765015        -2.84236773E-10
   87.1569977        -2.59357424E-10
   87.3375015        -2.35433534E-10
   87.5179977        -2.12921694E-10
   87.6985016        -1.92048821E-10
   87.8789978        -1.72793155E-10
   88.0595016        -1.54918453E-10
   88.2399979        -1.38057274E-10
   88.4205017        -1.21824870E-10
   88.6009979        -1.05934816E-10
   88.7815018        -9.02886585E-11
   88.9619980        -7.50235291E-11
   89.1425018        -6.05118872E-11
   89.3229980        -4.73161857E-11
   89.5035019        -3.61060383E-11
   89.6839981        -2.75482866E-11
   89.8645020        -2.21793469E-11
   90.0449982        -2.02875078E-11
   90.2255020        -2.18260722E-11
   90.4059982        -2.63903691E-11
   90.5865021        -3.32670835E-11
   90.7669983        -4.15533823E-11
   90.9475021        -5.03167924E-11
   91.1279984        -5.87629043E-11
   91.3085022        -6.63721855E-11
   91.4889984        -7.29870192E-11
   91.6695023        -7.88360904E-11
   91.8499985        -8.44964168E-11
   92.0305023        -9.07951075E-11
   92.2109985        -9.86632442E-11
   92.3915024        -1.08959890E-10
   92.5719986        -1.22296159E-10
   92.7525024        -1.38898573E-10
   92.9329987        -1.58543942E-10
   93.1135025        -1.80584950E-10
   93.2939987        -2.04057299E-10
   93.4745026        -2.27843938E-10
   93.6549988        -2.50859666E-10
   93.8355026        -2.72219303E-10
   94.0159988        -2.91363489E-10
   94.1965027        -3.08125997E-10
   94.3769989        -3.22731702E-10
   94.5575027        -3.35723366E-10
   94.7379990        -3.47825851E-10
   94.9185028        -3.59770436E-10
   95.0989990        -3.72114145E-10
   95.2795029        -3.85095539E-10
   95.4599991        -3.98560907E-10
   95.6405029        -4.11974121E-10
   95.8209991        -4.24504404E-10
   96.0015030        -4.35165515E-10
   96.1819992        -4.42976072E-10
   96.3625031        -4.47114457E-10
   96.5429993        -4.47045595E-10
   96.7235031        -4.42605147E-10
   96.9039993        -4.34024428E-10
   97.0845032        -4.21888635E-10
   97.2649994        -4.07030493E-10
   97.4455032        -3.90374399E-10
   97.6259995        -3.72771092E-10
   97.8065033        -3.54859309E-10
   97.9869995        -3.36990963E-10
   98.1675034        -3.19232391E-10
   98.3479996        -3.01433795E-10
   98.5285034        -2.83340906E-10
   98.7089996        -2.64722133E-10
   98.8895035        -2.45481330E-10
   99.0699997        -2.25737609E-10
   99.2505035        -2.05860370E-10
   99.4309998        -1.86450314E-10
   99.6115036        -1.68270717E-10
   99.7919998        -1.52139579E-10
   99.9725037        -1.38808451E-10
   100.153000        -1.28856370E-10
   100.333504        -1.22623425E-10
   100.514000        -1.20191510E-10
   100.694504        -1.21403207E-10
   100.875000        -1.25903288E-10
   101.055496        -1.33180522E-10
   101.236000        -1.42604928E-10
   101.416496        -1.53459884E-10
   101.597000        -1.64977795E-10
   101.777496        -1.76381881E-10
   101.958000        -1.86931581E-10
   102.138496        -1.95963884E-10
   102.319000        -2.02928563E-10
   102.499496        -2.07412879E-10
   102.680000        -2.09160078E-10
   102.860497        -2.08084230E-10
   103.041000        -2.04269948E-10
   103.221497        -1.97951711E-10
   103.402000        -1.89456562E-10
   103.582497        -1.79123161E-10
   103.763000        -1.67209774E-10
   103.943497        -1.53820665E-10
   104.124001        -1.38879769E-10
   104.304497        -1.22159977E-10
   104.485001        -1.03364740E-10
   104.665497        -8.22396873E-11
   104.846001        -5.86887622E-11
   105.026497        -3.28648705E-11
   105.207001        -5.21623803E-12
   105.387497         2.35259746E-11
   105.568001         5.24195444E-11
   105.748497         8.04345548E-11
   105.929001         1.06603185E-10
   106.109497         1.30167155E-10
   106.290001         1.50684076E-10
   106.470497         1.68070863E-10
   106.651001         1.82575788E-10
   106.831497         1.94687377E-10
   107.012001         2.05007678E-10
   107.192497         2.14113255E-10
   107.373001         2.22435431E-10
   107.553497         2.30172700E-10
   107.734001         2.37257575E-10
   107.914497         2.43379511E-10
   108.095001         2.48066678E-10
   108.275497         2.50814480E-10
   108.456001         2.51225624E-10
   108.636497         2.49137988E-10
   108.817001         2.44692322E-10
   108.997498         2.38333353E-10
   109.178001         2.30742550E-10
   109.358498         2.22725324E-10
   109.539001         2.15088600E-10
   109.719498         2.08532525E-10
   109.900002         2.03576531E-10
   110.080498         2.00520753E-10
   110.261002         1.99443587E-10
   110.441498         2.00230249E-10
   110.622002         2.02623363E-10
   110.802498         2.06292428E-10
   110.983002         2.10904211E-10
   111.163498         2.16186749E-10
   111.344002         2.21970220E-10
   111.524498         2.28207675E-10
   111.705002         2.34976261E-10
   111.885498         2.42470433E-10
   112.066002         2.50982318E-10
   112.246498         2.60876487E-10
   112.427002         2.72546430E-10
   112.607498         2.86354301E-10
   112.788002         3.02563002E-10
   112.968498         3.21273563E-10
   113.149002         3.42387452E-10
   113.329498         3.65600134E-10
   113.510002         3.90425275E-10
   113.690498         4.16241736E-10
   113.871002         4.42349574E-10
   114.051498         4.68031280E-10
   114.232002         4.92612229E-10
   114.412498         5.15520182E-10
   114.593002         5.36333256E-10
   114.773499         5.54804203E-10
   114.954002         5.70854031E-10
   115.134499         5.84532200E-10
   115.315002         5.95952121E-10
   115.495499         6.05223982E-10
   115.676003         6.12399409E-10
   115.856499         6.17438267E-10
   116.037003         6.20197504E-10
   116.217499         6.20440810E-10
   116.398003         6.17861595E-10
   116.578499         6.12124240E-10
   116.759003         6.02921602E-10
   116.939499         5.90040738E-10
   117.120003         5.73425862E-10
   117.300499         5.53224189E-10
   117.481003         5.29798427E-10
   117.661499         5.03710351E-10
   117.842003         4.75676720E-10
   118.022499         4.46517406E-10
   118.203003         4.17098939E-10
   118.383499         3.88275245E-10
   118.564003         3.60825203E-10
   118.744499         3.35386330E-10
   118.925003         3.12394471E-10
   119.105499         2.92042585E-10
   119.286003         2.74272910E-10
   119.466499         2.58809252E-10
   119.647003         2.45225534E-10
   119.827499         2.33031844E-10
   120.008003         2.21767965E-10
   120.188499         2.11081902E-10
   120.369003         2.00790926E-10
   120.549500         1.90911689E-10
   120.730003         1.81654400E-10
   120.910500         1.73374537E-10
   121.091003         1.66492403E-10
   121.271500         1.61390595E-10
   121.452003         1.58317845E-10
   121.632500         1.57322336E-10
   121.813004         1.58227556E-10
   121.993500         1.60652311E-10
   122.174004         1.64062652E-10
   122.354500         1.67845404E-10
   122.535004         1.71390929E-10
   122.715500         1.74185333E-10
   122.896004         1.75901946E-10
   123.076500         1.76481538E-10
   123.257004         1.76180195E-10
   123.437500         1.75562245E-10
   123.617996         1.75428935E-10
   123.798500         1.76687734E-10
   123.978996         1.80193041E-10
   124.159500         1.86586552E-10
   124.339996         1.96174507E-10
   124.520500         2.08856404E-10
   124.700996         2.24120070E-10
   124.881500         2.41097697E-10
   125.061996         2.58677385E-10
   125.242500         2.75655332E-10
   125.422997         2.90910102E-10
   125.603500         3.03564673E-10
   125.783997         3.13103404E-10
   125.964500         3.19422072E-10
   126.144997         3.22794180E-10
   126.325500         3.23771510E-10
   126.505997         3.23042093E-10
   126.686501         3.21272814E-10
   126.866997         3.18973153E-10
   127.047501         3.16394300E-10
   127.227997         3.13478715E-10
   127.408501         3.09871573E-10
   127.588997         3.04996889E-10
   127.769501         2.98193886E-10
   127.949997         2.88887692E-10
   128.130493         2.76757867E-10
   128.311005         2.61864808E-10
   128.491501         2.44699677E-10
   128.671997         2.26152722E-10
   128.852493         2.07407425E-10
   129.033005         1.89788518E-10
   129.213501         1.74595380E-10
   129.393997         1.62941785E-10
   129.574493         1.55623736E-10
   129.755005         1.53025301E-10
   129.935501         1.55082808E-10
   130.115997         1.61306676E-10
   130.296494         1.70873052E-10
   130.477005         1.82760640E-10
   130.657501         1.95914937E-10
   130.837997         2.09405576E-10
   131.018494         2.22551283E-10
   131.199005         2.34995190E-10
   131.379501         2.46728415E-10
   131.559998         2.58055133E-10
   131.740494         2.69513467E-10
   131.921005         2.81755508E-10
   132.101501         2.95405395E-10
   132.281998         3.10921983E-10
   132.462494         3.28491456E-10
   132.643005         3.47975343E-10
   132.823502         3.68921116E-10
   133.003998         3.90627614E-10
   133.184494         4.12245738E-10
   133.365005         4.32894165E-10
   133.545502         4.51775173E-10
   133.725998         4.68279970E-10
   133.906494         4.82074103E-10
   134.087006         4.93154906E-10
   134.267502         5.01850062E-10
   134.447998         5.08758535E-10
   134.628494         5.14625675E-10
   134.809006         5.20184840E-10
   134.989502         5.26004518E-10
   135.169998         5.32385080E-10
   135.350494         5.39328804E-10
   135.531006         5.46578949E-10
   135.711502         5.53709689E-10
   135.891998         5.60233693E-10
   136.072495         5.65702152E-10
   136.253006         5.69775782E-10
   136.433502         5.72272563E-10
   136.613998         5.73182724E-10
   136.794495         5.72656311E-10
   136.975006         5.70964331E-10
   137.155502         5.68443848E-10
   137.335999         5.65426816E-10
   137.516495         5.62176583E-10
   137.697006         5.58838975E-10
   137.877502         5.55411273E-10
   138.057999         5.51743040E-10
   138.238495         5.47563217E-10
   138.419006         5.42535683E-10
   138.599503         5.36343858E-10
   138.779999         5.28778077E-10
   138.960495         5.19817356E-10
   139.141006         5.09669751E-10
   139.321503         4.98754982E-10
   139.501999         4.87635488E-10
   139.682495         4.76912732E-10
   139.863007         4.67124450E-10
   140.043503         4.58670740E-10
   140.223999         4.51779225E-10
   140.404495         4.46498699E-10
   140.585007         4.42705012E-10
   140.765503         4.40104758E-10
   140.945999         4.38241637E-10
   141.126495         4.36518960E-10
   141.307007         4.34250136E-10
   141.487503         4.30739028E-10
   141.667999         4.25372487E-10
   141.848495         4.17699320E-10
   142.029007         4.07469170E-10
   142.209503         3.94627858E-10
   142.389999         3.79272280E-10
   142.570496         3.61582486E-10
   142.751007         3.41752154E-10
   142.931503         3.19932747E-10
   143.112000         2.96205394E-10
   143.292496         2.70584943E-10
   143.473007         2.43058601E-10
   143.653503         2.13648169E-10
   143.834000         1.82480489E-10
   144.014496         1.49837379E-10
   144.195007         1.16166771E-10
   144.375504         8.20488261E-11
   144.556000         4.81273944E-11
   144.736496         1.50316443E-11
   144.917007        -1.66863693E-11
   145.097504        -4.65849199E-11
   145.278000        -7.43435036E-11
   145.458496        -9.97596311E-11
   145.639008        -1.22747770E-10
   145.819504        -1.43335926E-10
   146.000000        -1.61655342E-10
   146.180496        -1.77907231E-10
   146.360992        -1.92309751E-10
   146.541504        -2.05030840E-10
   146.722000        -2.16135776E-10
   146.902496        -2.25557392E-10
   147.082993        -2.33100983E-10
   147.263504        -2.38474074E-10
   147.444000        -2.41329817E-10
   147.624496        -2.41311027E-10
   147.804993        -2.38095654E-10
   147.985504        -2.31438854E-10
   148.166000        -2.21213756E-10
   148.346497        -2.07444506E-10
   148.526993        -1.90326047E-10
   148.707504        -1.70226971E-10
   148.888000        -1.47669002E-10
   149.068497        -1.23295346E-10
   149.248993        -9.78242001E-11
   149.429504        -7.19949447E-11
   149.610001        -4.65069198E-11
   149.790497        -2.19555190E-11
   149.970993         1.21654954E-12
   150.151505         2.27450506E-11
   150.332001         4.25216806E-11
   150.512497         6.05350076E-11
   150.692993         7.67817893E-11
   150.873505         9.11865791E-11
   151.054001         1.03555164E-10
   151.234497         1.13574865E-10
   151.414993         1.20866400E-10
   151.595505         1.25064112E-10
   151.776001         1.25905911E-10
   151.956497         1.23314942E-10
   152.136993         1.17459015E-10
   152.317505         1.08781040E-10
   152.498001         9.79872086E-11
   152.678497         8.59830818E-11
   152.858994         7.37553907E-11
   153.039505         6.22198820E-11
   153.220001         5.20604566E-11
   153.400497         4.36076765E-11
   153.580994         3.67913894E-11
   153.761505         3.11769568E-11
   153.942001         2.60789966E-11
   154.122498         2.07202450E-11
   154.302994         1.43992943E-11
   154.483505         6.62863384E-12
   154.664001        -2.77440289E-12
   154.844498        -1.36588978E-11
   155.024994        -2.55855614E-11
   155.205505        -3.79226095E-11
   155.386002        -4.99847976E-11
   155.566498        -6.11750858E-11
   155.746994        -7.11094308E-11
   155.927505        -7.96846894E-11
   156.108002        -8.70906541E-11
   156.288498        -9.37656064E-11
   156.468994        -1.00311474E-10
   156.649506        -1.07386190E-10
   156.830002        -1.15590752E-10
   157.010498        -1.25361055E-10
   157.190994        -1.36877093E-10
   157.371506        -1.50011462E-10
   157.552002        -1.64324318E-10
   157.732498        -1.79117263E-10
   157.912994        -1.93538394E-10
   158.093506        -2.06706832E-10
   158.274002        -2.17837137E-10
   158.454498        -2.26328234E-10
   158.634995        -2.31810890E-10
   158.815506        -2.34157832E-10
   158.996002        -2.33466579E-10
   159.176498        -2.30034339E-10
   159.356995        -2.24314969E-10
   159.537506        -2.16874629E-10
   159.718002        -2.08326884E-10
   159.898499        -1.99261857E-10
   160.078995        -1.90176472E-10
   160.259506        -1.81421822E-10
   160.440002        -1.73179512E-10
   160.620499        -1.65468264E-10
   160.800995        -1.58182578E-10
   160.981506        -1.51149371E-10
   161.162003        -1.44205273E-10
   161.342499        -1.37268905E-10
   161.522995        -1.30403979E-10
   161.703506        -1.23850527E-10
   161.884003        -1.18010351E-10
   162.064499        -1.13383032E-10
   162.244995        -1.10461668E-10
   162.425507        -1.09621694E-10
   162.606003        -1.11021935E-10
   162.786499        -1.14547857E-10
   162.966995        -1.19804069E-10
   163.147507        -1.26152880E-10
   163.328003        -1.32785491E-10
   163.508499        -1.38816070E-10
   163.688995        -1.43384749E-10
   163.869507        -1.45766940E-10
   164.050003        -1.45468415E-10
   164.230499        -1.42290180E-10
   164.410995        -1.36345893E-10
   164.591507        -1.28023592E-10
   164.772003        -1.17892696E-10
   164.952499        -1.06582645E-10
   165.132996        -9.46499754E-11
   165.313507        -8.24667626E-11
   165.494003        -7.01489145E-11
   165.674500        -5.75378391E-11
   165.854996        -4.42433416E-11
   166.035507        -2.97403421E-11
   166.216003        -1.35077739E-11
   166.396500         4.82186036E-12
   166.576996         2.53394476E-11
   166.757507         4.77940569E-11
   166.938004         7.16008988E-11
   167.118500         9.59171076E-11
   167.298996         1.19759230E-10
   167.479507         1.42132112E-10
   167.660004         1.62139177E-10
   167.840500         1.79064305E-10
   168.020996         1.92428559E-10
   168.201508         2.02018194E-10
   168.382004         2.07887929E-10
   168.562500         2.10339385E-10
   168.742996         2.09860337E-10
   168.923492         2.07031212E-10
   169.104004         2.02411934E-10
   169.284500         1.96431232E-10
   169.464996         1.89304350E-10
   169.645493         1.80996246E-10
   169.826004         1.71238038E-10
   170.006500         1.59598709E-10
   170.186996         1.45585044E-10
   170.367493         1.28765831E-10
   170.548004         1.08885824E-10
   170.728500         8.59529739E-11
   170.908997         6.02779493E-11
   171.089493         3.24580397E-11
   171.270004         3.30924242E-12
   171.450500        -2.62393492E-11
   171.630997        -5.52678008E-11
   171.811493        -8.29848967E-11
   171.992004        -1.08835746E-10
   172.172501        -1.32588246E-10
   172.352997        -1.54382521E-10
   172.533493        -1.74734560E-10
   172.714005        -1.94473673E-10
   172.894501        -2.14611662E-10
   173.074997        -2.36151876E-10
   173.255493        -2.59882282E-10
   173.436005        -2.86196178E-10
   173.616501        -3.14989729E-10
   173.796997        -3.45664108E-10
   173.977493        -3.77230774E-10
   174.158005        -4.08485135E-10
   174.338501        -4.38217379E-10
   174.518997        -4.65408434E-10
   174.699493        -4.89389140E-10
   174.880005        -5.09944087E-10
   175.060501        -5.27337729E-10
   175.240997        -5.42268841E-10
   175.421494        -5.55752611E-10
   175.602005        -5.68942782E-10
   175.782501        -5.82933979E-10
   175.962997        -5.98572969E-10
   176.143494        -6.16320106E-10
   176.324005        -6.36182884E-10
   176.504501        -6.57732924E-10
   176.684998        -6.80204393E-10
   176.865494        -7.02658653E-10
   177.046005        -7.24177551E-10
   177.226501        -7.44068696E-10
   177.406998        -7.62020724E-10
   177.587494        -7.78184794E-10
   177.768005        -7.93143773E-10
   177.948502        -8.07793665E-10
   178.128998        -8.23143942E-10
   178.309494        -8.40113312E-10
   178.490005        -8.59351090E-10
   178.670502        -8.81133444E-10
   178.850998        -9.05335307E-10
   179.031494        -9.31467237E-10
   179.212006        -9.58767288E-10
   179.392502        -9.86321136E-10
   179.572998        -1.01319986E-09
   179.753494        -1.03861053E-09
   179.934006        -1.06203590E-09
   180.114502        -1.08333698E-09
   180.294998        -1.10280263E-09
   180.475494        -1.12111120E-09
   180.656006        -1.13921883E-09
   180.836502        -1.15819010E-09
   181.016998        -1.17900578E-09
   181.197495        -1.20239996E-09
   181.378006        -1.22874422E-09
   181.558502        -1.25801347E-09
   181.738998        -1.28982014E-09
   181.919495        -1.32351097E-09
   182.100006        -1.35830247E-09
   182.280502        -1.39341616E-09
   182.460999        -1.42819889E-09
   182.641495        -1.46219814E-09
   182.822006        -1.49519086E-09
   183.002502        -1.52716773E-09
   183.182999        -1.55829150E-09
   183.363495        -1.58882929E-09
   183.544006        -1.61907332E-09
   183.724503        -1.64925085E-09
   183.904999        -1.67942538E-09
   184.085495        -1.70941017E-09
   184.266006        -1.73872106E-09
   184.446503        -1.76658910E-09
   184.626999        -1.79204918E-09
   184.807495        -1.81408688E-09
   184.988007        -1.83180904E-09
   185.168503        -1.84459048E-09
   185.348999        -1.85216198E-09
   185.529495        -1.85461813E-09
   185.710007        -1.85236093E-09
   185.890503        -1.84599702E-09
   186.070999        -1.83622173E-09
   186.251495        -1.82371207E-09
   186.432007        -1.80903859E-09
   186.612503        -1.79260795E-09
   186.792999        -1.77463533E-09
   186.973495        -1.75514858E-09
   187.154007        -1.73402792E-09
   187.334503        -1.71106895E-09
   187.514999        -1.68605940E-09
   187.695496        -1.65885872E-09
   187.876007        -1.62945901E-09
   188.056503        -1.59802249E-09
   188.237000        -1.56488300E-09
   188.417496        -1.53051682E-09
   188.598007        -1.49547319E-09
   188.778503        -1.46028534E-09
   188.959000        -1.42537249E-09
   189.139496        -1.39096246E-09
   189.320007        -1.35704703E-09
   189.500504        -1.32339339E-09
   189.681000        -1.28958777E-09
   189.861496        -1.25510435E-09
   190.042007        -1.21937627E-09
   190.222504        -1.18185117E-09
   190.403000        -1.14204168E-09
   190.583496        -1.09956610E-09
   190.764008        -1.05419462E-09
   190.944504        -1.00589004E-09
   191.125000        -9.54834545E-10
   191.305496        -9.01419384E-10
   191.485992        -8.46198001E-10
   191.666504        -7.89807830E-10
   191.847000        -7.32872374E-10
   192.027496        -6.75920708E-10
   192.207993        -6.19332030E-10
   192.388504        -5.63317504E-10
   192.569000        -5.07936415E-10
   192.749496        -4.53142801E-10
   192.929993        -3.98844485E-10
   193.110504        -3.44968304E-10
   193.291000        -2.91516478E-10
   193.471497        -2.38598641E-10
   193.651993        -1.86427290E-10
   193.832504        -1.35278025E-10
   194.013000        -8.54200877E-11
   194.193497        -3.70451760E-11
   194.373993         9.79260423E-12
   194.554504         5.52002055E-11
   194.735001         9.94305263E-11
   194.915497         1.42845916E-10
   195.095993         1.85854721E-10
   195.276505         2.28854102E-10
   195.457001         2.72176309E-10
   195.637497         3.16048604E-10
   195.817993         3.60577151E-10
   195.998505         4.05750378E-10
   196.179001         4.51468585E-10
   196.359497         4.97582531E-10
   196.539993         5.43932122E-10
   196.720505         5.90371307E-10
   196.901001         6.36759701E-10
   197.081497         6.82940982E-10
   197.261993         7.28713201E-10
   197.442505         7.73803022E-10
   197.623001         8.17861501E-10
   197.803497         8.60473859E-10
   197.983994         9.01181130E-10
   198.164505         9.39513356E-10
   198.345001         9.75023617E-10
   198.525497         1.00733422E-09
   198.705994         1.03619269E-09
   198.886505         1.06152043E-09
   199.067001         1.08345177E-09
   199.247498         1.10233656E-09
   199.427994         1.11870768E-09
   199.608505         1.13320908E-09
   199.789001         1.14651233E-09
   199.969498         1.15922949E-09
   200.149994         1.17185484E-09
   200.330505         1.18473431E-09
   200.511002         1.19806876E-09
   200.691498         1.21194088E-09
   200.871994         1.22636268E-09
   201.052505         1.24132271E-09
   201.233002         1.25683153E-09
   201.413498         1.27294619E-09
   201.593994         1.28977851E-09
   201.774506         1.30747979E-09
   201.955002         1.32621969E-09
   202.135498         1.34615619E-09
   202.315994         1.36741785E-09
   202.496506         1.39008760E-09
   202.677002         1.41418821E-09
   202.857498         1.43965961E-09
   203.037994         1.46633838E-09
   203.218506         1.49393520E-09
   203.399002         1.52203583E-09
   203.579498         1.55012270E-09
   203.759995         1.57761515E-09
   203.940506         1.60392422E-09
   204.121002         1.62848768E-09
   204.301498         1.65079483E-09
   204.481995         1.67038816E-09
   204.662506         1.68686320E-09
   204.843002         1.69987147E-09
   205.023499         1.70913128E-09
   205.203995         1.71444436E-09
   205.384506         1.71570802E-09
   205.565002         1.71290504E-09
   205.745499         1.70607883E-09
   205.925995         1.69529923E-09
   206.106506         1.68063152E-09
   206.287003         1.66212299E-09
   206.467499         1.63981306E-09
   206.647995         1.61375990E-09
   206.828506         1.58407731E-09
   207.009003         1.55096858E-09
   207.189499         1.51474111E-09
   207.369995         1.47580237E-09
   207.550507         1.43462442E-09
   207.731003         1.39169776E-09
   207.911499         1.34748224E-09
   208.091995         1.30237621E-09
   208.272507         1.25671384E-09
   208.453003         1.21078980E-09
   208.633499         1.16489807E-09
   208.813995         1.11936149E-09
   208.994507         1.07453868E-09
   209.175003         1.03079634E-09
   209.355499         9.88467752E-10
   209.535995         9.47803280E-10
   209.716507         9.08939091E-10
   209.897003         8.71879013E-10
   210.077499         8.36492042E-10
   210.257996         8.02522770E-10
   210.438507         7.69600439E-10
   210.619003         7.37266970E-10
   210.799500         7.05014658E-10
   210.979996         6.72348732E-10
   211.160507         6.38855802E-10
   211.341003         6.04270745E-10
   211.521500         5.68518843E-10
   211.701996         5.31727218E-10
   211.882507         4.94198904E-10
   212.063004         4.56361976E-10
   212.243500         4.18709289E-10
   212.423996         3.81744025E-10
   212.604507         3.45940249E-10
   212.785004         3.11729864E-10
   212.965500         2.79503753E-10
   213.145996         2.49631205E-10
   213.326508         2.22476246E-10
   213.507004         1.98398256E-10
   213.687500         1.77739282E-10
   213.867996         1.60788785E-10
   214.048492         1.47749313E-10
   214.229004         1.38708184E-10
   214.409500         1.33641376E-10
   214.589996         1.32436187E-10
   214.770493         1.34929193E-10
   214.951004         1.40938275E-10
   215.131500         1.50276611E-10
   215.311996         1.62739322E-10
   215.492493         1.78086879E-10
   215.673004         1.96033551E-10
   215.853500         2.16257040E-10
   216.033997         2.38426640E-10
   216.214493         2.62239952E-10
   216.395004         2.87441487E-10
   216.575500         3.13830129E-10
   216.755997         3.41239065E-10
   216.936493         3.69517084E-10
   217.117004         3.98512612E-10
   217.297501         4.28077712E-10
   217.477997         4.58081628E-10
   217.658493         4.88435514E-10
   217.839005         5.19110255E-10
   218.019501         5.50139545E-10
   218.199997         5.81620918E-10
   218.380493         6.13694318E-10
   218.561005         6.46525444E-10
   218.741501         6.80286161E-10
   218.921997         7.15145221E-10
   219.102493         7.51265383E-10
   219.283005         7.88811516E-10
   219.463501         8.27968749E-10
   219.643997         8.68941419E-10
   219.824493         9.11949627E-10
   220.005005         9.57200097E-10
   220.185501         1.00484454E-09
   220.365997         1.05493614E-09
   220.546494         1.10739728E-09
   220.727005         1.16200571E-09
   220.907501         1.21839461E-09
   221.087997         1.27605926E-09
   221.268494         1.33436329E-09
   221.449005         1.39255185E-09
   221.629501         1.44977674E-09
   221.809998         1.50514612E-09
   221.990494         1.55778768E-09
   222.171005         1.60692915E-09
   222.351501         1.65195346E-09
   222.531998         1.69242642E-09
   222.712494         1.72808279E-09
   222.893005         1.75877202E-09
   223.073502         1.78439630E-09
   223.253998         1.80485316E-09
   223.434494         1.82000426E-09
   223.615005         1.82967808E-09
   223.795502         1.83371152E-09
   223.975998         1.83199422E-09
   224.156494         1.82451965E-09
   224.337006         1.81142434E-09
   224.517502         1.79298998E-09
   224.697998         1.76963089E-09
   224.878494         1.74183623E-09
   225.059006         1.71013426E-09
   225.239502         1.67503933E-09
   225.419998         1.63702740E-09
   225.600494         1.59653613E-09
   225.781006         1.55396562E-09
   225.961502         1.50969781E-09
   226.141998         1.46410339E-09
   226.322495         1.41753353E-09
   226.503006         1.37033496E-09
   226.683502         1.32284139E-09
   226.863998         1.27540345E-09
   227.044495         1.22839683E-09
   227.225006         1.18221510E-09
   227.405502         1.13723730E-09
   227.585999         1.09377785E-09
   227.766495         1.05201936E-09
   227.947006         1.01197495E-09
   228.127502         9.73486736E-10
   228.307999         9.36245637E-10
   228.488495         8.99847086E-10
   228.669006         8.63829341E-10
   228.849503         8.27708346E-10
   229.029999         7.90973509E-10
   229.210495         7.53071494E-10
   229.391006         7.13390513E-10
   229.571503         6.71258160E-10
   229.751999         6.25967389E-10
   229.932495         5.76841686E-10
   230.113007         5.23307619E-10
   230.293503         4.64979666E-10
   230.473999         4.01713274E-10
   230.654495         3.33630346E-10
   230.835007         2.61083322E-10
   231.015503         1.84609134E-10
   231.195999         1.04851010E-10
   231.376495         2.24771798E-11
   231.557007        -6.18748386E-11
   231.737503        -1.47648227E-10
   231.917999        -2.34394809E-10
   232.098495        -3.21802363E-10
   232.279007        -4.09698359E-10
   232.459503        -4.98055430E-10
   232.639999        -5.86971638E-10
   232.820496        -6.76636913E-10
   233.001007        -7.67278796E-10
   233.181503        -8.59119109E-10
   233.362000        -9.52336543E-10
   233.542496        -1.04706654E-09
   233.723007        -1.14341636E-09
   233.903503        -1.24149846E-09
   234.084000        -1.34143585E-09
   234.264496        -1.44335843E-09
   234.445007        -1.54736879E-09
   234.625504        -1.65349878E-09
   234.806000        -1.76166037E-09
   234.986496        -1.87162019E-09
   235.167007        -1.98299333E-09
   235.347504        -2.09524664E-09
   235.528000        -2.20774377E-09
   235.708496        -2.31977682E-09
   235.889008        -2.43062059E-09
   236.069504        -2.53957544E-09
   236.250000        -2.64598721E-09
   236.430496        -2.74927281E-09
   236.610992        -2.84891288E-09
   236.791504        -2.94446001E-09
   236.972000        -3.03554826E-09
   237.152496        -3.12190584E-09
   237.332993        -3.20337556E-09
   237.513504        -3.27992811E-09
   237.694000        -3.35166517E-09
   237.874496        -3.41881590E-09
   238.054993        -3.48169626E-09
   238.235504        -3.54069618E-09
   238.416000        -3.59623709E-09
   238.596497        -3.64875019E-09
   238.776993        -3.69865472E-09
   238.957504        -3.74634324E-09
   239.138000        -3.79217635E-09
   239.318497        -3.83648269E-09
   239.498993        -3.87957355E-09
   239.679504        -3.92175803E-09
   239.860001        -3.96335986E-09
   240.040497        -4.00472189E-09
   240.220993        -4.04619671E-09
   240.401505        -4.08811118E-09
   240.582001        -4.13072998E-09
   240.762497        -4.17418367E-09
   240.942993        -4.21842916E-09
   241.123505        -4.26319779E-09
   241.304001        -4.30798641E-09
   241.484497        -4.35207159E-09
   241.664993        -4.39455228E-09
   241.845505        -4.43442794E-09
   242.026001        -4.47065718E-09
   242.206497        -4.50222704E-09
   242.386993        -4.52817872E-09
   242.567505        -4.54762450E-09
   242.748001        -4.55974991E-09
   242.928497        -4.56382576E-09
   243.108994        -4.55923654E-09
   243.289505        -4.54553417E-09
   243.470001        -4.52248461E-09
   243.650497        -4.49011583E-09
   243.830994        -4.44871739E-09
   244.011505        -4.39881154E-09
   244.192001        -4.34109726E-09
   244.372498        -4.27636904E-09
   244.552994        -4.20545421E-09
   244.733505        -4.12912415E-09
   244.914001        -4.04805300E-09
   245.094498        -3.96274480E-09
   245.274994        -3.87348731E-09
   245.455505        -3.78031695E-09
   245.636002        -3.68302389E-09
   245.816498        -3.58120111E-09
   245.996994        -3.47431151E-09
   246.177505        -3.36178685E-09
   246.358002        -3.24310823E-09
   246.538498        -3.11784998E-09
   246.718994        -2.98570746E-09
   246.899506        -2.84648105E-09
   247.080002        -2.70004819E-09
   247.260498        -2.54632559E-09
   247.440994        -2.38524045E-09
   247.621506        -2.21671548E-09
   247.802002        -2.04067985E-09
   247.982498        -1.85709526E-09
   248.162994        -1.66599645E-09
   248.343506        -1.46752888E-09
   248.524002        -1.26196376E-09
   248.704498        -1.04969577E-09
   248.884995        -8.31221036E-10
   249.065506        -6.07102479E-10
   249.246002        -3.77936515E-10
   249.426498        -1.44324497E-10
   249.606995         9.31586197E-11
   249.787506         3.33988392E-10
   249.968002         5.77716763E-10
   250.148499         8.24007806E-10
   250.328995         1.07266729E-09
   250.509506         1.32365996E-09
   250.690002         1.57711566E-09
   250.870499         1.83331506E-09
   251.050995         2.09266249E-09
   251.231506         2.35562991E-09
   251.412003         2.62269939E-09
   251.592499         2.89428570E-09
   251.772995         3.17067617E-09
   251.953506         3.45197804E-09
   252.134003         3.73808939E-09
   252.314499         4.02872136E-09
   252.494995         4.32346425E-09
   252.675507         4.62187311E-09
   252.856003         4.92354557E-09
   253.036499         5.22820720E-09
   253.216995         5.53573232E-09
   253.397507         5.84613069E-09
   253.578003         6.15951468E-09
   253.758499         6.47602727E-09
   253.938995         6.79577106E-09
   254.119507         7.11872605E-09
   254.300003         7.44466222E-09
   254.480499         7.77307285E-09
   254.660995         8.10314127E-09
   254.841507         8.43375414E-09
   255.022003         8.76356143E-09
   255.202499         9.09109676E-09
   255.382996         9.41490441E-09
   255.563507         9.73368230E-09
   255.744003         1.00464073E-08
   255.924500         1.03523972E-08
   256.105011         1.06513305E-08
   256.285492         1.09431895E-08
   256.466003         1.12281660E-08
   256.646515         1.15065282E-08
   256.826996         1.17785044E-08
   257.007507         1.20442101E-08
   257.187988         1.23036346E-08
   257.368500         1.25566748E-08
   257.549011         1.28032243E-08
   257.729492         1.30432776E-08
   257.910004         1.32770266E-08
   258.090515         1.35048817E-08
   258.270996         1.37275151E-08
   258.451508         1.39457725E-08
   258.631989         1.41606371E-08
   258.812500         1.43730929E-08
   258.993011         1.45840406E-08
   259.173492         1.47941499E-08
   259.354004         1.50037778E-08
   259.534485         1.52128781E-08
   259.714996         1.54209712E-08
   259.895508         1.56271618E-08
   260.075989         1.58302615E-08
   260.256500         1.60288938E-08
   260.437012         1.62217173E-08
   260.617493         1.64075882E-08
   260.798004         1.65857195E-08
   260.978485         1.67558145E-08
   261.158997         1.69180563E-08
   261.339508         1.70730452E-08
   261.519989         1.72216641E-08
   261.700500         1.73648935E-08
   261.881012         1.75036021E-08
   262.061493         1.76383637E-08
   262.242004         1.77693629E-08
   262.422485         1.78963031E-08
   262.602997         1.80184312E-08
   262.783508         1.81345996E-08
   262.963989         1.82434103E-08
   263.144501         1.83433393E-08
   263.325012         1.84329636E-08
   263.505493         1.85111144E-08
   263.686005         1.85770439E-08
   263.866486         1.86304714E-08
   264.046997         1.86716012E-08
   264.227509         1.87009732E-08
   264.407990         1.87193372E-08
   264.588501         1.87274143E-08
   264.769012         1.87257232E-08
   264.949493         1.87144789E-08
   265.130005         1.86935161E-08
   265.310486         1.86623623E-08
   265.490997         1.86203106E-08
   265.671509         1.85666060E-08
   265.851990         1.85005540E-08
   266.032501         1.84216677E-08
   266.213013         1.83297502E-08
   266.393494         1.82249309E-08
   266.574005         1.81076629E-08
   266.754486         1.79786781E-08
   266.934998         1.78389019E-08
   267.115509         1.76893717E-08
   267.295990         1.75310895E-08
   267.476501         1.73649148E-08
   267.657013         1.71914465E-08
   267.837494         1.70109384E-08
   268.018005         1.68232965E-08
   268.198486         1.66281211E-08
   268.378998         1.64248046E-08
   268.559509         1.62126685E-08
   268.739990         1.59910893E-08
   268.920502         1.57595927E-08
   269.101013         1.55179372E-08
   269.281494         1.52661048E-08
   269.462006         1.50042876E-08
   269.642487         1.47328372E-08
   269.822998         1.44521888E-08
   270.003510         1.41627456E-08
   270.183990         1.38648115E-08
   270.364502         1.35584530E-08
   270.545013         1.32434863E-08
   270.725494         1.29194335E-08
   270.906006         1.25856108E-08
   271.086487         1.22412382E-08
   271.266998         1.18855805E-08
   271.447510         1.15181216E-08
   271.627991         1.11386758E-08
   271.808502         1.07474420E-08
   271.989014         1.03449977E-08
   272.169495         9.93218574E-09
   272.350006         9.50998214E-09
   272.530487         9.07928666E-09
   272.710999         8.64078142E-09
   272.891510         8.19478441E-09
   273.071991         7.74123432E-09
   273.252502         7.27969907E-09
   273.433014         6.80950452E-09
   273.613495         6.32988284E-09
   273.794006         5.84015059E-09
   273.974487         5.33986144E-09
   274.154999         4.82895013E-09
   274.335510         4.30782521E-09
   274.515991         3.77737397E-09
   274.696503         3.23891247E-09
   274.877014         2.69405986E-09
   275.057495         2.14457363E-09
   275.238007         1.59215963E-09
   275.418488         1.03832121E-09
   275.598999         4.84251805E-10
   275.779510        -6.91594004E-11
   275.959991        -6.21318608E-10
   276.140503        -1.17180565E-09
   276.321014        -1.72026582E-09
   276.501495        -2.26628405E-09
   276.682007        -2.80928902E-09
   276.862488        -3.34849815E-09
   277.042999        -3.88292998E-09
   277.223511        -4.41147163E-09
   277.403992        -4.93300734E-09
   277.584503        -5.44654855E-09
   277.765015        -5.95137495E-09
   277.945496        -6.44713527E-09
   278.126007        -6.93388902E-09
   278.306488        -7.41211847E-09
   278.487000        -7.88266696E-09
   278.667511        -8.34664515E-09
   278.847992        -8.80530493E-09
   279.028503        -9.25984711E-09
   279.209015        -9.71125136E-09
   279.389496        -1.01601154E-08
   279.570007        -1.06065547E-08
   279.750488        -1.10501670E-08
   279.931000        -1.14901395E-08
   280.111511        -1.19253496E-08
   280.291992        -1.23545769E-08
   280.472504        -1.27766766E-08
   280.653015        -1.31907187E-08
   280.833496        -1.35960985E-08
   281.014008        -1.39925014E-08
   281.194489        -1.43798822E-08
   281.375000        -1.47583190E-08
   281.555511        -1.51278812E-08
   281.735992        -1.54884727E-08
   281.916504        -1.58397420E-08
   282.096985        -1.61810245E-08
   282.277496        -1.65113558E-08
   282.458008        -1.68296257E-08
   282.638489        -1.71346972E-08
   282.819000        -1.74256041E-08
   282.999512        -1.77017103E-08
   283.179993        -1.79628294E-08
   283.360504        -1.82092705E-08
   283.540985        -1.84418472E-08
   283.721497        -1.86617743E-08
   283.902008        -1.88705407E-08
   284.082489        -1.90696827E-08
   284.263000        -1.92605878E-08
   284.443512        -1.94442915E-08
   284.623993        -1.96214138E-08
   284.804504        -1.97921217E-08
   284.984985        -1.99562447E-08
   285.165497        -2.01134132E-08
   285.346008        -2.02632293E-08
   285.526489        -2.04053965E-08
   285.707001        -2.05398099E-08
   285.887512        -2.06665742E-08
   286.067993        -2.07859685E-08
   286.248505        -2.08983320E-08
   286.428986        -2.10039754E-08
   286.609497        -2.11030198E-08
   286.790009        -2.11953228E-08
   286.970490        -2.12804085E-08
   287.151001        -2.13574740E-08
   287.331512        -2.14253912E-08
   287.511993        -2.14828546E-08
   287.692505        -2.15284608E-08
   287.872986        -2.15608846E-08
   288.053497        -2.15790052E-08
   288.234009        -2.15820357E-08
   288.414490        -2.15696083E-08
   288.595001        -2.15418279E-08
   288.775513        -2.14992291E-08
   288.955994        -2.14427391E-08
   289.136505        -2.13735394E-08
   289.316986        -2.12929319E-08
   289.497498        -2.12022133E-08
   289.678009        -2.11025348E-08
   289.858490        -2.09948343E-08
   290.039001        -2.08797779E-08
   290.219513        -2.07577671E-08
   290.399994        -2.06289599E-08
   290.580505        -2.04933190E-08
   290.760986        -2.03506954E-08
   290.941498        -2.02009005E-08
   291.122009        -2.00438013E-08
   291.302490        -1.98793604E-08
   291.483002        -1.97076773E-08
   291.663513        -1.95289793E-08
   291.843994        -1.93436076E-08
   292.024506        -1.91519245E-08
   292.204987        -1.89542639E-08
   292.385498        -1.87508515E-08
   292.566010        -1.85417370E-08
   292.746490        -1.83267392E-08
   292.927002        -1.81054745E-08
   293.107513        -1.78773796E-08
   293.287994        -1.76417885E-08
   293.468506        -1.73980172E-08
   293.648987        -1.71454815E-08
   293.829498        -1.68837495E-08
   294.010010        -1.66125904E-08
   294.190491        -1.63319971E-08
   294.371002        -1.60421383E-08
   294.551514        -1.57433373E-08
   294.731995        -1.54360258E-08
   294.912506        -1.51206905E-08
   295.092987        -1.47978279E-08
   295.273499        -1.44678927E-08
   295.454010        -1.41312686E-08
   295.634491        -1.37882621E-08
   295.815002        -1.34390685E-08
   295.995514        -1.30838398E-08
   296.175995        -1.27226736E-08
   296.356506        -1.23556774E-08
   296.536987        -1.19830004E-08
   296.717499        -1.16048717E-08
   296.898010        -1.12216361E-08
   297.078491        -1.08337774E-08
   297.259003        -1.04419335E-08
   297.439514        -1.00468860E-08
   297.619995        -9.64953362E-09
   297.800507        -9.25083832E-09
   297.980988        -8.85177442E-09
   298.161499        -8.45322834E-09
   298.342010        -8.05592659E-09
   298.522491        -7.66037456E-09
   298.703003        -7.26680272E-09
   298.883514        -6.87517465E-09
   299.063995        -6.48523013E-09
   299.244507        -6.09655704E-09
   299.424988        -5.70874237E-09
   299.605499        -5.32148725E-09
   299.786011        -4.93473484E-09
   299.966492        -4.54876270E-09
   300.147003        -4.16419965E-09
   300.327515        -3.78200138E-09
   300.507996        -3.40333606E-09
   300.688507        -3.02946357E-09
   300.868988        -2.66153566E-09
   301.049500        -2.30046049E-09
   301.230011        -1.94675187E-09
   301.410492        -1.60048430E-09
   301.591003        -1.26131150E-09
   301.771515        -9.28587596E-10
   301.951996        -6.01550032E-10
   302.132507        -2.79530371E-10
   302.312988         3.78802753E-11
   302.493500         3.50726587E-10
   302.674011         6.58675670E-10
   302.854492         9.61091651E-10
   303.035004         1.25716326E-09
   303.215515         1.54605151E-09
   303.395996         1.82706339E-09
   303.576508         2.09978701E-09
   303.756989         2.36420550E-09
   303.937500         2.62072652E-09
   304.118011         2.87015789E-09
   304.298492         3.11359183E-09
   304.479004         3.35220207E-09
   304.659485         3.58702956E-09
   304.839996         3.81877330E-09
   305.020508         4.04764888E-09
   305.200989         4.27331770E-09
   305.381500         4.49493420E-09
   305.562012         4.71124473E-09
   305.742493         4.92074825E-09
   305.923004         5.12189802E-09
   306.103485         5.31327027E-09
   306.283997         5.49372814E-09
   306.464508         5.66252645E-09
   306.644989         5.81936899E-09
   306.825500         5.96439342E-09
   307.006012         6.09810247E-09
   307.186493         6.22123819E-09
   307.367004         6.33463459E-09
   307.547485         6.43902931E-09
   307.727997         6.53493837E-09
   307.908508         6.62253674E-09
   308.088989         6.70164724E-09
   308.269501         6.77179823E-09
