  -34.5000000         0.00000000    
  -34.3195000         0.00000000    
  -34.1389999         0.00000000    
  -33.9584999         0.00000000    
  -33.7779999         2.18942859E-26
  -33.5974998         1.23242625E-24
  -33.4169998         4.50261957E-23
  -33.2364998         3.43348768E-22
  -33.0559998         8.93621230E-22
  -32.8754997        -9.91405651E-22
  -32.6949997        -1.14517719E-20
  -32.5144997        -2.51708427E-20
  -32.3339996        -1.84708946E-21
  -32.1534996         1.01546191E-19
  -31.9729996         2.17582829E-19
  -31.7924995         1.48935666E-19
  -31.6119995        -1.97656914E-19
  -31.4314995        -6.87027576E-19
  -31.2509995        -1.39302065E-18
  -31.0704994        -2.60029292E-18
  -30.8899994        -2.55420903E-18
  -30.7094994         4.76978356E-18
  -30.5289993         2.35544659E-17
  -30.3484993         3.90715784E-17
  -30.1679993         1.01678108E-17
  -29.9874992        -9.43539977E-17
  -29.8069992        -2.18845176E-16
  -29.6264992        -1.87803616E-16
  -29.4459991         1.70554412E-16
  -29.2654991         7.57757263E-16
  -29.0849991         1.03918502E-15
  -28.9044991         3.08493846E-16
  -28.7240009        -1.57873421E-15
  -28.5435009        -3.52464174E-15
  -28.3630009        -3.40322761E-15
  -28.1825008         4.34386394E-16
  -28.0020008         7.10634131E-15
  -27.8215008         1.23292320E-14
  -27.6410007         1.02380339E-14
  -27.4605007        -2.33760489E-15
  -27.2800007        -2.16529472E-14
  -27.0995007        -3.64253204E-14
  -26.9190006        -3.28519492E-14
  -26.7385006        -3.68763544E-15
  -26.5580006         4.37806733E-14
  -26.3775005         8.68898730E-14
  -26.1970005         9.67451081E-14
  -26.0165005         5.42668260E-14
  -25.8360004        -3.52264198E-14
  -25.6555004        -1.38254737E-13
  -25.4750004        -2.04876277E-13
  -25.2945004        -1.92126629E-13
  -25.1140003        -8.80536082E-14
  -24.9335003         7.67553474E-14
  -24.7530003         2.38062960E-13
  -24.5725002         3.25140088E-13
  -24.3920002         2.94229593E-13
  -24.2115002         1.52002380E-13
  -24.0310001        -4.36457240E-14
  -23.8505001        -2.07848983E-13
  -23.6700001        -2.68331283E-13
  -23.4895000        -2.02244837E-13
  -23.3090000        -5.19608431E-14
  -23.1285000         9.02198441E-14
  -22.9480000         1.24731822E-13
  -22.7674999        -2.43148050E-15
  -22.5869999        -2.61212466E-13
  -22.4064999        -5.34681945E-13
  -22.2259998        -6.59576831E-13
  -22.0454998        -4.97922775E-13
  -21.8649998        -9.83186209E-15
  -21.6844997         7.08406857E-13
  -21.5039997         1.44551276E-12
  -21.3234997         1.95404890E-12
  -21.1429996         2.05545151E-12
  -20.9624996         1.72196914E-12
  -20.7819996         1.09217128E-12
  -20.6014996         4.06612786E-13
  -20.4209995        -1.09196479E-13
  -20.2404995        -3.57379003E-13
  -20.0599995        -4.16791222E-13
  -19.8794994        -4.99294182E-13
  -19.6989994        -8.31183375E-13
  -19.5184994        -1.51817003E-12
  -19.3379993        -2.46373798E-12
  -19.1574993        -3.38618977E-12
  -18.9769993        -3.93132272E-12
  -18.7964993        -3.83005910E-12
  -18.6159992        -3.02737566E-12
  -18.4354992        -1.72124966E-12
  -18.2549992        -2.91231937E-13
  -18.0744991         8.54131978E-13
  -17.8939991         1.44563235E-12
  -17.7134991         1.46431120E-12
  -17.5330009         1.14477904E-12
  -17.3525009         8.65240063E-13
  -17.1720009         9.67265872E-13
  -16.9915009         1.58200308E-12
  -16.8110008         2.54290686E-12
  -16.6305008         3.43315567E-12
  -16.4500008         3.75814831E-12
  -16.2695007         3.17326243E-12
  -16.0890007         1.66329765E-12
  -15.9084997        -4.16323470E-13
  -15.7279997        -2.46621495E-12
  -15.5474997        -3.88607506E-12
  -15.3669996        -4.32187749E-12
  -15.1864996        -3.79861117E-12
  -15.0059996        -2.67528621E-12
  -14.8254995        -1.44843133E-12
  -14.6450005        -5.06873081E-13
  -14.4645004         3.73524725E-14
  -14.2840004         3.60748405E-13
  -14.1035004         7.85766959E-13
  -13.9230003         1.56584988E-12
  -13.7425003         2.71283712E-12
  -13.5620003         3.95475753E-12
  -13.3815002         4.84335141E-12
  -13.2010002         4.95738650E-12
  -13.0205002         4.10483453E-12
  -12.8400002         2.43114166E-12
  -12.6595001         3.85294146E-13
  -12.4790001        -1.44223143E-12
  -12.2985001        -2.54227975E-12
  -12.1180000        -2.67866805E-12
  -11.9375000        -1.96961132E-12
  -11.7570000        -8.25166216E-13
  -11.5764999         2.32055721E-13
  -11.3959999         7.83870798E-13
  -11.2154999         6.73869923E-13
  -11.0349998         3.49524283E-14
  -10.8544998        -8.19753336E-13
  -10.6739998        -1.58036529E-12
  -10.4934998        -2.09731104E-12
  -10.3129997        -2.42618382E-12
  -10.1324997        -2.73777116E-12
  -9.95199966        -3.14842878E-12
  -9.77149963        -3.57495153E-12
  -9.59099960        -3.70881754E-12
  -9.41049957        -3.14089488E-12
  -9.22999954        -1.58362516E-12
  -9.04950047         9.20198054E-13
  -8.86900043         3.91314845E-12
  -8.68850040         6.61831050E-12
  -8.50800037         8.18538900E-12
  -8.32750034         7.99158916E-12
  -8.14700031         5.87821068E-12
  -7.96649981         2.23218796E-12
  -7.78599977        -2.11544757E-12
  -7.60550022        -6.13380831E-12
  -7.42500019        -8.89051679E-12
  -7.24450016        -9.80264307E-12
  -7.06400013        -8.76215593E-12
  -6.88350010        -6.10712913E-12
  -6.70300007        -2.46711874E-12
  -6.52250004         1.44507247E-12
  -6.34200001         5.01036148E-12
  -6.16149998         7.78855539E-12
  -5.98099995         9.50280046E-12
  -5.80049992         9.96808885E-12
  -5.61999989         9.03573483E-12
  -5.43949986         6.61015947E-12
  -5.25899982         2.74288621E-12
  -5.07849979        -2.24873874E-12
  -4.89799976        -7.71936941E-12
  -4.71750021        -1.27530642E-11
  -4.53700018        -1.63474650E-11
  -4.35650015        -1.76701414E-11
  -4.17600012        -1.62979751E-11
  -3.99550009        -1.23583210E-11
  -3.81500006        -6.52982399E-12
  -3.63450003         9.29306206E-14
  -3.45400000         6.23403369E-12
  -3.27349997         1.07171052E-11
  -3.09299994         1.27332910E-11
  -2.91249990         1.20336900E-11
  -2.73200011         8.98889383E-12
  -2.55150008         4.48422723E-12
  -2.37100005        -3.30068275E-13
  -2.19050002        -4.35580131E-12
  -2.00999999        -6.81901627E-12
  -1.82949996        -7.40136771E-12
  -1.64900005        -6.20051406E-12
  -1.46850002        -3.57097750E-12
  -1.28799999         5.16620268E-14
  -1.10749996         4.25083710E-12
 -0.926999986         8.62568437E-12
 -0.746500015         1.27307080E-11
 -0.565999985         1.60428094E-11
 -0.385500014         1.80185242E-11
 -0.204999998         1.82414830E-11
  -2.44999994E-02     1.65979088E-11
  0.156000003         1.33955859E-11
  0.336499989         9.36604527E-12
  0.517000020         5.53786791E-12
  0.697499990         3.01277839E-12
  0.878000021         2.69766588E-12
   1.05850005         5.05159413E-12
   1.23899996         9.90662760E-12
   1.41949999         1.64217771E-11
   1.60000002         2.32145952E-11
   1.78050005         2.86710777E-11
   1.96099997         3.13628533E-11
   2.14150000         3.04376212E-11
   2.32200003         2.58362845E-11
   2.50250006         1.82516276E-11
   2.68300009         8.85596717E-12
   2.86350012        -1.06907116E-12
   3.04399991        -1.04336635E-11
   3.22449994        -1.84643151E-11
   3.40499997        -2.46571236E-11
   3.58550000        -2.86609070E-11
   3.76600003        -3.02128982E-11
   3.94650006        -2.91883462E-11
   4.12699986        -2.57310007E-11
   4.30749989        -2.03663388E-11
   4.48799992        -1.40052154E-11
   4.66849995        -7.80795220E-12
   4.84899998        -2.95173781E-12
   5.02950001        -3.80292911E-13
   5.21000004        -6.04628327E-13
   5.39050007        -3.58917930E-12
   5.57100010        -8.73344886E-12
   5.75150013        -1.49588727E-11
   5.93200016        -2.09117220E-11
   6.11250019        -2.52699320E-11
   6.29300022        -2.70912424E-11
   6.47349977        -2.60885809E-11
   6.65399981        -2.27144831E-11
   6.83449984        -1.80021449E-11
   7.01499987        -1.32182806E-11
   7.19549990        -9.47558525E-12
   7.37599993        -7.46462267E-12
   7.55649996        -7.39058207E-12
   7.73699999        -9.08292365E-12
   7.91750002        -1.21593621E-11
   8.09799957        -1.61266261E-11
   8.27849960        -2.03786727E-11
   8.45899963        -2.41520883E-11
   8.63949966        -2.65446987E-11
   8.81999969        -2.66642177E-11
   9.00049973        -2.38850831E-11
   9.18099976        -1.81091617E-11
   9.36149979        -9.90423455E-12
   9.54199982        -4.44257776E-13
   9.72249985         8.73969994E-12
   9.90299988         1.61197618E-11
   10.0834999         2.05428834E-11
   10.2639999         2.15270822E-11
   10.4445000         1.94157173E-11
   10.6250000         1.53403852E-11
   10.8055000         1.09729743E-11
   10.9860001         8.09772301E-12
   11.1665001         8.11075339E-12
   11.3470001         1.16158871E-11
   11.5275002         1.82838866E-11
   11.7080002         2.70418271E-11
   11.8885002         3.65053404E-11
   12.0690002         4.54481175E-11
   12.2495003         5.30879334E-11
   12.4300003         5.90808097E-11
   12.6105003         6.32949457E-11
   12.7910004         6.55645885E-11
   12.9715004         6.56229932E-11
   13.1520004         6.32786462E-11
   13.3325005         5.87215138E-11
   13.5129995         5.27451242E-11
   13.6934996         4.67052855E-11
   13.8739996         4.21813105E-11
   14.0544996         4.04717475E-11
   14.2349997         4.21390110E-11
   14.4154997         4.67837054E-11
   14.5959997         5.31171079E-11
   14.7764997         5.92831131E-11
   14.9569998         6.33187114E-11
   15.1374998         6.36339939E-11
   15.3179998         5.94113161E-11
   15.4984999         5.08321371E-11
   15.6789999         3.90605465E-11
   15.8594999         2.59525821E-11
   16.0400009         1.35538126E-11
   16.2205009         3.54780831E-12
   16.4009991        -3.14086777E-12
   16.5814991        -6.42644661E-12
   16.7619991        -6.83131243E-12
   16.9424992        -5.10117859E-12
   17.1229992        -1.89646020E-12
   17.3034992         2.28514256E-12
   17.4839993         6.96660698E-12
   17.6644993         1.15077722E-11
   17.8449993         1.50858805E-11
   18.0254993         1.69360619E-11
   18.2059994         1.67530087E-11
   18.3864994         1.50245320E-11
   18.5669994         1.30718162E-11
   18.7474995         1.27271093E-11
   18.9279995         1.57592151E-11
   19.1084995         2.33013348E-11
   19.2889996         3.55032774E-11
   19.4694996         5.15033259E-11
   19.6499996         6.96788391E-11
   19.8304996         8.80419765E-11
   20.0109997         1.04663701E-10
   20.1914997         1.18035567E-10
   20.3719997         1.27331812E-10
   20.5524998         1.32525657E-10
   20.7329998         1.34323219E-10
   20.9134998         1.33902389E-10
   21.0939999         1.32530237E-10
   21.2744999         1.31194486E-10
   21.4549999         1.30400746E-10
   21.6355000         1.30193994E-10
   21.8160000         1.30354380E-10
   21.9965000         1.30608177E-10
   22.1770000         1.30714523E-10
   22.3575001         1.30393002E-10
   22.5380001         1.29191088E-10
   22.7185001         1.26452737E-10
   22.8990002         1.21482879E-10
   23.0795002         1.13864744E-10
   23.2600002         1.03768730E-10
   23.4405003         9.20716212E-11
   23.6210003         8.01970226E-11
   23.8015003         6.97316094E-11
   23.9820004         6.19913634E-11
   24.1625004         5.77104926E-11
   24.3430004         5.69479498E-11
   24.5235004         5.91773019E-11
   24.7040005         6.34838154E-11
   24.8845005         6.87811891E-11
   25.0650005         7.40045247E-11
   25.2455006         7.82660881E-11
   25.4260006         8.09768780E-11
   25.6065006         8.19150997E-11
   25.7870007         8.12215017E-11
   25.9675007         7.93065127E-11
   26.1480007         7.67335501E-11
   26.3285007         7.41413944E-11
   26.5090008         7.22358492E-11
   26.6895008         7.18202511E-11
   26.8700008         7.37767972E-11
   27.0505009         7.89189963E-11
   27.2310009         8.77055165E-11
   27.4115009         9.99382868E-11
   27.5919991         1.14617059E-10
   27.7724991         1.30066360E-10
   27.9529991         1.44328369E-10
   28.1334991         1.55690016E-10
   28.3139992         1.63145511E-10
   28.4944992         1.66618053E-10
   28.6749992         1.66899161E-10
   28.8554993         1.65360475E-10
   29.0359993         1.63559694E-10
   29.2164993         1.62856451E-10
   29.3969994         1.64138703E-10
   29.5774994         1.67701741E-10
   29.7579994         1.73273992E-10
   29.9384995         1.80188559E-10
   30.1189995         1.87617130E-10
   30.2994995         1.94796790E-10
   30.4799995         2.01154940E-10
   30.6604996         2.06304848E-10
   30.8409996         2.09956594E-10
   31.0214996         2.11846651E-10
   31.2019997         2.11765563E-10
   31.3824997         2.09706100E-10
   31.5629997         2.06031844E-10
   31.7434998         2.01525310E-10
   31.9239998         1.97235020E-10
   32.1044998         1.94137165E-10
   32.2849998         1.92769467E-10
   32.4654999         1.92983102E-10
   32.6459999         1.93963651E-10
   32.8264999         1.94481778E-10
   33.0070000         1.93262864E-10
   33.1875000         1.89323071E-10
   33.3680000         1.82173596E-10
   33.5485001         1.71875458E-10
   33.7290001         1.58997843E-10
   33.9095001         1.44524684E-10
   34.0900002         1.29719513E-10
   34.2705002         1.15943734E-10
   34.4510002         1.04444085E-10
   34.6315002         9.61428506E-11
   34.8120003         9.15041098E-11
   34.9925003         9.05151232E-11
   35.1730003         9.27522018E-11
   35.3535004         9.74847494E-11
   35.5340004         1.03759092E-10
   35.7145004         1.10472284E-10
   35.8950005         1.16502683E-10
   36.0755005         1.20903926E-10
   36.2560005         1.23163355E-10
   36.4365005         1.23387259E-10
   36.6170006         1.22310315E-10
   36.7975006         1.21037166E-10
   36.9780006         1.20631657E-10
   37.1585007         1.21690533E-10
   37.3390007         1.24114136E-10
   37.5195007         1.27120647E-10
   37.7000008         1.29462899E-10
   37.8805008         1.29742384E-10
   38.0610008         1.26684080E-10
   38.2415009         1.19349419E-10
   38.4220009         1.07316413E-10
   38.6025009         9.08405712E-11
   38.7830009         7.09467207E-11
   38.9635010         4.93372530E-11
   39.1440010         2.80806801E-11
   39.3245010         9.10579424E-12
   39.5050011        -6.33268915E-12
   39.6855011        -1.79724655E-11
   39.8660011        -2.65220363E-11
   40.0465012        -3.33310810E-11
   40.2270012        -3.99128057E-11
   40.4075012        -4.75258131E-11
   40.5880013        -5.69662997E-11
   40.7685013        -6.85595539E-11
   40.9490013        -8.22194118E-11
   41.1295013        -9.74772485E-11
   41.3100014        -1.13489725E-10
   41.4905014        -1.29083078E-10
   41.6710014        -1.42927586E-10
   41.8515015        -1.53836166E-10
   42.0320015        -1.61106045E-10
   42.2125015        -1.64757291E-10
   42.3930016        -1.65597383E-10
   42.5735016        -1.65100489E-10
   42.7540016        -1.65185615E-10
   42.9345016        -1.67913877E-10
   43.1150017        -1.75143913E-10
   43.2955017        -1.88142335E-10
   43.4760017        -2.07197093E-10
   43.6565018        -2.31356961E-10
   43.8370018        -2.58466609E-10
   44.0175018        -2.85593132E-10
   44.1980019        -3.09745091E-10
   44.3785019        -3.28641808E-10
   44.5589981        -3.41229239E-10
   44.7394981        -3.47728762E-10
   44.9199982        -3.49262314E-10
   45.1004982        -3.47297191E-10
   45.2809982        -3.43212903E-10
   45.4614983        -3.38115924E-10
   45.6419983        -3.32843059E-10
   45.8224983        -3.27973482E-10
   46.0029984        -3.23700483E-10
   46.1834984        -3.19573618E-10
   46.3639984        -3.14281212E-10
   46.5444984        -3.05710707E-10
   46.7249985        -2.91364793E-10
   46.9054985        -2.69039679E-10
   47.0859985        -2.37517839E-10
   47.2664986        -1.97029684E-10
   47.4469986        -1.49340595E-10
   47.6274986        -9.75056910E-11
   47.8079987        -4.53771118E-11
   47.9884987         3.02481781E-12
   48.1689987         4.42206965E-11
   48.3494987         7.59330307E-11
   48.5299988         9.75425574E-11
   48.7104988         1.10182342E-10
   48.8909988         1.16366333E-10
   49.0714989         1.19233123E-10
   49.2519989         1.21672061E-10
   49.4324989         1.25668170E-10
   49.6129990         1.32073338E-10
   49.7934990         1.40783649E-10
   49.9739990         1.51094193E-10
   50.1544991         1.61959127E-10
   50.3349991         1.72047265E-10
   50.5154991         1.79679896E-10
   50.6959991         1.82872203E-10
   50.8764992         1.79689416E-10
   51.0569992         1.68850919E-10
   51.2374992         1.50325710E-10
   51.4179993         1.25623525E-10
   51.5984993         9.76111206E-11
   51.7789993         6.99322059E-11
   51.9594994         4.62333748E-11
   52.1399994         2.94952326E-11
   52.3204994         2.15731599E-11
   52.5009995         2.29524403E-11
   52.6814995         3.26472009E-11
   52.8619995         4.82704328E-11
   53.0424995         6.63544913E-11
   53.2229996         8.29741484E-11
   53.4034996         9.46080853E-11
   53.5839996         9.89900176E-11
   53.7644997         9.56389481E-11
   53.9449997         8.58658561E-11
   54.1254997         7.22758173E-11
   54.3059998         5.80155680E-11
   54.4864998         4.60958910E-11
   54.6669998         3.89650291E-11
   54.8474998         3.83428393E-11
   55.0279999         4.51548382E-11
   55.2084999         5.94795810E-11
   55.3889999         8.04567246E-11
   55.5695000         1.06273733E-10
   55.7500000         1.34346548E-10
   55.9305000         1.61728617E-10
   56.1110001         1.85627888E-10
   56.2915001         2.03875042E-10
   56.4720001         2.15252288E-10
   56.6525002         2.19694693E-10
   56.8330002         2.18400659E-10
   57.0135002         2.13838308E-10
   57.1940002         2.09558843E-10
   57.3745003         2.09663398E-10
   57.5550003         2.17894952E-10
   57.7355003         2.36521969E-10
   57.9160004         2.65489686E-10
   58.0965004         3.02188191E-10
   58.2770004         3.42029016E-10
   58.4575005         3.79605375E-10
   58.6380005         4.10022627E-10
   58.8185005         4.29906333E-10
   58.9990005         4.37812925E-10
   59.1795006         4.34089792E-10
   59.3600006         4.20463053E-10
   59.5405006         3.99653505E-10
   59.7210007         3.75104586E-10
   59.9015007         3.50719037E-10
   60.0820007         3.30487526E-10
   60.2625008         3.17908838E-10
   60.4430008         3.15282744E-10
   60.6235008         3.23051252E-10
   60.8040009         3.39474088E-10
   60.9845009         3.60755287E-10
   61.1650009         3.81622040E-10
   61.3455009         3.96261940E-10
   61.5260010         3.99516503E-10
   61.7065010         3.88060417E-10
   61.8870010         3.61290997E-10
   62.0675011         3.21619120E-10
   62.2480011         2.73972206E-10
   62.4285011         2.24573693E-10
   62.6090012         1.79335394E-10
   62.7895012         1.42379081E-10
   62.9700012         1.15231491E-10
   63.1505013         9.68861311E-11
   63.3310013         8.45313056E-11
   63.5115013         7.45264267E-11
   63.6920013         6.31949076E-11
   63.8725014         4.72941963E-11
   64.0530014         2.42225788E-11
   64.2334976        -7.78276315E-12
   64.4140015        -4.92114335E-11
   64.5944977        -9.87450191E-11
   64.7750015        -1.52932209E-10
   64.9554977        -2.06427514E-10
   65.1360016        -2.52877719E-10
   65.3164978        -2.86331236E-10
   65.4970016        -3.02709025E-10
   65.6774979        -3.00875991E-10
   65.8580017        -2.83015389E-10
   66.0384979        -2.54178095E-10
   66.2190018        -2.21203153E-10
   66.3994980        -1.91209923E-10
   66.5800018        -1.70080436E-10
   66.7604980        -1.61280600E-10
   66.9410019        -1.65273142E-10
   67.1214981        -1.79677176E-10
   67.3020020        -2.00160152E-10
   67.4824982        -2.21682783E-10
   67.6630020        -2.39653214E-10
   67.8434982        -2.50700072E-10
   68.0240021        -2.52867199E-10
   68.2044983        -2.45417464E-10
   68.3850021        -2.28569580E-10
   68.5654984        -2.03521811E-10
   68.7460022        -1.72625261E-10
   68.9264984        -1.39514580E-10
   69.1070023        -1.08858332E-10
   69.2874985        -8.55152199E-11
   69.4680023        -7.33256927E-11
   69.6484985        -7.39111411E-11
   69.8290024        -8.60918628E-11
   70.0094986        -1.06046068E-10
   70.1900024        -1.28251743E-10
   70.3704987        -1.46811091E-10
   70.5510025        -1.56846092E-10
   70.7314987        -1.55566185E-10
   70.9120026        -1.42795567E-10
   71.0924988        -1.20992175E-10
   71.2730026        -9.46792228E-11
   71.4534988        -6.94454702E-11
   71.6340027        -5.06442180E-11
   71.8144989        -4.21868686E-11
   71.9950027        -4.58411815E-11
   72.1754990        -6.10564099E-11
   72.3560028        -8.54070356E-11
   72.5364990        -1.15387096E-10
   72.7170029        -1.47220541E-10
   72.8974991        -1.77333245E-10
   73.0780029        -2.02619907E-10
   73.2584991        -2.20641741E-10
   73.4390030        -2.29781832E-10
   73.6194992        -2.29586600E-10
   73.8000031        -2.21106980E-10
   73.9804993        -2.06958187E-10
   74.1610031        -1.90983812E-10
   74.3414993        -1.77445697E-10
   74.5220032        -1.70196440E-10
   74.7024994        -1.71847203E-10
   74.8830032        -1.83293117E-10
   75.0634995        -2.03668665E-10
   75.2440033        -2.30606298E-10
   75.4244995        -2.60655664E-10
   75.6050034        -2.89836266E-10
   75.7854996        -3.14417437E-10
   75.9660034        -3.31701194E-10
   76.1464996        -3.40551559E-10
   76.3270035        -3.41597722E-10
   76.5074997        -3.36994904E-10
   76.6880035        -3.29707345E-10
   76.8684998        -3.22586152E-10
   77.0490036        -3.17766424E-10
   77.2294998        -3.16506377E-10
   77.4100037        -3.19262783E-10
   77.5904999        -3.25832639E-10
   77.7710037        -3.35506484E-10
   77.9514999        -3.47048779E-10
   78.1320038        -3.58616414E-10
   78.3125000        -3.67910119E-10
   78.4929962        -3.72701286E-10
   78.6735001        -3.71381981E-10
   78.8539963        -3.63398589E-10
   79.0345001        -3.49471008E-10
   79.2149963        -3.31482342E-10
   79.3955002        -3.12049664E-10
   79.5759964        -2.94027164E-10
   79.7565002        -2.80104578E-10
   79.9369965        -2.72392997E-10
   80.1175003        -2.71924261E-10
   80.2979965        -2.78349871E-10
   80.4785004        -2.89951008E-10
   80.6589966        -3.03897907E-10
   80.8395004        -3.16793619E-10
   81.0199966        -3.25505678E-10
   81.2005005        -3.27833288E-10
   81.3809967        -3.22689986E-10
   81.5615005        -3.09936216E-10
   81.7419968        -2.90112045E-10
   81.9225006        -2.64255340E-10
   82.1029968        -2.33820269E-10
   82.2835007        -2.00750250E-10
   82.4639969        -1.67474465E-10
   82.6445007        -1.36512510E-10
   82.8249969        -1.09770450E-10
   83.0055008        -8.78868436E-11
   83.1859970        -6.99905134E-11
   83.3665009        -5.38899377E-11
   83.5469971        -3.67479276E-11
   83.7275009        -1.59689588E-11
   83.9079971         1.00301070E-11
   84.0885010         4.14588849E-11
   84.2689972         7.70413386E-11
   84.4495010         1.14120637E-10
   84.6299973         1.49075974E-10
   84.8105011         1.78003237E-10
   84.9909973         1.97495728E-10
   85.1715012         2.05476386E-10
   85.3519974         2.01735906E-10
   85.5325012         1.87955526E-10
   85.7129974         1.67019662E-10
   85.8935013         1.42072312E-10
   86.0739975         1.15726609E-10
   86.2545013         8.97066796E-11
   86.4349976         6.49201803E-11
   86.6155014         4.18188539E-11
   86.7959976         2.06990657E-11
   86.9765015         1.67339883E-12
   87.1569977        -1.56133613E-11
   87.3375015        -3.21689619E-11
   87.5179977        -4.95439245E-11
   87.6985016        -6.94535748E-11
   87.8789978        -9.31569336E-11
   88.0595016        -1.20923202E-10
   88.2399979        -1.51872945E-10
   88.4205017        -1.84158883E-10
   88.6009979        -2.15318735E-10
   88.7815018        -2.42650428E-10
   88.9619980        -2.63687183E-10
   89.1425018        -2.76672296E-10
   89.3229980        -2.80972745E-10
   89.5035019        -2.77400269E-10
   89.6839981        -2.68266021E-10
   89.8645020        -2.56880184E-10
   90.0449982        -2.46549919E-10
   90.2255020        -2.39568809E-10
   90.4059982        -2.36632408E-10
   90.5865021        -2.36827585E-10
   90.7669983        -2.38207759E-10
   90.9475021        -2.38735642E-10
   91.1279984        -2.37022929E-10
   91.3085022        -2.32518754E-10
   91.4889984        -2.25292340E-10
   91.6695023        -2.15777701E-10
   91.8499985        -2.04605680E-10
   92.0305023        -1.92558886E-10
   92.2109985        -1.80596690E-10
   92.3915024        -1.69791500E-10
   92.5719986        -1.60975996E-10
   92.7525024        -1.54309454E-10
   92.9329987        -1.49117468E-10
   93.1135025        -1.44049356E-10
   93.2939987        -1.37429429E-10
   93.4745026        -1.27672803E-10
   93.6549988        -1.13624402E-10
   93.8355026        -9.47178724E-11
   94.0159988        -7.10089695E-11
   94.1965027        -4.32464516E-11
   94.3769989        -1.29845813E-11
   94.5575027         1.75533008E-11
   94.7379990         4.59448209E-11
   94.9185028         7.02347416E-11
   95.0989990         8.95928262E-11
   95.2795029         1.04695620E-10
   95.4599991         1.17488769E-10
   95.6405029         1.30381733E-10
   95.8209991         1.45364554E-10
   96.0015030         1.63491914E-10
   96.1819992         1.84871465E-10
   96.3625031         2.09098794E-10
   96.5429993         2.35812841E-10
   96.7235031         2.64986727E-10
   96.9039993         2.96765695E-10
   97.0845032         3.31045469E-10
   97.2649994         3.67187225E-10
   97.4455032         4.04030753E-10
   97.6259995         4.40139009E-10
   97.8065033         4.74154049E-10
   97.9869995         5.05055386E-10
   98.1675034         5.32160982E-10
   98.3479996         5.55046120E-10
   98.5285034         5.73547876E-10
   98.7089996         5.87799198E-10
   98.8895035         5.98170680E-10
   99.0699997         6.05139716E-10
   99.2505035         6.09093331E-10
   99.4309998         6.10138773E-10
   99.6115036         6.08126993E-10
   99.7919998         6.03036399E-10
   99.9725037         5.95486660E-10
   100.153000         5.86934223E-10
   100.333504         5.79391479E-10
   100.514000         5.74817638E-10
   100.694504         5.74443715E-10
   100.875000         5.78361692E-10
   101.055496         5.85756055E-10
   101.236000         5.95628713E-10
   101.416496         6.07506545E-10
   101.597000         6.21723451E-10
   101.777496         6.39283682E-10
   101.958000         6.61346700E-10
   102.138496         6.88624935E-10
   102.319000         7.21027849E-10
   102.499496         7.57727658E-10
   102.680000         7.97379607E-10
   102.860497         8.38301595E-10
   103.041000         8.78598527E-10
   103.221497         9.16303144E-10
   103.402000         9.49534895E-10
   103.582497         9.76717263E-10
   103.763000         9.96850380E-10
   103.943497         1.00963482E-09
   104.124001         1.01529862E-09
   104.304497         1.01429332E-09
   104.485001         1.00712449E-09
   104.665497         9.94365368E-10
   104.846001         9.76755454E-10
   105.026497         9.55270196E-10
   105.207001         9.31020372E-10
   105.387497         9.04887387E-10
   105.568001         8.77182660E-10
   105.748497         8.47592441E-10
   105.929001         8.15507384E-10
   106.109497         7.80554676E-10
   106.290001         7.43031192E-10
   106.470497         7.04027892E-10
   106.651001         6.65101751E-10
   106.831497         6.27776886E-10
   107.012001         5.93226912E-10
   107.192497         5.62265456E-10
   107.373001         5.35555822E-10
   107.553497         5.13749543E-10
   107.734001         4.97468955E-10
   107.914497         4.86995111E-10
   108.095001         4.81935825E-10
   108.275497         4.81179874E-10
   108.456001         4.83200979E-10
   108.636497         4.86495955E-10
   108.817001         4.89905172E-10
   108.997498         4.92683727E-10
   109.178001         4.94326968E-10
   109.358498         4.94253083E-10
   109.539001         4.91682028E-10
   109.719498         4.85786522E-10
   109.900002         4.75930850E-10
   110.080498         4.61794297E-10
   110.261002         4.43265868E-10
   110.441498         4.20237789E-10
   110.622002         3.92421845E-10
   110.802498         3.59366037E-10
   110.983002         3.20723836E-10
   111.163498         2.76575735E-10
   111.344002         2.27500629E-10
   111.524498         1.74425682E-10
   111.705002         1.18371979E-10
   111.885498         6.03238293E-11
   112.066002         1.23854974E-12
   112.246498        -5.78148709E-11
   112.427002        -1.15659073E-10
   112.607498        -1.71207035E-10
   112.788002        -2.23828234E-10
   112.968498        -2.73599005E-10
   113.149002        -3.21209170E-10
   113.329498        -3.67505526E-10
   113.510002        -4.12872514E-10
   113.690498        -4.56868265E-10
   113.871002        -4.98386110E-10
   114.051498        -5.36233613E-10
   114.232002        -5.69784053E-10
   114.412498        -5.99287120E-10
   114.593002        -6.25736962E-10
   114.773499        -6.50393794E-10
   114.954002        -6.74251543E-10
   115.134499        -6.97764180E-10
   115.315002        -7.20853433E-10
   115.495499        -7.43025308E-10
   115.676003        -7.63421382E-10
   115.856499        -7.80823628E-10
   116.037003        -7.93714483E-10
   116.217499        -8.00420619E-10
   116.398003        -7.99495026E-10
   116.578499        -7.90157328E-10
   116.759003        -7.72568065E-10
   116.939499        -7.47788886E-10
   117.120003        -7.17540638E-10
   117.300499        -6.83896106E-10
   117.481003        -6.49081677E-10
   117.661499        -6.15369145E-10
   117.842003        -5.84934046E-10
   118.022499        -5.59559510E-10
   118.203003        -5.40187783E-10
   118.383499        -5.26546529E-10
   118.564003        -5.17083099E-10
   118.744499        -5.09403797E-10
   118.925003        -5.01015063E-10
   119.105499        -4.90109175E-10
   119.286003        -4.75967654E-10
   119.466499        -4.58925925E-10
   119.647003        -4.40058212E-10
   119.827499        -4.20821211E-10
   120.008003        -4.02856304E-10
   120.188499        -3.87926885E-10
   120.369003        -3.77823911E-10
   120.549500        -3.73954534E-10
   120.730003        -3.76797704E-10
   120.910500        -3.85433713E-10
   121.091003        -3.97496147E-10
   121.271500        -4.09635520E-10
   121.452003        -4.18318241E-10
   121.632500        -4.20702889E-10
   121.813004        -4.15192214E-10
   121.993500        -4.01691513E-10
   122.174004        -3.81580795E-10
   122.354500        -3.57558178E-10
   122.535004        -3.33323730E-10
   122.715500        -3.13037846E-10
   122.896004        -3.00525521E-10
   123.076500        -2.98366415E-10
   123.257004        -3.07045361E-10
   123.437500        -3.24663685E-10
   123.617996        -3.47415374E-10
   123.798500        -3.70539988E-10
   123.978996        -3.89481419E-10
   124.159500        -4.00850075E-10
   124.339996        -4.02919142E-10
   124.520500        -3.95649902E-10
   124.700996        -3.80405402E-10
   124.881500        -3.59628827E-10
   125.061996        -3.36491307E-10
   125.242500        -3.14399923E-10
   125.422997        -2.96348224E-10
   125.603500        -2.84311491E-10
   125.783997        -2.78733092E-10
   125.964500        -2.78435192E-10
   126.144997        -2.81000112E-10
   126.325500        -2.83483903E-10
   126.505997        -2.83011697E-10
   126.686501        -2.77151774E-10
   126.866997        -2.64106209E-10
   127.047501        -2.42909026E-10
   127.227997        -2.13629850E-10
   127.408501        -1.77726542E-10
   127.588997        -1.38167727E-10
   127.769501        -9.90874119E-11
   127.949997        -6.48275045E-11
   128.130493        -3.88286486E-11
   128.311005        -2.27864567E-11
   128.491501        -1.63455013E-11
   128.671997        -1.74869199E-11
   128.852493        -2.32968523E-11
   129.033005        -3.07964661E-11
   129.213501        -3.74290703E-11
   129.393997        -4.12944401E-11
   129.574493        -4.12927643E-11
   129.755005        -3.72023454E-11
   129.935501        -2.97269362E-11
   130.115997        -2.03604685E-11
   130.296494        -1.10632423E-11
   130.477005        -3.70902354E-12
   130.657501         3.74749494E-13
   130.837997         6.00473122E-13
   131.018494        -2.95177836E-12
   131.199005        -9.74370844E-12
   131.379501        -1.88964833E-11
   131.559998        -2.91132778E-11
   131.740494        -3.84155624E-11
   131.921005        -4.41580522E-11
   132.101501        -4.34758236E-11
   132.281998        -3.41118835E-11
   132.462494        -1.51958168E-11
   132.643005         1.22675923E-11
   132.823502         4.55317797E-11
   133.003998         8.08247289E-11
   133.184494         1.14339593E-10
   133.365005         1.42774778E-10
   133.545502         1.63368152E-10
   133.725998         1.73815698E-10
   133.906494         1.72315606E-10
   134.087006         1.57803895E-10
   134.267502         1.30432873E-10
   134.447998         9.20881219E-11
   134.628494         4.64416734E-11
   134.809006        -1.58496165E-12
   134.989502        -4.67486397E-11
   135.169998        -8.43918685E-11
   135.350494        -1.11287070E-10
   135.531006        -1.26279556E-10
   135.711502        -1.30522052E-10
   135.891998        -1.27285127E-10
   136.072495        -1.21404678E-10
   136.253006        -1.18265037E-10
   136.433502        -1.22364646E-10
   136.613998        -1.36004041E-10
   136.794495        -1.58502725E-10
   136.975006        -1.86275315E-10
   137.155502        -2.13770418E-10
   137.335999        -2.34874981E-10
   137.516495        -2.44262749E-10
   137.697006        -2.38350756E-10
   137.877502        -2.15719220E-10
   138.057999        -1.77183171E-10
   138.238495        -1.25692443E-10
   138.419006        -6.60816055E-11
   138.599503        -4.60874004E-12
   138.779999         5.17780298E-11
   138.960495         9.65352451E-11
   139.141006         1.24846508E-10
   139.321503         1.34553771E-10
   139.501999         1.26561428E-10
   139.682495         1.04559632E-10
   139.863007         7.42180831E-11
   140.043503         4.20412351E-11
   140.223999         1.43148887E-11
   140.404495        -3.84439095E-12
   140.585007        -9.36747468E-12
   140.765503        -1.95654799E-12
   140.945999         1.58031175E-11
   141.126495         3.89931316E-11
   141.307007         6.14163997E-11
   141.487503         7.70184125E-11
   141.667999         8.13377490E-11
   141.848495         7.23239246E-11
   142.029007         5.03938488E-11
   142.209503         1.81290954E-11
   142.389999        -2.01554207E-11
   142.570496        -5.89761226E-11
   142.751007        -9.23214422E-11
   142.931503        -1.14316424E-10
   143.112000        -1.20211022E-10
   143.292496        -1.07595217E-10
   143.473007        -7.72554382E-11
   143.653503        -3.32287461E-11
   143.834000         1.79050004E-11
   144.014496         6.83548218E-11
   144.195007         1.10675545E-10
   144.375504         1.39145542E-10
   144.556000         1.50521290E-10
   144.736496         1.44339179E-10
   144.917007         1.22926058E-10
   145.097504         9.10420003E-11
   145.278000         5.50141252E-11
   145.458496         2.16415184E-11
   145.639008        -3.18101600E-12
   145.819504        -1.57989333E-11
   146.000000        -1.56647178E-11
   146.180496        -5.26025404E-12
   146.360992         1.07139402E-11
   146.541504         2.64646603E-11
   146.722000         3.62265461E-11
   146.902496         3.52099322E-11
   147.082993         2.00873623E-11
   147.263504        -1.07121681E-11
   147.444000        -5.66103657E-11
   147.624496        -1.14560215E-10
   147.804993        -1.79242163E-10
   147.985504        -2.43959630E-10
   148.166000        -3.01915826E-10
   148.346497        -3.47655321E-10
   148.526993        -3.78301002E-10
   148.707504        -3.94035166E-10
   148.888000        -3.97714639E-10
   149.068497        -3.94033833E-10
   149.248993        -3.88589327E-10
   149.429504        -3.86860766E-10
   149.610001        -3.93239552E-10
   149.790497        -4.10240231E-10
   149.970993        -4.37907127E-10
   150.151505        -4.73549977E-10
   150.332001        -5.12151932E-10
   150.512497        -5.47474899E-10
   150.692993        -5.73442793E-10
   150.873505        -5.85348436E-10
   151.054001        -5.80609227E-10
   151.234497        -5.58917967E-10
   151.414993        -5.21918064E-10
   151.595505        -4.72772377E-10
   151.776001        -4.15911861E-10
   151.956497        -3.56739749E-10
   152.136993        -3.01022846E-10
   152.317505        -2.54018806E-10
   152.498001        -2.19449264E-10
   152.678497        -1.98581179E-10
   152.858994        -1.89871244E-10
   153.039505        -1.89474283E-10
   153.220001        -1.92328181E-10
   153.400497        -1.93260519E-10
   153.580994        -1.87881155E-10
   153.761505        -1.73193945E-10
   153.942001        -1.47832580E-10
   154.122498        -1.12090899E-10
   154.302994        -6.79874906E-11
   154.483505        -1.92097831E-11
   154.664001         2.94022029E-11
   154.844498         7.27808577E-11
   155.024994         1.06610720E-10
   155.205505         1.28202296E-10
   155.386002         1.37076836E-10
   155.566498         1.35018136E-10
   155.746994         1.25655361E-10
   155.927505         1.13955491E-10
   156.108002         1.05744934E-10
   156.288498         1.06987204E-10
   156.468994         1.22688207E-10
   156.649506         1.55698912E-10
   156.830002         2.05765932E-10
   157.010498         2.69113121E-10
   157.190994         3.38893219E-10
   157.371506         4.06626011E-10
   157.552002         4.64047384E-10
   157.732498         5.04705111E-10
   157.912994         5.25019195E-10
   158.093506         5.24726762E-10
   158.274002         5.06778619E-10
   158.454498         4.76836071E-10
   158.634995         4.42534398E-10
   158.815506         4.12436363E-10
   158.996002         3.94579619E-10
   159.176498         3.94862615E-10
   159.356995         4.15656093E-10
   159.537506         4.55075394E-10
   159.718002         5.07271891E-10
   159.898499         5.63647240E-10
   160.078995         6.14658491E-10
   160.259506         6.51678322E-10
   160.440002         6.68625766E-10
   160.620499         6.63147537E-10
   160.800995         6.37049580E-10
   160.981506         5.95975380E-10
   161.162003         5.48410151E-10
   161.342499         5.04100539E-10
   161.522995         4.72066386E-10
   161.703506         4.58769134E-10
   161.884003         4.66985339E-10
   162.064499         4.95612773E-10
   162.244995         5.40244460E-10
   162.425507         5.94252536E-10
   162.606003         6.50025922E-10
   162.786499         6.99987013E-10
   162.966995         7.37394867E-10
   163.147507         7.57239604E-10
   163.328003         7.57275243E-10
   163.508499         7.38781702E-10
   163.688995         7.06670056E-10
   163.869507         6.68712252E-10
   164.050003         6.33800568E-10
   164.230499         6.09730155E-10
   164.410995         6.01263594E-10
   164.591507         6.09157003E-10
   164.772003         6.30214270E-10
   164.952499         6.58169519E-10
   165.132996         6.85136059E-10
   165.313507         7.03269276E-10
   165.494003         7.06091130E-10
   165.674500         6.89613811E-10
   165.854996         6.53101517E-10
   166.035507         5.99237826E-10
   166.216003         5.33481148E-10
   166.396500         4.62825556E-10
   166.576996         3.94390215E-10
   166.757507         3.34085926E-10
   166.938004         2.85715063E-10
   167.118500         2.50693133E-10
   167.298996         2.28227812E-10
   167.479507         2.15576390E-10
   167.660004         2.08386072E-10
   167.840500         2.01268557E-10
   168.020996         1.88666457E-10
   168.201508         1.65954611E-10
   168.382004         1.30710665E-10
   168.562500         8.35382527E-11
   168.742996         2.80471184E-11
   168.923492        -3.00724341E-11
   169.104004        -8.44148709E-11
   169.284500        -1.29343036E-10
   169.464996        -1.61112762E-10
   169.645493        -1.78242990E-10
   169.826004        -1.81326162E-10
   170.006500        -1.72723488E-10
   170.186996        -1.56264182E-10
   170.367493        -1.36758965E-10
   170.548004        -1.19288565E-10
   170.728500        -1.08437481E-10
   170.908997        -1.07464648E-10
   171.089493        -1.17583610E-10
   171.270004        -1.37718850E-10
   171.450500        -1.64951316E-10
   171.630997        -1.95100949E-10
   171.811493        -2.23424557E-10
   171.992004        -2.45437254E-10
   172.172501        -2.57813021E-10
   172.352997        -2.59085448E-10
   172.533493        -2.50195809E-10
   172.714005        -2.34675723E-10
   172.894501        -2.18115928E-10
   173.074997        -2.06850564E-10
   173.255493        -2.06335782E-10
   173.436005        -2.19850749E-10
   173.616501        -2.47774357E-10
   173.796997        -2.87704582E-10
   173.977493        -3.35364098E-10
   174.158005        -3.85740717E-10
   174.338501        -4.33850678E-10
   174.518997        -4.75238349E-10
   174.699493        -5.06341302E-10
   174.880005        -5.24862764E-10
   175.060501        -5.30101407E-10
   175.240997        -5.23291244E-10
   175.421494        -5.07673292E-10
   175.602005        -4.87991425E-10
   175.782501        -4.69482619E-10
   175.962997        -4.56878119E-10
   176.143494        -4.53639404E-10
   176.324005        -4.61429617E-10
   176.504501        -4.79960238E-10
   176.684998        -5.07173747E-10
   176.865494        -5.39442546E-10
   177.046005        -5.72042969E-10
   177.226501        -5.99976180E-10
   177.406998        -6.19061302E-10
   177.587494        -6.26891927E-10
   177.768005        -6.23385843E-10
   177.948502        -6.10815953E-10
   178.128998        -5.93028071E-10
   178.309494        -5.74405579E-10
   178.490005        -5.58959434E-10
   178.670502        -5.49871537E-10
   178.850998        -5.49132628E-10
   179.031494        -5.57391466E-10
   179.212006        -5.73959547E-10
   179.392502        -5.96791006E-10
   179.572998        -6.22463192E-10
   179.753494        -6.46536491E-10
   179.934006        -6.64448219E-10
   180.114502        -6.72398137E-10
   180.294998        -6.67993161E-10
   180.475494        -6.50704546E-10
   180.656006        -6.21845408E-10
   180.836502        -5.84022830E-10
   181.016998        -5.40395617E-10
   181.197495        -4.94186414E-10
   181.378006        -4.48178883E-10
   181.558502        -4.04168976E-10
   181.738998        -3.62556180E-10
   181.919495        -3.22426974E-10
   182.100006        -2.81802914E-10
   182.280502        -2.38113862E-10
   182.460999        -1.88999816E-10
   182.641495        -1.32917496E-10
   182.822006        -6.93995694E-11
   183.002502         9.85987659E-13
   183.182999         7.66891481E-11
   183.363495         1.55216409E-10
   183.544006         2.33246839E-10
   183.724503         3.06721426E-10
   183.904999         3.71182335E-10
   184.085495         4.22599317E-10
   184.266006         4.58573401E-10
   184.446503         4.79161266E-10
   184.626999         4.87170915E-10
   184.807495         4.87753393E-10
   184.988007         4.87250962E-10
   185.168503         4.91669871E-10
   185.348999         5.05419762E-10
   185.529495         5.30487376E-10
   185.710007         5.66082958E-10
   185.890503         6.08801010E-10
   186.070999         6.53518795E-10
   186.251495         6.94650282E-10
   186.432007         7.27418847E-10
   186.612503         7.49107776E-10
   186.792999         7.59991348E-10
   186.973495         7.63364594E-10
   187.154007         7.64668828E-10
   187.334503         7.70345954E-10
   187.514999         7.86671506E-10
   187.695496         8.18598744E-10
   187.876007         8.68960404E-10
   188.056503         9.38339295E-10
   188.237000         1.02499365E-09
   188.417496         1.12472809E-09
   188.598007         1.23113231E-09
   188.778503         1.33655709E-09
   188.959000         1.43340295E-09
   189.139496         1.51539314E-09
   189.320007         1.57879432E-09
   189.500504         1.62313774E-09
   189.681000         1.65087111E-09
   189.861496         1.66629788E-09
   190.042007         1.67451264E-09
   190.222504         1.68035286E-09
   190.403000         1.68739389E-09
   190.583496         1.69731651E-09
   190.764008         1.70977366E-09
   190.944504         1.72244274E-09
   191.125000         1.73127490E-09
   191.305496         1.73131876E-09
   191.485992         1.71792125E-09
   191.666504         1.68779424E-09
   191.847000         1.63971503E-09
   192.027496         1.57493674E-09
   192.207993         1.49691115E-09
   192.388504         1.41056056E-09
   192.569000         1.32147859E-09
   192.749496         1.23529187E-09
   192.929993         1.15686372E-09
   193.110504         1.08949116E-09
   193.291000         1.03446429E-09
   193.471497         9.90909133E-10
   193.651993         9.55999946E-10
   193.832504         9.25722832E-10
   194.013000         8.96173691E-10
   194.193497         8.64548655E-10
   194.373993         8.29466884E-10
   194.554504         7.90913224E-10
   194.735001         7.49833029E-10
   194.915497         7.07396364E-10
   195.095993         6.64493238E-10
   195.276505         6.21919294E-10
   195.457001         5.80578696E-10
   195.637497         5.41327649E-10
   195.817993         5.04836783E-10
   195.998505         4.71495398E-10
   196.179001         4.41141845E-10
   196.359497         4.12852530E-10
   196.539993         3.85243282E-10
   196.720505         3.56804947E-10
   196.901001         3.25936306E-10
   197.081497         2.90932473E-10
   197.261993         2.50334753E-10
   197.442505         2.03294132E-10
   197.623001         1.49632681E-10
   197.803497         9.00380534E-11
   197.983994         2.62850158E-11
   198.164505        -3.91068636E-11
   198.345001        -1.03685470E-10
   198.525497        -1.65549047E-10
   198.705994        -2.23535496E-10
   198.886505        -2.77464829E-10
   199.067001        -3.28157973E-10
   199.247498        -3.77060272E-10
   199.427994        -4.25930541E-10
   199.608505        -4.76799933E-10
   199.789001        -5.31630795E-10
   199.969498        -5.91637073E-10
   200.149994        -6.56882659E-10
   200.330505        -7.26258276E-10
   200.511002        -7.97623190E-10
   200.691498        -8.68256744E-10
   200.871994        -9.35650779E-10
   201.052505        -9.98089167E-10
   201.233002        -1.05470055E-09
   201.413498        -1.10535492E-09
   201.593994        -1.15059740E-09
   201.774506        -1.19141630E-09
   201.955002        -1.22907551E-09
   202.135498        -1.26521271E-09
   202.315994        -1.30178068E-09
   202.496506        -1.34045397E-09
   202.677002        -1.38207523E-09
   202.857498        -1.42647394E-09
   203.037994        -1.47245049E-09
   203.218506        -1.51788671E-09
   203.399002        -1.56031232E-09
   203.579498        -1.59756330E-09
   203.759995        -1.62801017E-09
   203.940506        -1.65071690E-09
   204.121002        -1.66579928E-09
   204.301498        -1.67455960E-09
   204.481995        -1.67914249E-09
   204.662506        -1.68212033E-09
   204.843002        -1.68622138E-09
   205.023499        -1.69371284E-09
   205.203995        -1.70575531E-09
   205.384506        -1.72235792E-09
   205.565002        -1.74274739E-09
   205.745499        -1.76544235E-09
   205.925995        -1.78829340E-09
   206.106506        -1.80882453E-09
   206.287003        -1.82444237E-09
   206.467499        -1.83248305E-09
   206.647995        -1.83074633E-09
   206.828506        -1.81837889E-09
   207.009003        -1.79622228E-09
   207.189499        -1.76647263E-09
   207.369995        -1.73217940E-09
   207.550507        -1.69660264E-09
   207.731003        -1.66240532E-09
   207.911499        -1.63116953E-09
   208.091995        -1.60360369E-09
   208.272507        -1.57978930E-09
   208.453003        -1.55915558E-09
   208.633499        -1.54051705E-09
   208.813995        -1.52224733E-09
   208.994507        -1.50227197E-09
   209.175003        -1.47820078E-09
   209.355499        -1.44789325E-09
   209.535995        -1.40990508E-09
   209.716507        -1.36353795E-09
   209.897003        -1.30878086E-09
   210.077499        -1.24635424E-09
   210.257996        -1.17755072E-09
   210.438507        -1.10399923E-09
   210.619003        -1.02754338E-09
   210.799500        -9.50006629E-10
   210.979996        -8.72607098E-10
   211.160507        -7.95657873E-10
   211.341003        -7.18786419E-10
   211.521500        -6.41364961E-10
   211.701996        -5.62868863E-10
   211.882507        -4.83363627E-10
   212.063004        -4.03730910E-10
   212.243500        -3.25203836E-10
   212.423996        -2.48724125E-10
   212.604507        -1.74769865E-10
   212.785004        -1.03457139E-10
   212.965500        -3.46961453E-11
   213.145996         3.13990257E-11
   213.326508         9.40984721E-11
   213.507004         1.52325111E-10
   213.687500         2.05365641E-10
   213.867996         2.53168209E-10
   214.048492         2.96255243E-10
   214.229004         3.35592276E-10
   214.409500         3.72310460E-10
   214.589996         4.07132023E-10
   214.770493         4.40201320E-10
   214.951004         4.71423456E-10
   215.131500         5.00752662E-10
   215.311996         5.28187438E-10
   215.492493         5.53933677E-10
   215.673004         5.78579129E-10
   215.853500         6.02820238E-10
   216.033997         6.27079833E-10
   216.214493         6.51380061E-10
   216.395004         6.75161871E-10
   216.575500         6.96982305E-10
   216.755997         7.14627801E-10
   216.936493         7.25843885E-10
   217.117004         7.29130922E-10
   217.297501         7.24250881E-10
   217.477997         7.12439219E-10
   217.658493         6.96119051E-10
   217.839005         6.78039624E-10
   218.019501         6.60356936E-10
   218.199997         6.44279519E-10
   218.380493         6.30088648E-10
   218.561005         6.17381646E-10
   218.741501         6.05488604E-10
   218.921997         5.93793237E-10
   219.102493         5.81609150E-10
   219.283005         5.67889402E-10
   219.463501         5.51266033E-10
   219.643997         5.30334665E-10
   219.824493         5.03951769E-10
   220.005005         4.71637340E-10
   220.185501         4.33958786E-10
   220.365997         3.92450017E-10
   220.546494         3.49073381E-10
   220.727005         3.05780956E-10
   220.907501         2.64121724E-10
   221.087997         2.24719035E-10
   221.268494         1.86794344E-10
   221.449005         1.48297805E-10
   221.629501         1.06401860E-10
   221.809998         5.82209767E-11
   221.990494         1.78161511E-12
   222.171005        -6.30592037E-11
   222.351501        -1.34392039E-10
   222.531998        -2.08876541E-10
   222.712494        -2.82617180E-10
   222.893005        -3.52033291E-10
   223.073502        -4.14575041E-10
   223.253998        -4.69033756E-10
   223.434494        -5.15225418E-10
   223.615005        -5.53555590E-10
   223.795502        -5.84889248E-10
   223.975998        -6.10560491E-10
   224.156494        -6.32267960E-10
   224.337006        -6.52019105E-10
   224.517502        -6.72004952E-10
   224.697998        -6.94124092E-10
   224.878494        -7.19459214E-10
   225.059006        -7.48138884E-10
   225.239502        -7.79538989E-10
   225.419998        -8.12474754E-10
   225.600494        -8.45584047E-10
   225.781006        -8.77822037E-10
   225.961502        -9.08776498E-10
   226.141998        -9.38711886E-10
   226.322495        -9.68597536E-10
   226.503006        -1.00011710E-09
   226.683502        -1.03525344E-09
   226.863998        -1.07565101E-09
   227.044495        -1.12217036E-09
   227.225006        -1.17463050E-09
   227.405502        -1.23176747E-09
   227.585999        -1.29169497E-09
   227.766495        -1.35254419E-09
   227.947006        -1.41283973E-09
   228.127502        -1.47152979E-09
   228.307999        -1.52786150E-09
   228.488495        -1.58128433E-09
   228.669006        -1.63125602E-09
   228.849503        -1.67727698E-09
   229.029999        -1.71908132E-09
   229.210495        -1.75674286E-09
   229.391006        -1.79065685E-09
   229.571503        -1.82163817E-09
   229.751999        -1.85099314E-09
   229.932495        -1.88017091E-09
   230.113007        -1.91049976E-09
   230.293503        -1.94290295E-09
   230.473999        -1.97775885E-09
   230.654495        -2.01478501E-09
   230.835007        -2.05313921E-09
   231.015503        -2.09189510E-09
   231.195999        -2.13026841E-09
   231.376495        -2.16758878E-09
   231.557007        -2.20327290E-09
   231.737503        -2.23667973E-09
   231.917999        -2.26685626E-09
   232.098495        -2.29263386E-09
   232.279007        -2.31309882E-09
   232.459503        -2.32813946E-09
   232.639999        -2.33854647E-09
   232.820496        -2.34601294E-09
   233.001007        -2.35270603E-09
   233.181503        -2.36040898E-09
   233.362000        -2.36967912E-09
   233.542496        -2.37952080E-09
   233.723007        -2.38787501E-09
   233.903503        -2.39205278E-09
   234.084000        -2.38925102E-09
   234.264496        -2.37733699E-09
   234.445007        -2.35532327E-09
   234.625504        -2.32330533E-09
   234.806000        -2.28238450E-09
   234.986496        -2.23451191E-09
   235.167007        -2.18209495E-09
   235.347504        -2.12729989E-09
   235.528000        -2.07152606E-09
   235.708496        -2.01542938E-09
   235.889008        -1.95905447E-09
   236.069504        -1.90211580E-09
   236.250000        -1.84428506E-09
   236.430496        -1.78530213E-09
   236.610992        -1.72481163E-09
   236.791504        -1.66240732E-09
   236.972000        -1.59772529E-09
   237.152496        -1.53055579E-09
   237.332993        -1.46124535E-09
   237.513504        -1.39103562E-09
   237.694000        -1.32195255E-09
   237.874496        -1.25614974E-09
   238.054993        -1.19525623E-09
   238.235504        -1.13985532E-09
   238.416000        -1.08921794E-09
   238.596497        -1.04133457E-09
   238.776993        -9.93661042E-10
   238.957504        -9.43872758E-10
   239.138000        -8.90081842E-10
   239.318497        -8.31193558E-10
   239.498993        -7.67030439E-10
   239.679504        -6.98425207E-10
   239.860001        -6.26863117E-10
   240.040497        -5.54266799E-10
   240.220993        -4.82678175E-10
   240.401505        -4.13768686E-10
   240.582001        -3.48596096E-10
   240.762497        -2.87708496E-10
   240.942993        -2.31067665E-10
   241.123505        -1.78082049E-10
   241.304001        -1.27552885E-10
   241.484497        -7.77222453E-11
   241.664993        -2.64380323E-11
   241.845505         2.85535467E-11
   242.026001         8.91513530E-11
   242.206497         1.56274188E-10
   242.386993         2.29604266E-10
   242.567505         3.07794817E-10
   242.748001         3.88799243E-10
   242.928497         4.70376127E-10
   243.108994         5.50739787E-10
   243.289505         6.28859076E-10
   243.470001         7.04494962E-10
   243.650497         7.78129283E-10
   243.830994         8.50994275E-10
   244.011505         9.24795074E-10
   244.192001         1.00131536E-09
   244.372498         1.08236264E-09
   244.552994         1.16925403E-09
   244.733505         1.26225597E-09
   244.914001         1.35999467E-09
   245.094498         1.45960266E-09
   245.274994         1.55711932E-09
   245.455505         1.64815483E-09
   245.636002         1.72879522E-09
   245.816498         1.79630111E-09
   245.996994         1.84916626E-09
   246.177505         1.88702276E-09
   246.358002         1.91094141E-09
   246.538498         1.92327310E-09
   246.718994         1.92705119E-09
   246.899506         1.92544958E-09
   247.080002         1.92132532E-09
   247.260498         1.91670413E-09
   247.440994         1.91236182E-09
   247.621506         1.90831617E-09
   247.802002         1.90429228E-09
   247.982498         1.89973548E-09
   248.162994         1.89391436E-09
   248.343506         1.88639571E-09
   248.524002         1.87744220E-09
   248.704498         1.86807991E-09
   248.884995         1.86048543E-09
   249.065506         1.85810511E-09
   249.246002         1.86517979E-09
   249.426498         1.88563942E-09
   249.606995         1.92225635E-09
   249.787506         1.97619276E-09
   249.968002         2.04630979E-09
   250.148499         2.12928408E-09
   250.328995         2.22065544E-09
   250.509506         2.31557573E-09
   250.690002         2.40962916E-09
   250.870499         2.49956500E-09
   251.050995         2.58366217E-09
   251.231506         2.66140909E-09
   251.412003         2.73299539E-09
   251.592499         2.79919132E-09
   251.772995         2.86115043E-09
   251.953506         2.92029645E-09
   252.134003         2.97788993E-09
   252.314499         3.03530290E-09
   252.494995         3.09392756E-09
   252.675507         3.15509130E-09
   252.856003         3.21968985E-09
   253.036499         3.28824168E-09
   253.216995         3.35991590E-09
   253.397507         3.43258111E-09
   253.578003         3.50360918E-09
   253.758499         3.57115848E-09
   253.938995         3.63458019E-09
   254.119507         3.69493125E-09
   254.300003         3.75472675E-09
   254.480499         3.81718079E-09
   254.660995         3.88495947E-09
   254.841507         3.95946209E-09
   255.022003         4.04108391E-09
   255.202499         4.12924983E-09
   255.382996         4.22266977E-09
   255.563507         4.31988667E-09
   255.744003         4.41955805E-09
   255.924500         4.52012472E-09
   256.105011         4.61967975E-09
   256.285492         4.71628470E-09
   256.466003         4.80828399E-09
   256.646515         4.89402474E-09
   256.826996         4.97241626E-09
   257.007507         5.04351094E-09
   257.187988         5.10858689E-09
   257.368500         5.16987075E-09
   257.549011         5.23006749E-09
   257.729492         5.29172128E-09
   257.910004         5.35617772E-09
   258.090515         5.42316325E-09
   258.270996         5.49111645E-09
   258.451508         5.55724755E-09
   258.631989         5.61815261E-09
   258.812500         5.67086067E-09
   258.993011         5.71381031E-09
   259.173492         5.74714187E-09
   259.354004         5.77205794E-09
   259.534485         5.79057602E-09
   259.714996         5.80505644E-09
   259.895508         5.81769610E-09
   260.075989         5.83067550E-09
   260.256500         5.84634341E-09
   260.437012         5.86695847E-09
   260.617493         5.89396176E-09
   260.798004         5.92731597E-09
   260.978485         5.96546101E-09
   261.158997         6.00510086E-09
   261.339508         6.04158945E-09
   261.519989         6.06982509E-09
   261.700500         6.08548945E-09
   261.881012         6.08569195E-09
   262.061493         6.06962969E-09
   262.242004         6.03862205E-09
   262.422485         5.99594197E-09
   262.602997         5.94562577E-09
   262.783508         5.89114890E-09
   262.963989         5.83510040E-09
   263.144501         5.77807358E-09
   263.325012         5.71903147E-09
   263.505493         5.65610492E-09
   263.686005         5.58749669E-09
   263.866486         5.51143042E-09
   264.046997         5.42591438E-09
   264.227509         5.32940891E-09
   264.407990         5.22085664E-09
   264.588501         5.09946174E-09
   264.769012         4.96527353E-09
   264.949493         4.81961404E-09
   265.130005         4.66493377E-09
   265.310486         4.50469795E-09
   265.490997         4.34279634E-09
   265.671509         4.18296509E-09
   265.851990         4.02799660E-09
   266.032501         3.87915611E-09
   266.213013         3.73636411E-09
   266.393494         3.59815044E-09
   266.574005         3.46171913E-09
   266.754486         3.32381478E-09
   266.934998         3.18116045E-09
   267.115509         3.03069503E-09
   267.295990         2.87050850E-09
   267.476501         2.70062395E-09
   267.657013         2.52258237E-09
   267.837494         2.33864283E-09
   268.018005         2.15156937E-09
   268.198486         1.96391170E-09
   268.378998         1.77732684E-09
   268.559509         1.59259805E-09
   268.739990         1.40998091E-09
   268.920502         1.22922450E-09
   269.101013         1.04911924E-09
   269.281494         8.67295180E-10
   269.462006         6.80756507E-10
   269.642487         4.86331031E-10
   269.822998         2.80798579E-10
   270.003510         6.19570784E-11
   270.183990        -1.70993886E-10
   270.364502        -4.17507362E-10
   270.545013        -6.75359602E-10
   270.725494        -9.41091871E-10
   270.906006        -1.21026467E-09
   271.086487        -1.47823365E-09
   271.266998        -1.74082793E-09
   271.447510        -1.99489048E-09
   271.627991        -2.23860708E-09
   271.808502        -2.47185339E-09
   271.989014        -2.69611000E-09
   272.169495        -2.91405966E-09
   272.350006        -3.12884763E-09
   272.530487        -3.34390404E-09
   272.710999        -3.56189411E-09
   272.891510        -3.78405929E-09
   273.071991        -4.01037292E-09
   273.252502        -4.23904734E-09
   273.433014        -4.46659376E-09
   273.613495        -4.68847716E-09
   273.794006        -4.89977969E-09
   273.974487        -5.09640419E-09
   274.154999        -5.27559552E-09
   274.335510        -5.43674172E-09
   274.515991        -5.58122615E-09
   274.696503        -5.71215963E-09
   274.877014        -5.83359139E-09
   275.057495        -5.94969629E-09
   275.238007        -6.06431350E-09
   275.418488        -6.18093621E-09
   275.598999        -6.30146646E-09
   275.779510        -6.42637588E-09
   275.959991        -6.55493348E-09
   276.140503        -6.68537314E-09
   276.321014        -6.81561962E-09
   276.501495        -6.94377178E-09
   276.682007        -7.06837433E-09
   276.862488        -7.18803284E-09
   277.042999        -7.30138083E-09
   277.223511        -7.40793826E-09
   277.403992        -7.50742402E-09
   277.584503        -7.60124230E-09
   277.765015        -7.69174058E-09
   277.945496        -7.78170683E-09
   278.126007        -7.87355425E-09
   278.306488        -7.96831845E-09
   278.487000        -8.06513256E-09
   278.667511        -8.16163404E-09
   278.847992        -8.25478885E-09
   279.028503        -8.34104874E-09
   279.209015        -8.41737791E-09
   279.389496        -8.48170512E-09
   279.570007        -8.53248316E-09
   279.750488        -8.56940385E-09
   279.931000        -8.59361737E-09
   280.111511        -8.60683702E-09
   280.291992        -8.61137472E-09
   280.472504        -8.60954863E-09
   280.653015        -8.60417515E-09
   280.833496        -8.59693827E-09
   281.014008        -8.58827587E-09
   281.194489        -8.57741522E-09
   281.375000        -8.56313864E-09
   281.555511        -8.54281890E-09
   281.735992        -8.51405524E-09
   281.916504        -8.47477200E-09
   282.096985        -8.42323455E-09
   282.277496        -8.35874037E-09
   282.458008        -8.28192892E-09
   282.638489        -8.19519030E-09
   282.819000        -8.10180900E-09
   282.999512        -8.00571787E-09
   283.179993        -7.91048826E-09
   283.360504        -7.81856269E-09
   283.540985        -7.73079645E-09
   283.721497        -7.64713182E-09
   283.902008        -7.56668772E-09
   284.082489        -7.48717888E-09
   284.263000        -7.40500194E-09
   284.443512        -7.31630401E-09
   284.623993        -7.21710647E-09
   284.804504        -7.10423098E-09
   284.984985        -6.97586833E-09
   285.165497        -6.83279788E-09
   285.346008        -6.67751943E-09
   285.526489        -6.51282583E-09
   285.707001        -6.34205088E-09
   285.887512        -6.16876328E-09
   286.067993        -5.99556493E-09
   286.248505        -5.82372239E-09
   286.428986        -5.65337244E-09
   286.609497        -5.48423440E-09
   286.790009        -5.31518829E-09
   286.970490        -5.14512299E-09
   287.151001        -4.97382135E-09
   287.331512        -4.80116524E-09
   287.511993        -4.62708716E-09
   287.692505        -4.45180603E-09
   287.872986        -4.27599689E-09
   288.053497        -4.10036405E-09
   288.234009        -3.92543775E-09
   288.414490        -3.75200537E-09
   288.595001        -3.58057606E-09
   288.775513        -3.41167894E-09
   288.955994        -3.24568261E-09
   289.136505        -3.08229131E-09
   289.316986        -2.92026758E-09
   289.497498        -2.75763945E-09
   289.678009        -2.59202615E-09
   289.858490        -2.42106357E-09
   290.039001        -2.24283814E-09
   290.219513        -2.05626427E-09
   290.399994        -1.86149052E-09
   290.580505        -1.65901559E-09
   290.760986        -1.44947210E-09
   290.941498        -1.23416644E-09
   291.122009        -1.01445596E-09
   291.302490        -7.91598620E-10
   291.483002        -5.66898195E-10
   291.663513        -3.41723816E-10
   291.843994        -1.16826979E-10
   292.024506         1.07731067E-10
   292.204987         3.31460581E-10
   292.385498         5.53135926E-10
   292.566010         7.71446629E-10
   292.746490         9.85281523E-10
   292.927002         1.19325083E-09
   293.107513         1.39387057E-09
   293.287994         1.58626057E-09
   293.468506         1.77023274E-09
   293.648987         1.94615990E-09
   293.829498         2.11521889E-09
   294.010010         2.27924657E-09
   294.190491         2.44004639E-09
   294.371002         2.59853206E-09
   294.551514         2.75495715E-09
   294.731995         2.90870084E-09
   294.912506         3.05801273E-09
   295.092987         3.20061933E-09
   295.273499         3.33424888E-09
   295.454010         3.45713547E-09
   295.634491         3.56848751E-09
   295.815002         3.66869357E-09
   295.995514         3.75862896E-09
   296.175995         3.83937326E-09
   296.356506         3.91278077E-09
   296.536987         3.98155198E-09
   296.717499         4.04887368E-09
   296.898010         4.11780388E-09
   297.078491         4.19135526E-09
   297.259003         4.27167590E-09
   297.439514         4.35861569E-09
   297.619995         4.44954651E-09
   297.800507         4.54023752E-09
   297.980988         4.62566785E-09
   298.161499         4.70013761E-09
   298.342010         4.75902295E-09
   298.522491         4.79964823E-09
   298.703003         4.82154761E-09
   298.883514         4.82660445E-09
   299.063995         4.81935203E-09
   299.244507         4.80638107E-09
   299.424988         4.79487960E-09
   299.605499         4.79088058E-09
   299.786011         4.79828666E-09
   299.966492         4.81845053E-09
   300.147003         4.85001239E-09
   300.327515         4.88953322E-09
   300.507996         4.93205965E-09
   300.688507         4.97214936E-09
   300.868988         5.00457409E-09
   301.049500         5.02467445E-09
   301.230011         5.02908692E-09
   301.410492         5.01644504E-09
   301.591003         4.98802510E-09
   301.771515         4.94763741E-09
   301.951996         4.90106844E-09
   302.132507         4.85497509E-09
   302.312988         4.81491069E-09
   302.493500         4.78422058E-09
   302.674011         4.76401629E-09
   302.854492         4.75310680E-09
   303.035004         4.74805040E-09
   303.215515         4.74379380E-09
   303.395996         4.73499773E-09
   303.576508         4.71682737E-09
   303.756989         4.68555639E-09
   303.937500         4.64003014E-09
   304.118011         4.58193439E-09
   304.298492         4.51543292E-09
   304.479004         4.44637216E-09
   304.659485         4.38106573E-09
   304.839996         4.32513403E-09
   305.020508         4.28192060E-09
   305.200989         4.25214042E-09
   305.381500         4.23347934E-09
   305.562012         4.22069091E-09
   305.742493         4.20637303E-09
   305.923004         4.18252410E-09
   306.103485         4.14180645E-09
   306.283997         4.07934309E-09
   306.464508         3.99406508E-09
   306.644989         3.88909838E-09
   306.825500         3.77075038E-09
   307.006012         3.64739838E-09
   307.186493         3.52841711E-09
   307.367004         3.42267770E-09
   307.547485         3.33632477E-09
   307.727997         3.27249761E-09
   307.908508         3.23150950E-09
   308.088989         3.21007154E-09
   308.269501         3.20127658E-09
