  -34.5000000         0.00000000    
  -34.3195000         0.00000000    
  -34.1389999         0.00000000    
  -33.9584999         9.15820285E-21
  -33.7779999         4.66369276E-20
  -33.5974998         1.18525754E-19
  -33.4169998         1.78595765E-19
  -33.2364998         1.07360890E-19
  -33.0559998        -2.50547372E-19
  -32.8754997        -9.77613850E-19
  -32.6949997        -1.93766604E-18
  -32.5144997        -2.66769366E-18
  -32.3339996        -2.38972955E-18
  -32.1534996        -1.93709970E-19
  -31.9729996         4.61555201E-18
  -31.7924995         1.20760577E-17
  -31.6119995         2.11479312E-17
  -31.4314995         2.94573707E-17
  -31.2509995         3.33479750E-17
  -31.0704994         2.83481645E-17
  -30.8899994         1.00870714E-17
  -30.7094994        -2.44263986E-17
  -30.5289993        -7.53880367E-17
  -30.3484993        -1.39001574E-16
  -30.1679993        -2.06927436E-16
  -29.9874992        -2.66770592E-16
  -29.8069992        -3.03833471E-16
  -29.6264992        -3.04061693E-16
  -29.4459991        -2.57737303E-16
  -29.2654991        -1.63125218E-16
  -29.0849991        -2.90548977E-17
  -28.9044991         1.24580746E-16
  -28.7240009         2.69142231E-16
  -28.5435009         3.72500341E-16
  -28.3630009         4.06505855E-16
  -28.1825008         3.55050271E-16
  -28.0020008         2.20504845E-16
  -27.8215008         2.63202551E-17
  -27.6410007        -1.85754603E-16
  -27.4605007        -3.64126229E-16
  -27.2800007        -4.60203218E-16
  -27.0995007        -4.42677497E-16
  -26.9190006        -3.08939412E-16
  -26.7385006        -8.89303002E-17
  -26.5580006         1.61798857E-16
  -26.3775005         3.79434576E-16
  -26.1970005         5.14363828E-16
  -26.0165005         5.49737776E-16
  -25.8360004         5.07220587E-16
  -25.6555004         4.36219453E-16
  -25.4750004         3.91100046E-16
  -25.2945004         4.07632594E-16
  -25.1140003         4.90540867E-16
  -24.9335003         6.17656319E-16
  -24.7530003         7.56532771E-16
  -24.5725002         8.82936186E-16
  -24.3920002         9.91803901E-16
  -24.2115002         1.09855165E-15
  -24.0310001         1.23543705E-15
  -23.8505001         1.44790520E-15
  -23.6700001         1.78878366E-15
  -23.4895000         2.30107617E-15
  -23.3090000         2.98239898E-15
  -23.1285000         3.73875727E-15
  -22.9480000         4.35542097E-15
  -22.7674999         4.52141105E-15
  -22.5869999         3.92916392E-15
  -22.4064999         2.43221022E-15
  -22.2259998         1.98842295E-16
  -22.0454998        -2.22440381E-15
  -21.8649998        -4.00830687E-15
  -21.6844997        -4.30474468E-15
  -21.5039997        -2.60751448E-15
  -21.3234997         9.24728421E-16
  -21.1429996         5.33314136E-15
  -20.9624996         9.01318865E-15
  -20.7819996         1.01617814E-14
  -20.6014996         7.40562939E-15
  -20.4209995         4.08719099E-16
  -20.2404995        -9.77069107E-15
  -20.0599995        -2.07500033E-14
  -19.8794994        -2.93695427E-14
  -19.6989994        -3.26019593E-14
  -19.5184994        -2.85606737E-14
  -19.3379993        -1.72715524E-14
  -19.1574993        -9.17341023E-16
  -18.9769993         1.65782542E-14
  -18.7964993         3.05365847E-14
  -18.6159992         3.67899647E-14
  -18.4354992         3.28390438E-14
  -18.2549992         1.85575330E-14
  -18.0744991        -3.73427477E-15
  -17.8939991        -2.97991104E-14
  -17.7134991        -5.44228223E-14
  -17.5330009        -7.25111770E-14
  -17.3525009        -8.01238280E-14
  -17.1720009        -7.53044545E-14
  -16.9915009        -5.86300146E-14
  -16.8110008        -3.34069422E-14
  -16.6305008        -5.42397378E-15
  -16.4500008         1.78415174E-14
  -16.2695007         2.86045635E-14
  -16.0890007         2.06396671E-14
  -15.9084997        -8.64686469E-15
  -15.7279997        -5.63855772E-14
  -15.5474997        -1.13183632E-13
  -15.3669996        -1.63334759E-13
  -15.1864996        -1.86631065E-13
  -15.0059996        -1.61834034E-13
  -14.8254995        -7.14675037E-14
  -14.6450005         9.28226680E-14
  -14.4645004         3.25509585E-13
  -14.2840004         6.04387363E-13
  -14.1035004         8.90994418E-13
  -13.9230003         1.13497124E-12
  -13.7425003         1.28216654E-12
  -13.5620003         1.28523028E-12
  -13.3815002         1.11451722E-12
  -13.2010002         7.66719153E-13
  -13.0205002         2.68930413E-13
  -12.8400002        -3.23172912E-13
  -12.6595001        -9.32965077E-13
  -12.4790001        -1.47482851E-12
  -12.2985001        -1.86798645E-12
  -12.1180000        -2.04945804E-12
  -11.9375000        -1.98383887E-12
  -11.7570000        -1.66859462E-12
  -11.5764999        -1.13459958E-12
  -11.3959999        -4.42505543E-13
  -11.2154999         3.24147691E-13
  -11.0349998         1.06832295E-12
  -10.8544998         1.69085774E-12
  -10.6739998         2.10336414E-12
  -10.4934998         2.24170595E-12
  -10.3129997         2.07818636E-12
  -10.1324997         1.62960194E-12
  -9.95199966         9.58012424E-13
  -9.77149963         1.61996583E-13
  -9.59099960        -6.41599946E-13
  -9.41049957        -1.34229888E-12
  -9.22999954        -1.86103628E-12
  -9.04950047        -2.16834580E-12
  -8.86900043        -2.28938613E-12
  -8.68850040        -2.29303881E-12
  -8.50800037        -2.26724477E-12
  -8.32750034        -2.28747837E-12
  -8.14700031        -2.38808127E-12
  -7.96649981        -2.54584960E-12
  -7.78599977        -2.68172268E-12
  -7.60550022        -2.68095225E-12
  -7.42500019        -2.42624909E-12
  -7.24450016        -1.83456375E-12
  -7.06400013        -8.87013987E-13
  -6.88350010         3.56227987E-13
  -6.70300007         1.75997801E-12
  -6.52250004         3.13579197E-12
  -6.34200001         4.27612763E-12
  -6.16149998         4.99337160E-12
  -5.98099995         5.15608736E-12
  -5.80049992         4.71628812E-12
  -5.61999989         3.72356920E-12
  -5.43949986         2.32393553E-12
  -5.25899982         7.42946503E-13
  -5.07849979        -7.45660261E-13
  -4.89799976        -1.86276515E-12
  -4.71750021        -2.37271140E-12
  -4.53700018        -2.13034820E-12
  -4.35650015        -1.11690887E-12
  -4.17600012         5.44266292E-13
  -3.99550009         2.59852122E-12
  -3.81500006         4.69801194E-12
  -3.63450003         6.46174564E-12
  -3.45400000         7.54611824E-12
  -3.27349997         7.71130815E-12
  -3.09299994         6.86911552E-12
  -2.91249990         5.10199868E-12
  -2.73200011         2.64944685E-12
  -2.55150008        -1.35114982E-13
  -2.37100005        -2.84784891E-12
  -2.19050002        -5.10636585E-12
  -2.00999999        -6.61682948E-12
  -1.82949996        -7.22502570E-12
  -1.64900005        -6.94269035E-12
  -1.46850002        -5.94422341E-12
  -1.28799999        -4.53302717E-12
  -1.10749996        -3.08172910E-12
 -0.926999986        -1.95549371E-12
 -0.746500015        -1.43249106E-12
 -0.565999985        -1.63818004E-12
 -0.385500014        -2.50957133E-12
 -0.204999998        -3.80084289E-12
  -2.44999994E-02    -5.13304026E-12
  0.156000003        -6.07974391E-12
  0.336499989        -6.27047849E-12
  0.517000020        -5.48716714E-12
  0.697499990        -3.72866104E-12
  0.878000021        -1.22486548E-12
   1.05850005         1.60559955E-12
   1.23899996         4.24599071E-12
   1.41949999         6.19877066E-12
   1.60000002         7.10074230E-12
   1.78050005         6.80741878E-12
   1.96099997         5.42605240E-12
   2.14150000         3.29010387E-12
   2.32200003         8.82862197E-13
   2.50250006        -1.26997620E-12
   2.68300009        -2.71297069E-12
   2.86350012        -3.15334542E-12
   3.04399991        -2.51471175E-12
   3.22449994        -9.43494848E-13
   3.40499997         1.22939582E-12
   3.58550000         3.56073461E-12
   3.76600003         5.58381856E-12
   3.94650006         6.89586365E-12
   4.12699986         7.22746862E-12
   4.30749989         6.48294309E-12
   4.48799992         4.74688041E-12
   4.66849995         2.25923577E-12
   4.84899998        -6.33574085E-13
   5.02950001        -3.54005952E-12
   5.21000004        -6.08618841E-12
   5.39050007        -7.96872030E-12
   5.57100010        -8.99192613E-12
   5.75150013        -9.08366698E-12
   5.93200016        -8.29026431E-12
   6.11250019        -6.75243585E-12
   6.29300022        -4.66817557E-12
   6.47349977        -2.25050078E-12
   6.65399981         3.10499808E-13
   6.83449984         2.87277298E-12
   7.01499987         5.34953028E-12
   7.19549990         7.69821880E-12
   7.37599993         9.89628691E-12
   7.55649996         1.19127156E-11
   7.73699999         1.36849742E-11
   7.91750002         1.51094796E-11
   8.09799957         1.60490458E-11
   8.27849960         1.63554083E-11
   8.45899963         1.59006801E-11
   8.63949966         1.46081532E-11
   8.81999969         1.24733826E-11
   9.00049973         9.56831836E-12
   9.18099976         6.02638989E-12
   9.36149979         2.01261859E-12
   9.54199982        -2.31294671E-12
   9.72249985        -6.82692574E-12
   9.90299988        -1.14593326E-11
   10.0834999        -1.61897769E-11
   10.2639999        -2.10238511E-11
   10.4445000        -2.59563170E-11
   10.6250000        -3.09316392E-11
   10.8055000        -3.58128804E-11
   10.9860001        -4.03674802E-11
   11.1665001        -4.42758538E-11
   11.3470001        -4.71640921E-11
   11.5275002        -4.86576751E-11
   11.7080002        -4.84492689E-11
   11.8885002        -4.63684681E-11
   12.0690002        -4.24373765E-11
   12.2495003        -3.68954069E-11
   12.4300003        -3.01804172E-11
   12.6105003        -2.28620057E-11
   12.7910004        -1.55356544E-11
   12.9715004        -8.69983599E-12
   13.1520004        -2.64487694E-12
   13.3325005         2.61686658E-12
   13.5129995         7.35855994E-12
   13.6934996         1.20793609E-11
   13.8739996         1.73900512E-11
   14.0544996         2.38713545E-11
   14.2349997         3.19402491E-11
   14.4154997         4.17574690E-11
   14.5959997         5.31982930E-11
   14.7764997         6.58926733E-11
   14.9569998         7.93184685E-11
   15.1374998         9.29211499E-11
   15.3179998         1.06223620E-10
   15.4984999         1.18897794E-10
   15.6789999         1.30783634E-10
   15.8594999         1.41856804E-10
   16.0400009         1.52163504E-10
   16.2205009         1.61749558E-10
   16.4009991         1.70605058E-10
   16.5814991         1.78641685E-10
   16.7619991         1.85705076E-10
   16.9424992         1.91614183E-10
   17.1229992         1.96214864E-10
   17.3034992         1.99430250E-10
   17.4839993         2.01297909E-10
   17.6644993         2.01982236E-10
   17.8449993         2.01760955E-10
   18.0254993         2.00984951E-10
   18.2059994         2.00023567E-10
   18.3864994         1.99203348E-10
   18.5669994         1.98758815E-10
   18.7474995         1.98799810E-10
   18.9279995         1.99307598E-10
   19.1084995         2.00150660E-10
   19.2889996         2.01122577E-10
   19.4694996         2.01975936E-10
   19.6499996         2.02452929E-10
   19.8304996         2.02295042E-10
   20.0109997         2.01236250E-10
   20.1914997         1.98980110E-10
   20.3719997         1.95172406E-10
   20.5524998         1.89394611E-10
   20.7329998         1.81181029E-10
   20.9134998         1.70081366E-10
   21.0939999         1.55754937E-10
   21.2744999         1.38079326E-10
   21.4549999         1.17241411E-10
   21.6355000         9.37829467E-11
   21.8160000         6.85673740E-11
   21.9965000         4.26768759E-11
   22.1770000         1.72429848E-11
   22.3575001        -6.73659262E-12
   22.5380001        -2.85591186E-11
   22.7185001        -4.79109807E-11
   22.8990002        -6.48813156E-11
   23.0795002        -7.98854663E-11
   23.2600002        -9.35220165E-11
   23.4405003        -1.06413829E-10
   23.6210003        -1.19060414E-10
   23.8015003        -1.31745406E-10
   23.9820004        -1.44513818E-10
   24.1625004        -1.57210855E-10
   24.3430004        -1.69576270E-10
   24.5235004        -1.81329438E-10
   24.7040005        -1.92237518E-10
   24.8845005        -2.02137126E-10
   25.0650005        -2.10894371E-10
   25.2455006        -2.18350837E-10
   25.4260006        -2.24248176E-10
   25.6065006        -2.28194255E-10
   25.7870007        -2.29678762E-10
   25.9675007        -2.28146793E-10
   26.1480007        -2.23129001E-10
   26.3285007        -2.14384566E-10
   26.5090008        -2.02051653E-10
   26.6895008        -1.86725024E-10
   26.8700008        -1.69477654E-10
   27.0505009        -1.51770665E-10
   27.2310009        -1.35269948E-10
   27.4115009        -1.21599147E-10
   27.5919991        -1.12080865E-10
   27.7724991        -1.07500606E-10
   27.9529991        -1.07986210E-10
   28.1334991        -1.13016312E-10
   28.3139992        -1.21556959E-10
   28.4944992        -1.32314562E-10
   28.6749992        -1.44035478E-10
   28.8554993        -1.55759766E-10
   29.0359993        -1.66989131E-10
   29.2164993        -1.77722198E-10
   29.3969994        -1.88309354E-10
   29.5774994        -1.99234920E-10
   29.7579994        -2.10799281E-10
   29.9384995        -2.22889401E-10
   30.1189995        -2.34823994E-10
   30.2994995        -2.45378801E-10
   30.4799995        -2.52974391E-10
   30.6604996        -2.55973770E-10
   30.8409996        -2.53037702E-10
   31.0214996        -2.43435522E-10
   31.2019997        -2.27254771E-10
   31.3824997        -2.05429687E-10
   31.5629997        -1.79642454E-10
   31.7434998        -1.52058088E-10
   31.9239998        -1.24986937E-10
   32.1044998        -1.00549923E-10
   32.2849998        -8.03790229E-11
   32.4654999        -6.54223342E-11
   32.6459999        -5.58705027E-11
   32.8264999        -5.12340066E-11
   33.0070000        -5.05083059E-11
   33.1875000        -5.24214838E-11
   33.3680000        -5.56979914E-11
   33.5485001        -5.92684166E-11
   33.7290001        -6.24317750E-11
   33.9095001        -6.48843201E-11
   34.0900002        -6.66728964E-11
   34.2705002        -6.80494966E-11
   34.4510002        -6.93105712E-11
   34.6315002        -7.06188927E-11
   34.8120003        -7.18805085E-11
   34.9925003        -7.26990065E-11
   35.1730003        -7.24236018E-11
   35.3535004        -7.02671740E-11
   35.5340004        -6.54615043E-11
   35.7145004        -5.74353447E-11
   35.8950005        -4.59311686E-11
   36.0755005        -3.10705489E-11
   36.2560005        -1.33376140E-11
   36.4365005         6.50273108E-12
   36.6170006         2.75291456E-11
   36.7975006         4.88097583E-11
   36.9780006         6.95227279E-11
   37.1585007         8.90561513E-11
   37.3390007         1.07049467E-10
   37.5195007         1.23375435E-10
   37.7000008         1.38104556E-10
   37.8805008         1.51413479E-10
   38.0610008         1.63491901E-10
   38.2415009         1.74471035E-10
   38.4220009         1.84377152E-10
   38.6025009         1.93110292E-10
   38.7830009         2.00475622E-10
   38.9635010         2.06224579E-10
   39.1440010         2.10107501E-10
   39.3245010         2.11930737E-10
   39.5050011         2.11597517E-10
   39.6855011         2.09127368E-10
   39.8660011         2.04647493E-10
   40.0465012         1.98365546E-10
   40.2270012         1.90542637E-10
   40.4075012         1.81459722E-10
   40.5880013         1.71397535E-10
   40.7685013         1.60661998E-10
   40.9490013         1.49611643E-10
   41.1295013         1.38696055E-10
   41.3100014         1.28492050E-10
   41.4905014         1.19688370E-10
   41.6710014         1.13030245E-10
   41.8515015         1.09216983E-10
   42.0320015         1.08780249E-10
   42.2125015         1.11958984E-10
   42.3930016         1.18618393E-10
   42.5735016         1.28228539E-10
   42.7540016         1.39918632E-10
   42.9345016         1.52597684E-10
   43.1150017         1.65114478E-10
   43.2955017         1.76428386E-10
   43.4760017         1.85733734E-10
   43.6565018         1.92526245E-10
   43.8370018         1.96588745E-10
   44.0175018         1.97917488E-10
   44.1980019         1.96619221E-10
   44.3785019         1.92819691E-10
   44.5589981         1.86616972E-10
   44.7394981         1.78073487E-10
   44.9199982         1.67267603E-10
   45.1004982         1.54352739E-10
   45.2809982         1.39617359E-10
   45.4614983         1.23518196E-10
   45.6419983         1.06681115E-10
   45.8224983         8.98663435E-11
   46.0029984         7.39151101E-11
   46.1834984         5.96731067E-11
   46.3639984         4.79116087E-11
   46.5444984         3.92403506E-11
   46.7249985         3.40306221E-11
   46.9054985         3.23486758E-11
   47.0859985         3.39119566E-11
   47.2664986         3.80814096E-11
   47.4469986         4.38952243E-11
   47.6274986         5.01535098E-11
   47.8079987         5.55509250E-11
   47.9884987         5.88527838E-11
   48.1689987         5.90792554E-11
   48.3494987         5.56773863E-11
   48.5299988         4.86378993E-11
   48.7104988         3.85309284E-11
   48.8909988         2.64429936E-11
   49.0714989         1.38318012E-11
   49.2519989         2.31295386E-12
   49.4324989        -6.59612686E-12
   49.6129990        -1.17161359E-11
   49.7934990        -1.24212411E-11
   49.9739990        -8.77824115E-12
   50.1544991        -1.58738777E-12
   50.3349991         7.69386724E-12
   50.5154991         1.71421176E-11
   50.6959991         2.46490588E-11
   50.8764992         2.82541004E-11
   51.0569992         2.64521564E-11
   51.2374992         1.84076920E-11
   51.4179993         4.03738284E-12
   51.5984993        -1.60736702E-11
   51.7789993        -4.08837200E-11
   51.9594994        -6.91795093E-11
   52.1399994        -9.98735400E-11
   52.3204994        -1.32225050E-10
   52.5009995        -1.65926356E-10
   52.6814995        -2.01037131E-10
   52.8619995        -2.37787789E-10
   53.0424995        -2.76296652E-10
   53.2229996        -3.16289189E-10
   53.4034996        -3.56898289E-10
   53.5839996        -3.96622096E-10
   53.7644997        -4.33436620E-10
   53.9449997        -4.65074951E-10
   54.1254997        -4.89385310E-10
   54.3059998        -5.04702558E-10
   54.4864998        -5.10142817E-10
   54.6669998        -5.05759046E-10
   54.8474998        -4.92542118E-10
   55.0279999        -4.72244133E-10
   55.2084999        -4.47099135E-10
   55.3889999        -4.19471818E-10
   55.5695000        -3.91497862E-10
   55.7500000        -3.64814706E-10
   55.9305000        -3.40395184E-10
   56.1110001        -3.18539195E-10
   56.2915001        -2.99013952E-10
   56.4720001        -2.81290186E-10
   56.6525002        -2.64814642E-10
   56.8330002        -2.49272269E-10
   57.0135002        -2.34761238E-10
   57.1940002        -2.21837215E-10
   57.3745003        -2.11447887E-10
   57.5550003        -2.04740030E-10
   57.7355003        -2.02804010E-10
   57.9160004        -2.06384285E-10
   58.0965004        -2.15630125E-10
   58.2770004        -2.29936847E-10
   58.4575005        -2.47924348E-10
   58.6380005        -2.67577016E-10
   58.8185005        -2.86525415E-10
   58.9990005        -3.02426612E-10
   59.1795006        -3.13379434E-10
   59.3600006        -3.18278875E-10
   59.5405006        -3.17064680E-10
   59.7210007        -3.10789172E-10
   59.9015007        -3.01505376E-10
   60.0820007        -2.91975860E-10
   60.2625008        -2.85240082E-10
   60.4430008        -2.84124113E-10
   60.6235008        -2.90758001E-10
   60.8040009        -3.06211501E-10
   60.9845009        -3.30280053E-10
   61.1650009        -3.61498192E-10
   61.3455009        -3.97354316E-10
   61.5260010        -4.34694336E-10
   61.7065010        -4.70214867E-10
   61.8870010        -5.00950781E-10
   62.0675011        -5.24710997E-10
   62.2480011        -5.40349210E-10
   62.4285011        -5.47837109E-10
   62.6090012        -5.48139978E-10
   62.7895012        -5.42905387E-10
   62.9700012        -5.34062183E-10
   63.1505013        -5.23373733E-10
   63.3310013        -5.12092924E-10
   63.5115013        -5.00773367E-10
   63.6920013        -4.89271679E-10
   63.8725014        -4.76941486E-10
   64.0530014        -4.62922589E-10
   64.2334976        -4.46477355E-10
   64.4140015        -4.27241131E-10
   64.5944977        -4.05330519E-10
   64.7750015        -3.81307846E-10
   64.9554977        -3.56000396E-10
   65.1360016        -3.30226319E-10
   65.3164978        -3.04546610E-10
   65.4970016        -2.79061441E-10
   65.6774979        -2.53333521E-10
   65.8580017        -2.26476185E-10
   66.0384979        -1.97359060E-10
   66.2190018        -1.64855671E-10
   66.3994980        -1.28143302E-10
   66.5800018        -8.68804542E-11
   66.7604980        -4.13065693E-11
   66.9410019         7.79602338E-12
   67.1214981         5.92367613E-11
   67.3020020         1.11643569E-10
   67.4824982         1.63660266E-10
   67.6630020         2.14132365E-10
   67.8434982         2.62206118E-10
   68.0240021         3.07343428E-10
   68.2044983         3.49235196E-10
   68.3850021         3.87659127E-10
   68.5654984         4.22307328E-10
   68.7460022         4.52641119E-10
   68.9264984         4.77903994E-10
   69.1070023         4.97176744E-10
   69.2874985         5.09612130E-10
   69.4680023         5.14709941E-10
   69.6484985         5.12639098E-10
   69.8290024         5.04373043E-10
   70.0094986         4.91725827E-10
   70.1900024         4.77120621E-10
   70.3704987         4.63202199E-10
   70.5510025         4.52329368E-10
   70.7314987         4.46086446E-10
   70.9120026         4.44923737E-10
   71.0924988         4.48050513E-10
   71.2730026         4.53599269E-10
   71.4534988         4.59065536E-10
   71.6340027         4.61897270E-10
   71.8144989         4.60157051E-10
   71.9950027         4.53023924E-10
   72.1754990         4.41050613E-10
   72.3560028         4.26102487E-10
   72.5364990         4.10961765E-10
   72.7170029         3.98721473E-10
   72.8974991         3.92077010E-10
   73.0780029         3.92708005E-10
   73.2584991         4.00859707E-10
   73.4390030         4.15251833E-10
   73.6194992         4.33286435E-10
   73.8000031         4.51579385E-10
   73.9804993         4.66615468E-10
   74.1610031         4.75438688E-10
   74.3414993         4.76211293E-10
   74.5220032         4.68513617E-10
   74.7024994         4.53320936E-10
   74.8830032         4.32712977E-10
   75.0634995         4.09347389E-10
   75.2440033         3.85879884E-10
   75.4244995         3.64433539E-10
   75.6050034         3.46227297E-10
   75.7854996         3.31487476E-10
   75.9660034         3.19526822E-10
   76.1464996         3.09056170E-10
   76.3270035         2.98565173E-10
   76.5074997         2.86701163E-10
   76.6880035         2.72580070E-10
   76.8684998         2.55927363E-10
   77.0490036         2.37114550E-10
   77.2294998         2.17018889E-10
   77.4100037         1.96811165E-10
   77.5904999         1.77713788E-10
   77.7710037         1.60776850E-10
   77.9514999         1.46726784E-10
   78.1320038         1.35880113E-10
   78.3125000         1.28174693E-10
   78.4929962         1.23251950E-10
   78.6735001         1.20582350E-10
   78.8539963         1.19624033E-10
   79.0345001         1.19938351E-10
   79.2149963         1.21261362E-10
   79.3955002         1.23516822E-10
   79.5759964         1.26752650E-10
   79.7565002         1.31058581E-10
   79.9369965         1.36455375E-10
   80.1175003         1.42794707E-10
   80.2979965         1.49757484E-10
   80.4785004         1.56839056E-10
   80.6589966         1.63427383E-10
   80.8395004         1.68857581E-10
   81.0199966         1.72465917E-10
   81.2005005         1.73609419E-10
   81.3809967         1.71657952E-10
   81.5615005         1.65974220E-10
   81.7419968         1.55919527E-10
   81.9225006         1.40905426E-10
   82.1029968         1.20490964E-10
   82.2835007         9.45171996E-11
   82.4639969         6.32237249E-11
   82.6445007         2.73310055E-11
   82.8249969        -1.19887754E-11
   83.0055008        -5.32195954E-11
   83.1859970        -9.47273995E-11
   83.3665009        -1.35010336E-10
   83.5469971        -1.72935138E-10
   83.7275009        -2.07909287E-10
   83.9079971        -2.39900516E-10
   84.0885010        -2.69350237E-10
   84.2689972        -2.96983993E-10
   84.4495010        -3.23559318E-10
   84.6299973        -3.49634821E-10
   84.8105011        -3.75423109E-10
   84.9909973        -4.00736361E-10
   85.1715012        -4.25048496E-10
   85.3519974        -4.47645476E-10
   85.5325012        -4.67793249E-10
   85.7129974        -4.84904894E-10
   85.8935013        -4.98619923E-10
   86.0739975        -5.08797338E-10
   86.2545013        -5.15408827E-10
   86.4349976        -5.18378673E-10
   86.6155014        -5.17411836E-10
   86.7959976        -5.11875431E-10
   86.9765015        -5.00786690E-10
   87.1569977        -4.82932860E-10
   87.3375015        -4.57083787E-10
   87.5179977        -4.22296920E-10
   87.6985016        -3.78194059E-10
   87.8789978        -3.25163424E-10
   88.0595016        -2.64407052E-10
   88.2399979        -1.97813071E-10
   88.4205017        -1.27668778E-10
   88.6009979        -5.62612595E-11
   88.7815018         1.45086955E-11
   88.9619980         8.34324138E-11
   89.1425018         1.50127064E-10
   89.3229980         2.14936791E-10
   89.5035019         2.78665674E-10
   89.6839981         3.42161410E-10
   89.8645020         4.05902700E-10
   90.0449982         4.69653594E-10
   90.2255020         5.32326072E-10
   90.4059982         5.92045746E-10
   90.5865021         6.46440068E-10
   90.7669983         6.93082536E-10
   90.9475021         7.29989680E-10
   91.1279984         7.56061602E-10
   91.3085022         7.71348596E-10
   91.4889984         7.77088782E-10
   91.6695023         7.75496778E-10
   91.8499985         7.69343200E-10
   92.0305023         7.61397889E-10
   92.2109985         7.53873908E-10
   92.3915024         7.47981121E-10
   92.5719986         7.43680728E-10
   92.7525024         7.39704409E-10
   92.9329987         7.33823557E-10
   93.1135025         7.23345273E-10
   93.2939987         7.05698722E-10
   93.4745026         6.79028778E-10
   93.6549988         6.42652875E-10
   93.8355026         5.97276173E-10
   94.0159988         5.44938705E-10
   94.1965027         4.88688534E-10
   94.3769989         4.32041514E-10
   94.5575027         3.78368420E-10
   94.7379990         3.30349526E-10
   94.9185028         2.89590879E-10
   95.0989990         2.56520222E-10
   95.2795029         2.30563013E-10
   95.4599991         2.10529691E-10
   95.6405029         1.95132646E-10
   95.8209991         1.83455723E-10
   96.0015030         1.75263540E-10
   96.1819992         1.71042722E-10
   96.3625031         1.71776995E-10
   96.5429993         1.78490070E-10
   96.7235031         1.91721389E-10
   96.9039993         2.11097390E-10
   97.0845032         2.35121422E-10
   97.2649994         2.61304645E-10
   97.4455032         2.86592999E-10
   97.6259995         3.07998016E-10
   97.8065033         3.23238686E-10
   97.9869995         3.31205674E-10
   98.1675034         3.32119388E-10
   98.3479996         3.27301103E-10
   98.5285034         3.18634896E-10
   98.7089996         3.07863901E-10
   98.8895035         2.95929586E-10
   99.0699997         2.82556284E-10
   99.2505035         2.66216493E-10
   99.4309998         2.44509746E-10
   99.6115036         2.14852636E-10
   99.7919998         1.75320689E-10
   99.9725037         1.25380192E-10
   100.153000         6.63251815E-11
   100.333504         1.26529212E-12
   100.514000        -6.53525012E-11
   100.694504        -1.28571015E-10
   100.875000        -1.83930926E-10
   101.055496        -2.28396524E-10
   101.236000        -2.60991700E-10
   101.416496        -2.82990104E-10
   101.597000        -2.97593256E-10
   101.777496        -3.09206799E-10
   101.958000        -3.22428917E-10
   102.138496        -3.41027151E-10
   102.319000        -3.67116670E-10
   102.499496        -4.00753181E-10
   102.680000        -4.40015191E-10
   102.860497        -4.81576556E-10
   103.041000        -5.21594323E-10
   103.221497        -5.56698021E-10
   103.402000        -5.84824300E-10
   103.582497        -6.05685169E-10
   103.763000        -6.20778928E-10
   103.943497        -6.32945307E-10
   104.124001        -6.45606457E-10
   104.304497        -6.61931010E-10
   104.485001        -6.84095447E-10
   104.665497        -7.12874149E-10
   104.846001        -7.47592821E-10
   105.026497        -7.86437582E-10
   105.207001        -8.27002689E-10
   105.387497        -8.66878236E-10
   105.568001        -9.04133712E-10
   105.748497        -9.37588562E-10
   105.929001        -9.66835612E-10
   106.109497        -9.92082083E-10
   106.290001        -1.01390074E-09
   106.470497        -1.03299780E-09
   106.651001        -1.05005948E-09
   106.831497        -1.06569309E-09
   107.012001        -1.08041076E-09
   107.192497        -1.09462428E-09
   107.373001        -1.10857756E-09
   107.553497        -1.12223597E-09
   107.734001        -1.13514975E-09
   107.914497        -1.14637100E-09
   108.095001        -1.15447685E-09
   108.275497        -1.15773913E-09
   108.456001        -1.15443488E-09
   108.636497        -1.14321663E-09
   108.817001        -1.12347187E-09
   108.997498        -1.09554121E-09
   109.178001        -1.06072362E-09
   109.358498        -1.02105369E-09
   109.539001        -9.78864878E-10
   109.719498        -9.36272948E-10
   109.900002        -8.94668784E-10
   110.080498        -8.54393889E-10
   110.261002        -8.14668943E-10
   110.441498        -7.73805964E-10
   110.622002        -7.29664440E-10
   110.802498        -6.80249468E-10
   110.983002        -6.24302332E-10
   111.163498        -5.61734159E-10
   111.344002        -4.93819818E-10
   111.524498        -4.23033691E-10
   111.705002        -3.52630286E-10
   111.885498        -2.85998503E-10
   112.066002        -2.25971450E-10
   112.246498        -1.74280076E-10
   112.427002        -1.31275185E-10
   112.607498        -9.59991323E-11
   112.788002        -6.66015437E-11
   112.968498        -4.09996516E-11
   113.149002        -1.75430729E-11
   113.329498         4.40088764E-12
   113.510002         2.42299566E-11
   113.690498         4.02327546E-11
   113.871002         5.00726058E-11
   114.051498         5.15024481E-11
   114.232002         4.30958672E-11
   114.412498         2.47894344E-11
   114.593002        -1.83693924E-12
   114.773499        -3.37085568E-11
   114.954002        -6.67232936E-11
   115.134499        -9.64254995E-11
   115.315002        -1.18726168E-10
   115.495499        -1.30464112E-10
   115.676003        -1.29749322E-10
   115.856499        -1.16014878E-10
   116.037003        -8.98452840E-11
   116.217499        -5.26557686E-11
   116.398003        -6.33957036E-12
   116.578499         4.70015346E-11
   116.759003         1.05260897E-10
   116.939499         1.66420197E-10
   117.120003         2.28618929E-10
   117.300499         2.90169277E-10
   117.481003         3.49616447E-10
   117.661499         4.05810163E-10
   117.842003         4.57950428E-10
   118.022499         5.05573805E-10
   118.203003         5.48518286E-10
   118.383499         5.86719673E-10
   118.564003         6.20026697E-10
   118.744499         6.47971676E-10
   118.925003         6.69641897E-10
   119.105499         6.83697321E-10
   119.286003         6.88534396E-10
   119.466499         6.82640944E-10
   119.647003         6.64988287E-10
   119.827499         6.35383357E-10
   120.008003         5.94720717E-10
   120.188499         5.44976064E-10
   120.369003         4.88997287E-10
   120.549500         4.30058739E-10
   120.730003         3.71338016E-10
   120.910500         3.15422549E-10
   121.091003         2.63905398E-10
   121.271500         2.17279819E-10
   121.452003         1.75110274E-10
   121.632500         1.36372899E-10
   121.813004         1.00006732E-10
   121.993500         6.53855858E-11
   122.174004         3.26602217E-11
   122.354500         2.82982275E-12
   122.535004        -2.24608960E-11
   122.715500        -4.13497153E-11
   122.896004        -5.22609837E-11
   123.076500        -5.43582540E-11
   123.257004        -4.77490825E-11
   123.437500        -3.34600576E-11
   123.617996        -1.30894410E-11
   123.798500         1.16597270E-11
   123.978996         3.94553973E-11
   124.159500         6.96778399E-11
   124.339996         1.02407867E-10
   124.520500         1.38150116E-10
   124.700996         1.77280399E-10
   124.881500         2.19447308E-10
   125.061996         2.63097266E-10
   125.242500         3.05403119E-10
   125.422997         3.42607914E-10
   125.603500         3.70777520E-10
   125.783997         3.86835092E-10
   125.964500         3.89490745E-10
   126.144997         3.79881987E-10
   126.325500         3.61635721E-10
   126.505997         3.40271727E-10
   126.686501         3.22086746E-10
   126.866997         3.12715298E-10
   127.047501         3.15806353E-10
   127.227997         3.32086914E-10
   127.408501         3.59134750E-10
   127.588997         3.91926047E-10
   127.769501         4.24047436E-10
   127.949997         4.49266957E-10
   128.130493         4.63051097E-10
   128.311005         4.63666300E-10
   128.491501         4.52547527E-10
   128.671997         4.33873409E-10
   128.852493         4.13447332E-10
   129.033005         3.97195332E-10
   129.213501         3.89678484E-10
   129.393997         3.92959443E-10
   129.574493         4.06121359E-10
   129.755005         4.25562141E-10
   129.935501         4.45901843E-10
   130.115997         4.61349264E-10
   130.296494         4.67145267E-10
   130.477005         4.60739891E-10
   130.657501         4.42451936E-10
   130.837997         4.15430607E-10
   131.018494         3.84978271E-10
   131.199005         3.57387508E-10
   131.379501         3.38602091E-10
   131.559998         3.32978534E-10
   131.740494         3.42433693E-10
   131.921005         3.66143005E-10
   132.101501         4.00790595E-10
   132.281998         4.41313097E-10
   132.462494         4.81925777E-10
   132.643005         5.17151488E-10
   132.823502         5.42735412E-10
   133.003998         5.56169610E-10
   133.184494         5.56888036E-10
   133.365005         5.46092227E-10
   133.545502         5.26348132E-10
   133.725998         5.01109598E-10
   133.906494         4.74216555E-10
   134.087006         4.49500215E-10
   134.267502         4.30414426E-10
   134.447998         4.19712015E-10
   134.628494         4.19102891E-10
   134.809006         4.28934860E-10
   134.989502         4.47952592E-10
   135.169998         4.73238615E-10
   135.350494         5.00449515E-10
   135.531006         5.24365107E-10
   135.711502         5.39737421E-10
   135.891998         5.42266620E-10
   136.072495         5.29502719E-10
   136.253006         5.01469088E-10
   136.433502         4.60796651E-10
   136.613998         4.12295670E-10
   136.794495         3.62066321E-10
   136.975006         3.16263044E-10
   137.155502         2.79839790E-10
   137.335999         2.55553106E-10
   137.516495         2.43448345E-10
   137.697006         2.40971770E-10
   137.877502         2.43664172E-10
   138.057999         2.46256959E-10
   138.238495         2.43936232E-10
   138.419006         2.33468744E-10
   138.599503         2.13958920E-10
   138.779999         1.87072580E-10
   138.960495         1.56702734E-10
   139.141006         1.28142691E-10
   139.321503         1.06958720E-10
   139.501999         9.77915804E-11
   139.682495         1.03370625E-10
   139.863007         1.23919527E-10
   140.043503         1.57129809E-10
   140.223999         1.98674743E-10
   140.404495         2.43151416E-10
   140.585007         2.85217877E-10
   140.765503         3.20657584E-10
   140.945999         3.47158330E-10
   141.126495         3.64582253E-10
   141.307007         3.74734216E-10
   141.487503         3.80729281E-10
   141.667999         3.86072369E-10
   141.848495         3.93783200E-10
   142.029007         4.05705358E-10
   142.209503         4.22230223E-10
   142.389999         4.42397674E-10
   142.570496         4.64357414E-10
   142.751007         4.85983587E-10
   142.931503         5.05469611E-10
   143.112000         5.21712840E-10
   143.292496         5.34429778E-10
   143.473007         5.43953993E-10
   143.653503         5.50894386E-10
   143.834000         5.55768154E-10
   144.014496         5.58731228E-10
   144.195007         5.59531810E-10
   144.375504         5.57664248E-10
   144.556000         5.52698942E-10
   144.736496         5.44613521E-10
   144.917007         5.34076117E-10
   145.097504         5.22464183E-10
   145.278000         5.11693687E-10
   145.458496         5.03761255E-10
   145.639008         5.00200603E-10
   145.819504         5.01525987E-10
   146.000000         5.06872377E-10
   146.180496         5.13966092E-10
   146.360992         5.19451038E-10
   146.541504         5.19549403E-10
   146.722000         5.10891052E-10
   146.902496         4.91363061E-10
   147.082993         4.60726346E-10
   147.263504         4.20835172E-10
   147.444000         3.75401238E-10
   147.624496         3.29292954E-10
   147.804993         2.87529667E-10
   147.985504         2.54154642E-10
   148.166000         2.31277011E-10
   148.346497         2.18512528E-10
   148.526993         2.12926177E-10
   148.707504         2.09613410E-10
   148.888000         2.02700343E-10
   149.068497         1.86629018E-10
   149.248993         1.57376071E-10
   149.429504         1.13387466E-10
   149.610001         5.59999998E-11
   149.790497        -1.07321712E-11
   149.970993        -8.07566999E-11
   150.151505        -1.47096030E-10
   150.332001        -2.03091821E-10
   150.512497        -2.43543880E-10
   150.692993        -2.65511196E-10
   150.873505        -2.68692651E-10
   151.054001        -2.55288235E-10
   151.234497        -2.29469638E-10
   151.414993        -1.96538688E-10
   151.595505        -1.62036828E-10
   151.776001        -1.30890090E-10
   151.956497        -1.06758852E-10
   152.136993        -9.16813223E-11
   152.317505        -8.60086932E-11
   152.498001        -8.85972129E-11
   152.678497        -9.72263936E-11
   152.858994        -1.09173615E-10
   153.039505        -1.21805607E-10
   153.220001        -1.33169434E-10
   153.400497        -1.42421408E-10
   153.580994        -1.50057342E-10
   153.761505        -1.57873187E-10
   153.942001        -1.68664416E-10
   154.122498        -1.85715734E-10
   154.302994        -2.12158832E-10
   154.483505        -2.50320431E-10
   154.664001        -3.01192626E-10
   154.844498        -3.64121150E-10
   155.024994        -4.36788189E-10
   155.205505        -5.15506693E-10
   155.386002        -5.95767435E-10
   155.566498        -6.72948086E-10
   155.746994        -7.43031636E-10
   155.927505        -8.03214995E-10
   156.108002        -8.52277637E-10
   156.288498        -8.90660823E-10
   156.468994        -9.20234167E-10
   156.649506        -9.43819800E-10
   156.830002        -9.64535452E-10
   157.010498        -9.85101556E-10
   157.190994        -1.00725062E-09
   157.371506        -1.03133468E-09
   157.552002        -1.05626252E-09
   157.732498        -1.07978859E-09
   157.912994        -1.09906428E-09
   158.093506        -1.11142318E-09
   158.274002        -1.11513243E-09
   158.454498        -1.10999532E-09
   158.634995        -1.09760068E-09
   158.815506        -1.08115816E-09
   158.996002        -1.06496001E-09
   159.176498        -1.05355846E-09
   159.356995        -1.05087150E-09
   159.537506        -1.05944808E-09
   159.718002        -1.08006493E-09
   159.898499        -1.11171583E-09
   160.078995        -1.15206256E-09
   160.259506        -1.19814692E-09
   160.440002        -1.24718724E-09
   160.620499        -1.29724920E-09
   160.800995        -1.34757494E-09
   160.981506        -1.39855394E-09
   161.162003        -1.45130885E-09
   161.342499        -1.50705559E-09
   161.522995        -1.56646129E-09
   161.703506        -1.62914904E-09
   161.884003        -1.69354319E-09
   162.064499        -1.75703996E-09
   162.244995        -1.81655069E-09
   162.425507        -1.86914795E-09
   162.606003        -1.91279304E-09
   162.786499        -1.94680694E-09
   162.966995        -1.97204408E-09
   163.147507        -1.99062877E-09
   163.328003        -2.00538675E-09
   163.508499        -2.01902628E-09
   163.688995        -2.03331174E-09
   163.869507        -2.04843764E-09
   164.050003        -2.06278461E-09
   164.230499        -2.07309991E-09
   164.410995        -2.07508144E-09
   164.591507        -2.06431516E-09
   164.772003        -2.03724659E-09
   164.952499        -1.99203010E-09
   165.132996        -1.92902139E-09
   165.313507        -1.85081139E-09
   165.494003        -1.76178050E-09
   165.674500        -1.66723946E-09
   165.854996        -1.57243618E-09
   166.035507        -1.48157719E-09
   166.216003        -1.39714051E-09
   166.396500        -1.31962119E-09
   166.576996        -1.24770028E-09
   166.757507        -1.17885468E-09
   166.938004        -1.11009180E-09
   167.118500        -1.03876363E-09
   167.298996        -9.63204072E-10
   167.479507        -8.83087103E-10
   167.660004        -7.99454114E-10
   167.840500        -7.14444837E-10
   168.020996        -6.30825447E-10
   168.201508        -5.51434731E-10
   168.382004        -4.78652729E-10
   168.562500        -4.14022677E-10
   168.742996        -3.58037489E-10
   168.923492        -3.10106218E-10
   169.104004        -2.68699424E-10
   169.284500        -2.31598601E-10
   169.464996        -1.96192215E-10
   169.645493        -1.59834312E-10
   169.826004        -1.20138288E-10
   170.006500        -7.52519852E-11
   170.186996        -2.40691911E-11
   170.367493         3.36987521E-11
   170.548004         9.75409822E-11
   170.728500         1.66294964E-10
   170.908997         2.38362691E-10
   171.089493         3.11977638E-10
   171.270004         3.85478677E-10
   171.450500         4.57536176E-10
   171.630997         5.27287769E-10
   171.811493         5.94382599E-10
   171.992004         6.58936072E-10
   172.172501         7.21377735E-10
   172.352997         7.82258036E-10
   172.533493         8.42039771E-10
   172.714005         9.00936548E-10
   172.894501         9.58824020E-10
   173.074997         1.01525610E-09
   173.255493         1.06959375E-09
   173.436005         1.12119269E-09
   173.616501         1.16961840E-09
   173.796997         1.21481825E-09
   173.977493         1.25720712E-09
   174.158005         1.29763700E-09
   174.338501         1.33723488E-09
   174.518997         1.37712819E-09
   174.699493         1.41812495E-09
   174.880005         1.46042012E-09
   175.060501         1.50340085E-09
   175.240997         1.54564872E-09
   175.421494         1.58513402E-09
   175.602005         1.61958391E-09
   175.782501         1.64696556E-09
   175.962997         1.66595227E-09
   176.143494         1.67626224E-09
   176.324005         1.67880954E-09
   176.504501         1.67558667E-09
   176.684998         1.66933423E-09
   176.865494         1.66303427E-09
   177.046005         1.65934511E-09
   177.226501         1.66010727E-09
   177.406998         1.66600878E-09
   177.587494         1.67652847E-09
   177.768005         1.69015391E-09
   177.948502         1.70482894E-09
   178.128998         1.71853765E-09
   178.309494         1.72985026E-09
   178.490005         1.73831394E-09
   178.670502         1.74456205E-09
   178.850998         1.75011883E-09
   179.031494         1.75693993E-09
   179.212006         1.76680548E-09
   179.392502         1.78073489E-09
   179.572998         1.79855530E-09
   179.753494         1.81882254E-09
   179.934006         1.83906945E-09
   180.114502         1.85645110E-09
   180.294998         1.86856886E-09
   180.475494         1.87428117E-09
   180.656006         1.87424454E-09
   180.836502         1.87102733E-09
   181.016998         1.86866589E-09
   181.197495         1.87175675E-09
   181.378006         1.88425586E-09
   181.558502         1.90832083E-09
   181.738998         1.94345962E-09
   181.919495         1.98626271E-09
   182.100006         2.03081552E-09
   182.280502         2.06972106E-09
   182.460999         2.09555617E-09
   182.641495         2.10240980E-09
   182.822006         2.08712692E-09
   183.002502         2.04999062E-09
   183.182999         1.99462780E-09
   183.363495         1.92717220E-09
   183.544006         1.85498372E-09
   183.724503         1.78504178E-09
   183.904999         1.72266323E-09
   184.085495         1.67052627E-09
   184.266006         1.62844604E-09
   184.446503         1.59365710E-09
   184.626999         1.56167868E-09
   184.807495         1.52736512E-09
   184.988007         1.48599166E-09
   185.168503         1.43414591E-09
   185.348999         1.37025924E-09
   185.529495         1.29470534E-09
   185.710007         1.20953880E-09
   185.890503         1.11795206E-09
   186.070999         1.02357178E-09
   186.251495         9.29748611E-10
   186.432007         8.38915992E-10
   186.612503         7.52199414E-10
   186.792999         6.69179157E-10
   186.973495         5.88019244E-10
   187.154007         5.05791964E-10
   187.334503         4.19042967E-10
   187.514999         3.24526295E-10
   187.695496         2.19939233E-10
   187.876007         1.04542444E-10
   188.056503        -2.04927932E-11
   188.237000        -1.52133223E-10
   188.417496        -2.85892365E-10
   188.598007        -4.16620904E-10
   188.778503        -5.39417400E-10
   188.959000        -6.50602683E-10
   189.139496        -7.48424767E-10
   189.320007        -8.33446367E-10
   189.500504        -9.08433384E-10
   189.681000        -9.77817050E-10
   189.861496        -1.04676545E-09
   190.042007        -1.12003129E-09
   190.222504        -1.20090038E-09
   190.403000        -1.29040545E-09
   190.583496        -1.38705269E-09
   190.764008        -1.48711687E-09
   190.944504        -1.58549640E-09
   191.125000        -1.67687308E-09
   191.305496        -1.75697823E-09
   191.485992        -1.82354420E-09
   191.666504        -1.87684424E-09
   191.847000        -1.91956162E-09
   192.027496        -1.95605576E-09
   192.207993        -1.99123984E-09
   192.388504        -2.02930051E-09
   192.569000        -2.07262052E-09
   192.749496        -2.12120010E-09
   192.929993        -2.17277507E-09
   193.110504        -2.22347074E-09
   193.291000        -2.26893948E-09
   193.471497        -2.30553243E-09
   193.651993        -2.33126030E-09
   193.832504        -2.34619679E-09
   194.013000        -2.35231501E-09
   194.193497        -2.35275910E-09
   194.373993        -2.35093234E-09
   194.554504        -2.34949193E-09
   194.735001        -2.34970154E-09
   194.915497        -2.35122788E-09
   195.095993        -2.35238251E-09
   195.276505        -2.35075692E-09
   195.457001        -2.34402342E-09
   195.637497        -2.33061992E-09
   195.817993        -2.31016029E-09
   195.998505        -2.28341990E-09
   196.179001        -2.25201302E-09
   196.359497        -2.21777041E-09
   196.539993        -2.18219176E-09
   196.720505        -2.14599361E-09
   196.901001        -2.10905382E-09
   197.081497        -2.07064987E-09
   197.261993        -2.02987138E-09
   197.442505        -1.98614303E-09
   197.623001        -1.93962979E-09
   197.803497        -1.89130600E-09
   197.983994        -1.84280335E-09
   198.164505        -1.79597948E-09
   198.345001        -1.75233883E-09
   198.525497        -1.71254688E-09
   198.705994        -1.67607439E-09
   198.886505        -1.64125735E-09
   199.067001        -1.60562386E-09
   199.247498        -1.56650826E-09
   199.427994        -1.52174751E-09
   199.608505        -1.47028600E-09
   199.789001        -1.41244316E-09
   199.969498        -1.34986333E-09
   200.149994        -1.28512245E-09
   200.330505        -1.22108501E-09
   200.511002        -1.16026333E-09
   200.691498        -1.10426912E-09
   200.871994        -1.05360298E-09
   201.052505        -1.00766284E-09
   201.233002        -9.64999414E-10
   201.413498        -9.23790544E-10
   201.593994        -8.82240170E-10
   201.774506        -8.38956848E-10
   201.955002        -7.93033028E-10
   202.135498        -7.43949957E-10
   202.315994        -6.91341928E-10
   202.496506        -6.34715613E-10
   202.677002        -5.73272818E-10
   202.857498        -5.05981923E-10
   203.037994        -4.31825437E-10
   203.218506        -3.50198148E-10
   203.399002        -2.61292959E-10
   203.579498        -1.66288885E-10
   203.759995        -6.72512671E-11
   203.940506         3.32210440E-11
   204.121002         1.32619277E-10
   204.301498         2.29230787E-10
   204.481995         3.22603860E-10
   204.662506         4.13785478E-10
   204.843002         5.05057773E-10
   205.023499         5.99267191E-10
   205.203995         6.98874070E-10
   205.384506         8.04999567E-10
   205.565002         9.16719312E-10
   205.745499         1.03083797E-09
   205.925995         1.14238896E-09
   206.106506         1.24555566E-09
   206.287003         1.33500044E-09
   206.467499         1.40708478E-09
   206.647995         1.46079704E-09
   206.828506         1.49801604E-09
   207.009003         1.52310164E-09
   207.189499         1.54192770E-09
   207.369995         1.56053359E-09
   207.550507         1.58373981E-09
   207.731003         1.61410851E-09
   207.911499         1.65137870E-09
   208.091995         1.69262049E-09
   208.272507         1.73298365E-09
   208.453003         1.76689896E-09
   208.633499         1.78941584E-09
   208.813995         1.79735349E-09
   208.994507         1.78999082E-09
   209.175003         1.76915937E-09
   209.355499         1.73873416E-09
   209.535995         1.70362879E-09
   209.716507         1.66858571E-09
   209.897003         1.63704428E-09
   210.077499         1.61034108E-09
   210.257996         1.58741242E-09
   210.438507         1.56510693E-09
   210.619003         1.53902324E-09
   210.799500         1.50465207E-09
   210.979996         1.45856827E-09
   211.160507         1.39934397E-09
   211.341003         1.32796674E-09
   211.521500         1.24769117E-09
   211.701996         1.16334331E-09
   211.882507         1.08032150E-09
   212.063004         1.00352604E-09
   212.243500         9.36466127E-10
   212.423996         8.80711781E-10
   212.604507         8.35751968E-10
   212.785004         7.99233291E-10
   212.965500         7.67477637E-10
   213.145996         7.36138484E-10
   213.326508         7.00882297E-10
   213.507004         6.57978616E-10
   213.687500         6.04726158E-10
   213.867996         5.39702394E-10
   214.048492         4.62828886E-10
   214.229004         3.75267845E-10
   214.409500         2.79206658E-10
   214.589996         1.77486942E-10
   214.770493         7.31671113E-11
   214.951004        -3.09962507E-11
   215.131500        -1.33041175E-10
   215.311996        -2.32177583E-10
   215.492493        -3.28981453E-10
   215.673004        -4.25242841E-10
   215.853500        -5.23583732E-10
   216.033997        -6.26781516E-10
   216.214493        -7.37058414E-10
   216.395004        -8.55378768E-10
   216.575500        -9.81033699E-10
   216.755997        -1.11148246E-09
   216.936493        -1.24262001E-09
   217.117004        -1.36936240E-09
   217.297501        -1.48648382E-09
   217.477997        -1.58953328E-09
   217.658493        -1.67566017E-09
   217.839005        -1.74414139E-09
   218.019501        -1.79648285E-09
   218.199997        -1.83606885E-09
   218.380493        -1.86741045E-09
   218.561005        -1.89521598E-09
   218.741501        -1.92346250E-09
   218.921997        -1.95470262E-09
   219.102493        -1.98974748E-09
   219.283005        -2.02775885E-09
   219.463501        -2.06668704E-09
   219.643997        -2.10394124E-09
   219.824493        -2.13707385E-09
   220.005005        -2.16434426E-09
   220.185501        -2.18497176E-09
   220.365997        -2.19911644E-09
   220.546494        -2.20752172E-09
   220.727005        -2.21104934E-09
   220.907501        -2.21020358E-09
   221.087997        -2.20483320E-09
   221.268494        -2.19412399E-09
   221.449005        -2.17684759E-09
   221.629501        -2.15181517E-09
   221.809998        -2.11837747E-09
   221.990494        -2.07680828E-09
   222.171005        -2.02847139E-09
   222.351501        -1.97569916E-09
   222.531998        -1.92139127E-09
   222.712494        -1.86841742E-09
   222.893005        -1.81895377E-09
   223.073502        -1.77393633E-09
   223.253998        -1.73274617E-09
   223.434494        -1.69331860E-09
   223.615005        -1.65260683E-09
   223.795502        -1.60740732E-09
   223.975998        -1.55524515E-09
   224.156494        -1.49514934E-09
   224.337006        -1.42803791E-09
   224.517502        -1.35658951E-09
   224.697998        -1.28462352E-09
   224.878494        -1.21609067E-09
   225.059006        -1.15393195E-09
   225.239502        -1.09913822E-09
   225.419998        -1.05021625E-09
   225.600494        -1.00327258E-09
   225.781006        -9.52723789E-10
   225.961502        -8.92512009E-10
   226.141998        -8.17516721E-10
   226.322495        -7.24857119E-10
   226.503006        -6.14719220E-10
   226.683502        -4.90493146E-10
   226.863998        -3.58139407E-10
   227.044495        -2.24984559E-10
   227.225006        -9.81126291E-11
   227.405502         1.71742100E-11
   227.585999         1.18546964E-10
   227.766495         2.07203449E-10
   227.947006         2.87690122E-10
   228.127502         3.66981945E-10
   228.307999         4.53042714E-10
   228.488495         5.53139201E-10
   228.669006         6.72288170E-10
   228.849503         8.12168666E-10
   229.029999         9.70737157E-10
   229.210495         1.14265553E-09
   229.391006         1.32045685E-09
   229.571503         1.49615187E-09
   229.751999         1.66286973E-09
   229.932495         1.81627469E-09
   230.113007         1.95533589E-09
   230.293503         2.08241024E-09
   230.473999         2.20254215E-09
   230.654495         2.32226705E-09
   230.835007         2.44813014E-09
   231.015503         2.58527622E-09
   231.195999         2.73638401E-09
   231.376495         2.90122903E-09
   231.557007         3.07686365E-09
   231.737503         3.25832472E-09
   231.917999         3.43972517E-09
   232.098495         3.61544994E-09
   232.279007         3.78112830E-09
   232.459503         3.93437327E-09
   232.639999         4.07497591E-09
   232.820496         4.20481960E-09
   233.001007         4.32729408E-09
   233.181503         4.44661330E-09
   233.362000         4.56697391E-09
   233.542496         4.69173767E-09
   233.723007         4.82281903E-09
   233.903503         4.96025443E-09
   234.084000         5.10217735E-09
   234.264496         5.24497556E-09
   234.445007         5.38383826E-09
   234.625504         5.51337109E-09
   234.806000         5.62837199E-09
   234.986496         5.72448577E-09
   235.167007         5.79890269E-09
   235.347504         5.85064885E-09
   235.528000         5.88085758E-09
   235.708496         5.89257576E-09
   235.889008         5.89034865E-09
   236.069504         5.87952664E-09
   236.250000         5.86547477E-09
   236.430496         5.85275250E-09
   236.610992         5.84441295E-09
   236.791504         5.84159165E-09
   236.972000         5.84347015E-09
   237.152496         5.84746518E-09
   237.332993         5.84986104E-09
   237.513504         5.84658766E-09
   237.694000         5.83400661E-09
   237.874496         5.80969628E-09
   238.054993         5.77285864E-09
   238.235504         5.72436498E-09
   238.416000         5.66658676E-09
   238.596497         5.60275337E-09
   238.776993         5.53623325E-09
   238.957504         5.46982060E-09
   239.138000         5.40517364E-09
   239.318497         5.34246691E-09
   239.498993         5.28031929E-09
   239.679504         5.21608579E-09
   239.860001         5.14629139E-09
   240.040497         5.06728748E-09
   240.220993         4.97590236E-09
   240.401505         4.87004659E-09
   240.582001         4.74907358E-09
   240.762497         4.61392657E-09
   240.942993         4.46694326E-09
   241.123505         4.31138991E-09
   241.304001         4.15077928E-09
   241.484497         3.98836431E-09
   241.664993         3.82641874E-09
   241.845505         3.66595909E-09
   242.026001         3.50663787E-09
   242.206497         3.34695915E-09
   242.386993         3.18469118E-09
   242.567505         3.01729597E-09
   242.748001         2.84254398E-09
   242.928497         2.65879940E-09
   243.108994         2.46523069E-09
   243.289505         2.26178454E-09
   243.470001         2.04916040E-09
   243.650497         1.82857740E-09
   243.830994         1.60176783E-09
   244.011505         1.37090361E-09
   244.192001         1.13868159E-09
   244.372498         9.08184639E-10
   244.552994         6.82810475E-10
   244.733505         4.66073069E-10
   244.914001         2.61157235E-10
   245.094498         7.06108574E-11
   245.274994        -1.04004513E-10
   245.455505        -2.62408761E-10
   245.636002        -4.05626810E-10
   245.816498        -5.35780420E-10
   245.996994        -6.55779819E-10
   246.177505        -7.68869746E-10
   246.358002        -8.77975415E-10
   246.538498        -9.85305837E-10
   246.718994        -1.09195297E-09
   246.899506        -1.19781018E-09
   247.080002        -1.30166344E-09
   247.260498        -1.40151735E-09
   247.440994        -1.49531643E-09
   247.621506        -1.58130220E-09
   247.802002        -1.65870628E-09
   247.982498        -1.72810488E-09
   248.162994        -1.79144499E-09
   248.343506        -1.85195914E-09
   248.524002        -1.91343097E-09
   248.704498        -1.97959604E-09
   248.884995        -2.05331685E-09
   249.065506        -2.13591278E-09
   249.246002        -2.22688912E-09
   249.426498        -2.32411757E-09
   249.606995        -2.42429832E-09
   249.787506        -2.52381560E-09
   249.968002        -2.61962230E-09
   250.148499        -2.70997358E-09
   250.328995        -2.79487056E-09
   250.509506        -2.87613999E-09
   250.690002        -2.95701996E-09
   250.870499        -3.04134651E-09
   251.050995        -3.13270876E-09
   251.231506        -3.23349747E-09
   251.412003        -3.34425776E-09
   251.592499        -3.46326390E-09
   251.772995        -3.58667540E-09
   251.953506        -3.70920961E-09
   252.134003        -3.82490883E-09
   252.314499        -3.92835409E-09
   252.494995        -4.01569666E-09
   252.675507        -4.08518153E-09
   252.856003        -4.13776391E-09
   253.036499        -4.17678914E-09
   253.216995        -4.20741486E-09
   253.397507        -4.23562430E-09
   253.578003        -4.26706448E-09
   253.758499        -4.30614522E-09
   253.938995        -4.35531078E-09
   254.119507        -4.41477166E-09
   254.300003        -4.48291759E-09
   254.480499        -4.55681626E-09
   254.660995        -4.63314764E-09
   254.841507        -4.70910599E-09
   255.022003        -4.78280215E-09
   255.202499        -4.85381957E-09
   255.382996        -4.92298913E-09
   255.563507        -4.99200148E-09
   255.744003        -5.06304687E-09
   255.924500        -5.13811260E-09
   256.105011        -5.21864818E-09
   256.285492        -5.30521183E-09
   256.466003        -5.39742739E-09
   256.646515        -5.49425971E-09
   256.826996        -5.59418245E-09
   257.007507        -5.69575764E-09
   257.187988        -5.79777959E-09
   257.368500        -5.89939253E-09
   257.549011        -6.00030159E-09
   257.729492        -6.10024919E-09
   257.910004        -6.19917584E-09
   258.090515        -6.29664410E-09
   258.270996        -6.39205666E-09
   258.451508        -6.48424203E-09
   258.631989        -6.57177557E-09
   258.812500        -6.65312117E-09
   258.993011        -6.72678890E-09
   259.173492        -6.79172452E-09
   259.354004        -6.84721746E-09
   259.534485        -6.89326418E-09
   259.714996        -6.93016000E-09
   259.895508        -6.95850311E-09
   260.075989        -6.97872959E-09
   260.256500        -6.99102465E-09
   260.437012        -6.99511915E-09
   260.617493        -6.99064895E-09
   260.798004        -6.97689684E-09
   260.978485        -6.95344848E-09
   261.158997        -6.92041491E-09
   261.339508        -6.87855062E-09
   261.519989        -6.82969103E-09
   261.700500        -6.77669698E-09
   261.881012        -6.72305633E-09
   262.061493        -6.67272815E-09
   262.242004        -6.62926203E-09
   262.422485        -6.59527100E-09
   262.602997        -6.57160903E-09
   262.783508        -6.55734222E-09
   262.963989        -6.54932153E-09
   263.144501        -6.54301768E-09
   263.325012        -6.53306120E-09
   263.505493        -6.51443743E-09
   263.686005        -6.48334053E-09
   263.866486        -6.43804521E-09
   264.046997        -6.37906084E-09
   264.227509        -6.30907993E-09
   264.407990        -6.23221075E-09
   264.588501        -6.15316376E-09
   264.769012        -6.07606099E-09
   264.949493        -6.00367045E-09
   265.130005        -5.93686700E-09
   265.310486        -5.87454174E-09
   265.490997        -5.81432058E-09
   265.671509        -5.75281867E-09
   265.851990        -5.68691760E-09
   266.032501        -5.61398750E-09
   266.213013        -5.53237633E-09
   266.393494        -5.44140910E-09
   266.574005        -5.34151390E-09
   266.754486        -5.23353316E-09
   266.934998        -5.11835507E-09
   267.115509        -4.99677721E-09
   267.295990        -4.86903806E-09
   267.476501        -4.73481521E-09
   267.657013        -4.59338123E-09
   267.837494        -4.44372938E-09
   268.018005        -4.28510916E-09
   268.198486        -4.11747436E-09
   268.378998        -3.94119937E-09
   268.559509        -3.75744102E-09
   268.739990        -3.56808361E-09
   268.920502        -3.37526473E-09
   269.101013        -3.18133142E-09
   269.281494        -2.98811198E-09
   269.462006        -2.79750267E-09
   269.642487        -2.61105915E-09
   269.822998        -2.43001352E-09
   270.003510        -2.25561636E-09
   270.183990        -2.08912332E-09
   270.364502        -1.93140393E-09
   270.545013        -1.78271098E-09
   270.725494        -1.64242375E-09
   270.906006        -1.50842205E-09
   271.086487        -1.37717526E-09
   271.266998        -1.24399180E-09
   271.447510        -1.10407627E-09
   271.627991        -9.53120138E-10
   271.808502        -7.88747068E-10
   271.989014        -6.11379336E-10
   272.169495        -4.24081381E-10
   272.350006        -2.32231151E-10
   272.530487        -4.25938972E-11
   272.710999         1.38576109E-10
   272.891510         3.06596165E-10
   273.071991         4.59736776E-10
   273.252502         5.99290784E-10
   273.433014         7.29990179E-10
   273.613495         8.57744542E-10
   273.794006         9.89198168E-10
   273.974487         1.12965215E-09
   274.154999         1.28209998E-09
   274.335510         1.44669277E-09
   274.515991         1.62123548E-09
   274.696503         1.80182702E-09
   274.877014         1.98433470E-09
   275.057495         2.16563634E-09
   275.238007         2.34437403E-09
   275.418488         2.52128940E-09
   275.598999         2.69937428E-09
   275.779510         2.88212587E-09
   275.959991         3.07358472E-09
   276.140503         3.27606808E-09
   276.321014         3.48994900E-09
   276.501495         3.71318487E-09
   276.682007         3.94128996E-09
   276.862488         4.16802193E-09
   277.042999         4.38674208E-09
   277.223511         4.59103555E-09
   277.403992         4.77631934E-09
   277.584503         4.93990227E-09
   277.765015         5.08153919E-09
   277.945496         5.20288035E-09
   278.126007         5.30773736E-09
   278.306488         5.40060796E-09
   278.487000         5.48664092E-09
   278.667511         5.57069324E-09
   278.847992         5.65724045E-09
   279.028503         5.74964654E-09
   279.209015         5.85047166E-09
   279.389496         5.96085759E-09
   279.570007         6.08110584E-09
   279.750488         6.21063778E-09
   279.931000         6.34810959E-09
   280.111511         6.49144916E-09
   280.291992         6.63844046E-09
   280.472504         6.78661882E-09
   280.653015         6.93350666E-09
   280.833496         7.07699455E-09
   281.014008         7.21489046E-09
   281.194489         7.34546068E-09
   281.375000         7.46721707E-09
   281.555511         7.57917107E-09
   281.735992         7.68093678E-09
   281.916504         7.77301512E-09
   282.096985         7.85672327E-09
   282.277496         7.93436339E-09
   282.458008         8.00884425E-09
   282.638489         8.08317768E-09
   282.819000         8.16009926E-09
   282.999512         8.24124324E-09
   283.179993         8.32659097E-09
   283.360504         8.41481995E-09
   283.540985         8.50311999E-09
   283.721497         8.58794547E-09
   283.902008         8.66561223E-09
   284.082489         8.73316175E-09
   284.263000         8.78903261E-09
   284.443512         8.83284201E-09
   284.623993         8.86566820E-09
   284.804504         8.88914897E-09
   284.984985         8.90446739E-09
   285.165497         8.91161456E-09
   285.346008         8.90879814E-09
   285.526489         8.89214480E-09
   285.707001         8.85639651E-09
   285.887512         8.79586004E-09
   286.067993         8.70580230E-09
   286.248505         8.58363780E-09
   286.428986         8.42990922E-09
   286.609497         8.24864976E-09
   286.790009         8.04689737E-09
   286.970490         7.83350629E-09
   287.151001         7.61755459E-09
   287.331512         7.40664685E-09
   287.511993         7.20543314E-09
   287.692505         7.01502589E-09
   287.872986         6.83332235E-09
   288.053497         6.65601663E-09
   288.234009         6.47808029E-09
   288.414490         6.29550989E-09
   288.595001         6.10653528E-09
   288.775513         5.91216676E-09
   288.955994         5.71598679E-09
   289.136505         5.52305490E-09
   289.316986         5.33868816E-09
   289.497498         5.16696064E-09
   289.678009         5.00982367E-09
   289.858490         4.86666174E-09
   290.039001         4.73462869E-09
   290.219513         4.60966021E-09
   290.399994         4.48760273E-09
   290.580505         4.36537961E-09
   290.760986         4.24149960E-09
   290.941498         4.11642143E-09
   291.122009         3.99169364E-09
   291.302490         3.86932575E-09
   291.483002         3.75045506E-09
   291.663513         3.63471919E-09
   291.843994         3.51970630E-09
   292.024506         3.40135164E-09
   292.204987         3.27458283E-09
   292.385498         3.13458104E-09
   292.566010         2.97801095E-09
   292.746490         2.80396484E-09
   292.927002         2.61426014E-09
   293.107513         2.41321230E-09
   293.287994         2.20658047E-09
   293.468506         2.00008787E-09
   293.648987         1.79803850E-09
   293.829498         1.60212488E-09
   294.010010         1.41112011E-09
   294.190491         1.22142174E-09
   294.371002         1.02825537E-09
   294.551514         8.27399649E-10
   294.731995         6.16534213E-10
   294.912506         3.96494143E-10
   295.092987         1.71266890E-10
   295.273499        -5.27312256E-11
   295.454010        -2.67837169E-10
   295.634491        -4.67340167E-10
   295.815002        -6.46770026E-10
   295.995514        -8.05158606E-10
   296.175995        -9.44858303E-10
   296.356506        -1.07092624E-09
   296.536987        -1.18942234E-09
   296.717499        -1.30559275E-09
   296.898010        -1.42257417E-09
   297.078491        -1.54053814E-09
   297.259003        -1.65645020E-09
   297.439514        -1.76540260E-09
   297.619995        -1.86223248E-09
   297.800507        -1.94265892E-09
   297.980988        -2.00530503E-09
   298.161499        -2.05224304E-09
   298.342010        -2.08893680E-09
   298.522491        -2.12338125E-09
   298.703003        -2.16445328E-09
   298.883514        -2.22014673E-09
   299.063995        -2.29579533E-09
   299.244507        -2.39290432E-09
   299.424988        -2.50874610E-09
   299.605499        -2.63693023E-09
   299.786011        -2.76897882E-09
   299.966492        -2.89595548E-09
   300.147003        -3.01034930E-09
   300.327515        -3.10737613E-09
   300.507996        -3.18566795E-09
   300.688507        -3.24696181E-09
   300.868988        -3.29531868E-09
   301.049500        -3.33540640E-09
   301.230011        -3.37176931E-09
   301.410492        -3.40708506E-09
   301.591003        -3.44204087E-09
   301.771515        -3.47575124E-09
   301.951996        -3.50611651E-09
   302.132507        -3.53115270E-09
   302.312988        -3.54956109E-09
   302.493500        -3.56153995E-09
   302.674011        -3.56832763E-09
   302.854492        -3.57180552E-09
   303.035004        -3.57361474E-09
   303.215515        -3.57452112E-09
   303.395996        -3.57375618E-09
   303.576508        -3.56941166E-09
   303.756989        -3.55854057E-09
   303.937500        -3.53837915E-09
   304.118011        -3.50719986E-09
   304.298492        -3.46511153E-09
   304.479004        -3.41460815E-09
   304.659485        -3.36008887E-09
   304.839996        -3.30741745E-09
   305.020508        -3.26261373E-09
   305.200989        -3.23067817E-09
   305.381500        -3.21436056E-09
   305.562012        -3.21381854E-09
   305.742493        -3.22663940E-09
   305.923004        -3.24843796E-09
   306.103485        -3.27399574E-09
   306.283997        -3.29841399E-09
   306.464508        -3.31819794E-09
   306.644989        -3.33180128E-09
   306.825500        -3.33959771E-09
   307.006012        -3.34330430E-09
   307.186493        -3.34493322E-09
   307.367004        -3.34587669E-09
   307.547485        -3.34587735E-09
   307.727997        -3.34262928E-09
   307.908508        -3.33222139E-09
   308.088989        -3.30994054E-09
   308.269501        -3.27142358E-09
