  -34.5000000         0.00000000    
  -34.3199997         0.00000000    
  -34.1399994         0.00000000    
  -33.9599991        -8.64667723E-28
  -33.7799988         6.10514364E-24
  -33.5999985         3.94596555E-23
  -33.4199982         1.33557155E-22
  -33.2400017         3.36078677E-22
  -33.0600014         7.47118879E-22
  -32.8800011         1.39229441E-21
  -32.7000008         1.77357762E-21
  -32.5200005         1.24344997E-21
  -32.3400002         1.30709885E-21
  -32.1599998         5.81972210E-21
  -31.9799995         1.34587964E-20
  -31.7999992         1.18845029E-20
  -31.6200008        -7.74213831E-21
  -31.4400005        -3.49127055E-20
  -31.2600002        -7.79644288E-20
  -31.0799999        -2.21215780E-19
  -30.8999996        -5.16009276E-19
  -30.7199993        -6.63156384E-19
  -30.5400009         4.67489783E-20
  -30.3600006         1.94207305E-18
  -30.1800003         3.77181042E-18
  -30.0000000         2.90024557E-18
  -29.8199997        -1.92311779E-18
  -29.6399994        -7.25578597E-18
  -29.4599991        -5.59960412E-18
  -29.2800007         8.15965781E-18
  -29.1000004         2.92042236E-17
  -28.9200001         4.18663835E-17
  -28.7399998         2.75350608E-17
  -28.5599995        -2.48044069E-17
  -28.3799992        -1.11508327E-16
  -28.2000008        -2.07801336E-16
  -28.0200005        -2.57249703E-16
  -27.8400002        -1.70905202E-16
  -27.6599998         1.29185270E-16
  -27.4799995         6.06294272E-16
  -27.2999992         1.00542927E-15
  -27.1200008         8.87409261E-16
  -26.9400005        -9.06461374E-17
  -26.7600002        -1.72924794E-15
  -26.5799999        -3.00685431E-15
  -26.3999996        -2.37844755E-15
  -26.2199993         1.21755724E-15
  -26.0400009         7.09102399E-15
  -25.8600006         1.22095700E-14
  -25.6800003         1.21537768E-14
  -25.5000000         3.65863345E-15
  -25.3199997        -1.24370102E-14
  -25.1399994        -2.98075604E-14
  -24.9599991        -3.84184431E-14
  -24.7800007        -2.94096988E-14
  -24.6000004        -9.27605898E-16
  -24.4200001         3.84748453E-14
  -24.2399998         7.15735793E-14
  -24.0599995         7.95463955E-14
  -23.8799992         5.15085614E-14
  -23.7000008        -8.23740812E-15
  -23.5200005        -7.94312194E-14
  -23.3400002        -1.32862850E-13
  -23.1599998        -1.42625644E-13
  -22.9799995        -9.82486865E-14
  -22.7999992        -1.09669244E-14
  -22.6200008         8.92780180E-14
  -22.4400005         1.65474175E-13
  -22.2600002         1.89194797E-13
  -22.0799999         1.53458829E-13
  -21.8999996         7.66280146E-14
  -21.7199993        -5.36737928E-15
  -21.5400009        -5.60589512E-14
  -21.3600006        -5.75415095E-14
  -21.1800003        -2.22914440E-14
  -21.0000000         9.64033015E-15
  -20.8199997        -1.07167888E-14
  -20.6399994        -1.13553948E-13
  -20.4599991        -2.86469958E-13
  -20.2800007        -4.67988549E-13
  -20.1000004        -5.65287400E-13
  -19.9200001        -4.91592444E-13
  -19.7399998        -2.07778537E-13
  -19.5599995         2.51643975E-13
  -19.3799992         7.82535495E-13
  -19.2000008         1.24602282E-12
  -19.0200005         1.52005448E-12
  -18.8400002         1.54449652E-12
  -18.6599998         1.33899890E-12
  -18.4799995         9.85691455E-13
  -18.2999992         5.85737784E-13
  -18.1200008         2.11299565E-13
  -17.9400005        -1.23685879E-13
  -17.7600002        -4.60066772E-13
  -17.5799999        -8.59511138E-13
  -17.3999996        -1.35683359E-12
  -17.2199993        -1.92208944E-12
  -17.0400009        -2.45195704E-12
  -16.8600006        -2.79732899E-12
  -16.6800003        -2.81818817E-12
  -16.5000000        -2.44407706E-12
  -16.3199997        -1.71401055E-12
  -16.1399994        -7.75910315E-13
  -15.9600000         1.58886779E-13
  -15.7799997         8.91124631E-13
  -15.6000004         1.30903047E-12
  -15.4200001         1.43018767E-12
  -15.2399998         1.38837628E-12
  -15.0600004         1.36744923E-12
  -14.8800001         1.50938582E-12
  -14.6999998         1.83776844E-12
  -14.5200005         2.23299959E-12
  -14.3400002         2.47278348E-12
  -14.1599998         2.32145705E-12
  -13.9799995         1.62952312E-12
  -13.8000002         4.01145398E-13
  -13.6199999        -1.19656162E-12
  -13.4399996        -2.88210102E-12
  -13.2600002        -4.34221929E-12
  -13.0799999        -5.31496288E-12
  -12.8999996        -5.64528068E-12
  -12.7200003        -5.30100963E-12
  -12.5400000        -4.35377689E-12
  -12.3599997        -2.94022228E-12
  -12.1800003        -1.22177409E-12
  -12.0000000         6.42638666E-13
  -11.8199997         2.50443438E-12
  -11.6400003         4.21675325E-12
  -11.4600000         5.62113203E-12
  -11.2799997         6.54583896E-12
  -11.1000004         6.82911236E-12
  -10.9200001         6.36854371E-12
  -10.7399998         5.18085401E-12
  -10.5600004         3.44317348E-12
  -10.3800001         1.48694555E-12
  -10.1999998        -2.67930914E-13
  -10.0200005        -1.42431401E-12
  -9.84000015        -1.72645958E-12
  -9.65999985        -1.14106803E-12
  -9.47999954         1.30227643E-13
  -9.30000019         1.70977859E-12
  -9.11999989         3.14939633E-12
  -8.93999958         4.04364259E-12
  -8.76000023         4.11672649E-12
  -8.57999992         3.26613281E-12
  -8.39999962         1.56515436E-12
  -8.22000027        -7.62289158E-13
  -8.03999996        -3.38027848E-12
  -7.86000013        -5.88461961E-12
  -7.67999983        -7.85004266E-12
  -7.50000000        -8.88272182E-12
  -7.32000017        -8.67946340E-12
  -7.13999987        -7.09126074E-12
  -6.96000004        -4.18300984E-12
  -6.78000021        -2.73760615E-13
  -6.59999990         4.06399870E-12
  -6.42000008         8.06669922E-12
  -6.23999977         1.09118478E-11
  -6.05999994         1.19035285E-11
  -5.88000011         1.06664564E-11
  -5.69999981         7.28588283E-12
  -5.51999998         2.33633013E-12
  -5.34000015        -3.22564067E-12
  -5.15999985        -8.28196886E-12
  -4.98000002        -1.18222298E-11
  -4.80000019        -1.31798001E-11
  -4.61999989        -1.21688302E-11
  -4.44000006        -9.09470936E-12
  -4.26000023        -4.65348723E-12
  -4.07999992         2.35698261E-13
  -3.90000010         4.61510387E-12
  -3.72000003         7.65147407E-12
  -3.53999996         8.75761009E-12
  -3.35999990         7.66653234E-12
  -3.18000007         4.45941201E-12
  -3.00000000        -4.49252885E-13
  -2.81999993        -6.36465620E-12
  -2.64000010        -1.23969298E-11
  -2.46000004        -1.75724799E-11
  -2.27999997        -2.09662530E-11
  -2.09999990        -2.18486514E-11
  -1.91999996        -1.98336902E-11
  -1.74000001        -1.50008408E-11
  -1.55999994        -7.94982830E-12
  -1.38000000         2.52114979E-13
  -1.20000005         8.24797348E-12
  -1.01999998         1.46683967E-11
 -0.839999974         1.84385302E-11
 -0.660000026         1.90212759E-11
 -0.479999989         1.65191853E-11
 -0.300000012         1.16073193E-11
 -0.119999997         5.33138811E-12
   5.99999987E-02    -1.15025871E-12
  0.239999995        -6.79517944E-12
  0.419999987        -1.08197852E-11
  0.600000024        -1.27469129E-11
  0.779999971        -1.23866993E-11
  0.959999979        -9.79362078E-12
   1.13999999        -5.23293344E-12
   1.32000005         8.33862656E-13
   1.50000000         7.75707710E-12
   1.67999995         1.47252644E-11
   1.86000001         2.08354566E-11
   2.03999996         2.52204646E-11
   2.22000003         2.72249237E-11
   2.40000010         2.65935728E-11
   2.57999992         2.36110419E-11
   2.75999999         1.91251459E-11
   2.94000006         1.44089593E-11
   3.11999989         1.08691849E-11
   3.29999995         9.67254575E-12
   3.48000002         1.14072744E-11
   3.66000009         1.58968533E-11
   3.83999991         2.22321987E-11
   4.01999998         2.90068195E-11
   4.19999981         3.46672586E-11
   4.38000011         3.78601421E-11
   4.55999994         3.76797621E-11
   4.73999977         3.37768806E-11
   4.92000008         2.63474485E-11
   5.09999990         1.60500797E-11
   5.28000021         3.89678567E-12
   5.46000004        -8.86400415E-12
   5.63999987        -2.08759746E-11
   5.82000017        -3.08243361E-11
   6.00000000        -3.76035349E-11
   6.17999983        -4.04840848E-11
   6.36000013        -3.92483962E-11
   6.53999996        -3.42665410E-11
   6.71999979        -2.64898034E-11
   6.90000010        -1.73486364E-11
   7.07999992        -8.55348344E-12
   7.26000023        -1.81544200E-12
   7.44000006         1.47023344E-12
   7.61999989         5.09202652E-13
   7.80000019        -4.71571913E-12
   7.98000002        -1.34334046E-11
   8.15999985        -2.42473767E-11
   8.34000015        -3.54259955E-11
   8.52000046        -4.52364916E-11
   8.69999981        -5.22388174E-11
   8.88000011        -5.54866812E-11
   9.06000042        -5.46255402E-11
   9.23999977        -4.99047088E-11
   9.42000008        -4.21235963E-11
   9.60000038        -3.25166942E-11
   9.77999973        -2.25721213E-11
   9.96000004        -1.37872404E-11
   10.1400003        -7.39314599E-12
   10.3199997        -4.10740972E-12
   10.5000000        -3.98347241E-12
   10.6800003        -6.40228539E-12
   10.8599997        -1.02120500E-11
   11.0400000        -1.39800107E-11
   11.2200003        -1.62976473E-11
   11.3999996        -1.60765273E-11
   11.5799999        -1.27819456E-11
   11.7600002        -6.56036033E-12
   11.9399996         1.77124786E-12
   12.1199999         1.08879364E-11
   12.3000002         1.92515066E-11
   12.4799995         2.54741384E-11
   12.6599998         2.86536385E-11
   12.8400002         2.85817463E-11
   13.0200005         2.57659068E-11
   13.1999998         2.12699736E-11
   13.3800001         1.64414767E-11
   13.5600004         1.26198522E-11
   13.7399998         1.09032774E-11
   13.9200001         1.20084749E-11
   14.1000004         1.62156608E-11
   14.2799997         2.33729026E-11
   14.4600000         3.29422045E-11
   14.6400003         4.40873345E-11
   14.8199997         5.58090137E-11
   15.0000000         6.71186370E-11
   15.1800003         7.72204176E-11
   15.3599997         8.56590701E-11
   15.5400000         9.23958549E-11
   15.7200003         9.78003858E-11
   15.8999996         1.02563860E-10
   16.0799999         1.07552175E-10
   16.2600002         1.13612578E-10
   16.4400005         1.21351137E-10
   16.6200008         1.30913405E-10
   16.7999992         1.41824663E-10
   16.9799995         1.52960117E-10
   17.1599998         1.62694982E-10
   17.3400002         1.69227368E-10
   17.5200005         1.70992193E-10
   17.7000008         1.67037717E-10
   17.8799992         1.57239055E-10
   18.0599995         1.42286863E-10
   18.2399998         1.23478325E-10
   18.4200001         1.02400581E-10
   18.6000004         8.06207254E-11
   18.7800007         5.94575431E-11
   18.9599991         3.98597821E-11
   19.1399994         2.23720244E-11
   19.3199997         7.15286901E-12
   19.5000000        -5.96645996E-12
   19.6800003        -1.73893192E-11
   19.8600006        -2.76210686E-11
   20.0400009        -3.71090762E-11
   20.2199993        -4.60830644E-11
   20.3999996        -5.44295164E-11
   20.5799999        -6.16324422E-11
   20.7600002        -6.67995798E-11
   20.9400005        -6.87804882E-11
   21.1200008        -6.63799640E-11
   21.2999992        -5.86430904E-11
   21.4799995        -4.51668807E-11
   21.6599998        -2.63502189E-11
   21.8400002        -3.48067994E-12
   22.0200005         2.14128246E-11
   22.2000008         4.59444323E-11
   22.3799992         6.78950784E-11
   22.5599995         8.57160176E-11
   22.7399998         9.88436000E-11
   22.9200001         1.07729374E-10
   23.1000004         1.13599775E-10
   23.2800007         1.18045337E-10
   23.4599991         1.22598667E-10
   23.6399994         1.28414945E-10
   23.8199997         1.36113232E-10
   24.0000000         1.45767384E-10
   24.1800003         1.56995042E-10
   24.3600006         1.69095973E-10
   24.5400009         1.81202053E-10
   24.7199993         1.92424021E-10
   24.8999996         2.01982736E-10
   25.0799999         2.09313233E-10
   25.2600002         2.14139484E-10
   25.4400005         2.16517082E-10
   25.6200008         2.16851190E-10
   25.7999992         2.15882312E-10
   25.9799995         2.14625859E-10
   26.1599998         2.14242776E-10
   26.3400002         2.15840790E-10
   26.5200005         2.20232818E-10
   26.7000008         2.27723868E-10
   26.8799992         2.38005643E-10
   27.0599995         2.50200360E-10
   27.2399998         2.63042893E-10
   27.4200001         2.75129086E-10
   27.6000004         2.85144353E-10
   27.7800007         2.92014440E-10
   27.9599991         2.94974739E-10
   28.1399994         2.93602115E-10
   28.3199997         2.87855878E-10
   28.5000000         2.78139789E-10
   28.6800003         2.65356515E-10
   28.8600006         2.50888171E-10
   29.0400009         2.36460851E-10
   29.2199993         2.23879151E-10
   29.3999996         2.14692791E-10
   29.5799999         2.09869094E-10
   29.7600002         2.09555248E-10
   29.9400005         2.13000742E-10
   30.1200008         2.18662255E-10
   30.2999992         2.24478824E-10
   30.4799995         2.28277577E-10
   30.6599998         2.28219249E-10
   30.8400002         2.23179378E-10
   31.0200005         2.12967630E-10
   31.2000008         1.98321012E-10
   31.3799992         1.80684342E-10
   31.5599995         1.61865563E-10
   31.7399998         1.43677348E-10
   31.9200001         1.27666905E-10
   32.0999985         1.14965960E-10
   32.2799988         1.06233723E-10
   32.4599991         1.01633105E-10
   32.6399994         1.00801312E-10
   32.8199997         1.02827490E-10
   33.0000000         1.06291032E-10
   33.1800003         1.09417884E-10
   33.3600006         1.10365016E-10
   33.5400009         1.07579667E-10
   33.7200012         1.00132444E-10
   33.9000015         8.79327791E-11
   34.0800018         7.17504112E-11
   34.2599983         5.30536795E-11
   34.4399986         3.36930935E-11
   34.6199989         1.55033018E-11
   34.7999992        -9.78530001E-14
   34.9799995        -1.24255450E-11
   35.1599998        -2.16829471E-11
   35.3400002        -2.88936410E-11
   35.5200005        -3.56209090E-11
   35.7000008        -4.35314770E-11
   35.8800011        -5.39328200E-11
   36.0600014        -6.74220541E-11
   36.2400017        -8.37396541E-11
   36.4199982        -1.01843076E-10
   36.5999985        -1.20146823E-10
   36.7799988        -1.36837652E-10
   36.9599991        -1.50194635E-10
   37.1399994        -1.58874677E-10
   37.3199997        -1.62162409E-10
   37.5000000        -1.60151337E-10
   37.6800003        -1.53823634E-10
   37.8600006        -1.44963153E-10
   38.0400009        -1.35881181E-10
   38.2200012        -1.28986641E-10
   38.4000015        -1.26302399E-10
   38.5800018        -1.29061678E-10
   38.7599983        -1.37493891E-10
   38.9399986        -1.50830654E-10
   39.1199989        -1.67529352E-10
   39.2999992        -1.85629401E-10
   39.4799995        -2.03183970E-10
   39.6599998        -2.18669832E-10
   39.8400002        -2.31309444E-10
   40.0200005        -2.41225873E-10
   40.2000008        -2.49360976E-10
   40.3800011        -2.57170368E-10
   40.5600014        -2.66145467E-10
   40.7400017        -2.77320167E-10
   40.9199982        -2.90920676E-10
   41.0999985        -3.06275394E-10
   41.2799988        -3.22000399E-10
   41.4599991        -3.36380646E-10
   41.6399994        -3.47804979E-10
   41.8199997        -3.55122654E-10
   42.0000000        -3.57846475E-10
   42.1800003        -3.56204233E-10
   42.3600006        -3.51047302E-10
   42.5400009        -3.43651829E-10
   42.7200012        -3.35438483E-10
   42.9000015        -3.27654542E-10
   43.0800018        -3.21061122E-10
   43.2599983        -3.15723669E-10
   43.4399986        -3.10957649E-10
   43.6199989        -3.05466430E-10
   43.7999992        -2.97620067E-10
   43.9799995        -2.85803076E-10
   44.1599998        -2.68743389E-10
   44.3400002        -2.45784060E-10
   44.5200005        -2.17078522E-10
   44.7000008        -1.83704829E-10
   44.8800011        -1.47663395E-10
   45.0600014        -1.11703903E-10
   45.2400017        -7.89434490E-11
   45.4199982        -5.23024644E-11
   45.5999985        -3.38778589E-11
   45.7799988        -2.44257514E-11
   45.9599991        -2.31254044E-11
   46.1399994        -2.77089844E-11
   46.3199997        -3.49186097E-11
   46.5000000        -4.11701367E-11
   46.6800003        -4.32649784E-11
   46.8600006        -3.89967052E-11
   47.0400009        -2.75658107E-11
   47.2200012        -9.74097018E-12
   47.4000015         1.22637820E-11
   47.5800018         3.51990243E-11
   47.7599983         5.54147422E-11
   47.9399986         6.96127739E-11
   48.1199989         7.55409624E-11
   48.2999992         7.24640625E-11
   48.4799995         6.13134821E-11
   48.6599998         4.45055347E-11
   48.8400002         2.55099032E-11
   49.0200005         8.27552263E-12
   49.2000008        -3.39687219E-12
   49.3800011        -6.47526260E-12
   49.5600014         7.53081787E-13
   49.7400017         1.82887299E-11
   49.9199982         4.43017394E-11
   50.0999985         7.53952803E-11
   50.2799988         1.07260749E-10
   50.4599991         1.35604208E-10
   50.6399994         1.57100249E-10
   50.8199997         1.70109385E-10
   51.0000000         1.74953829E-10
   51.1800003         1.73709949E-10
   51.3600006         1.69612144E-10
   51.5400009         1.66255468E-10
   51.7200012         1.66809649E-10
   51.9000015         1.73400114E-10
   52.0800018         1.86754848E-10
   52.2599983         2.06163586E-10
   52.4399986         2.29715524E-10
   52.6199989         2.54739202E-10
   52.7999992         2.78335105E-10
   52.9799995         2.97851882E-10
   53.1599998         3.11208642E-10
   53.3400002         3.17049775E-10
   53.5200005         3.14777537E-10
   53.7000008         3.04557213E-10
   53.8800011         2.87348118E-10
   54.0600014         2.64930133E-10
   54.2400017         2.39816278E-10
   54.4199982         2.14960910E-10
   54.5999985         1.93246433E-10
   54.7799988         1.76866910E-10
   54.9599991         1.66817032E-10
   55.1399994         1.62686767E-10
   55.3199997         1.62842850E-10
   55.5000000         1.64934774E-10
   55.6800003         1.66541003E-10
   55.8600006         1.65744848E-10
   56.0400009         1.61513136E-10
   56.2200012         1.53835361E-10
   56.4000015         1.43656628E-10
   56.5800018         1.32691663E-10
   56.7599983         1.23149838E-10
   56.9399986         1.17434701E-10
   57.1199989         1.17821322E-10
   57.2999992         1.26165745E-10
   57.4799995         1.43645970E-10
   57.6599998         1.70552517E-10
   57.8400002         2.06135539E-10
   58.0200005         2.48491339E-10
   58.2000008         2.94574976E-10
   58.3800011         3.40391965E-10
   58.5600014         3.81461585E-10
   58.7400017         4.13540646E-10
   58.9199982         4.33488828E-10
   59.0999985         4.40018744E-10
   59.2799988         4.34086600E-10
   59.4599991         4.18751200E-10
   59.6399994         3.98509559E-10
   59.8199997         3.78307358E-10
   60.0000000         3.62508495E-10
   60.1800003         3.54057728E-10
   60.3600006         3.54038715E-10
   60.5400009         3.61606856E-10
   60.7200012         3.74253600E-10
   60.9000015         3.88308191E-10
   61.0800018         3.99580813E-10
   61.2599983         4.04076189E-10
   61.4399986         3.98677341E-10
   61.6199989         3.81737947E-10
   61.7999992         3.53426649E-10
   61.9799995         3.15808435E-10
   62.1599998         2.72635053E-10
   62.3400002         2.28830677E-10
   62.5200005         1.89772573E-10
   62.7000008         1.60391977E-10
   62.8800011         1.44214710E-10
   63.0600014         1.42524131E-10
   63.2400017         1.53834515E-10
   63.4199982         1.73935755E-10
   63.5999985         1.96539340E-10
   63.7799988         2.14515447E-10
   63.9599991         2.21388949E-10
   64.1399994         2.12719897E-10
   64.3199997         1.86997862E-10
   64.5000000         1.45835732E-10
   64.6800003         9.34726949E-11
   64.8600006         3.57983990E-11
   65.0400009        -2.08587366E-11
   65.2200012        -7.08882189E-11
   65.4000015        -1.10332340E-10
   65.5800018        -1.37447442E-10
   65.7600021        -1.52899277E-10
   65.9400024        -1.59492017E-10
   66.1200027        -1.61530705E-10
   66.3000031        -1.63928232E-10
   66.4800034        -1.71170425E-10
   66.6600037        -1.86418742E-10
   66.8399963        -2.10870446E-10
   67.0199966        -2.43475795E-10
   67.1999969        -2.81051737E-10
   67.3799973        -3.18815391E-10
   67.5599976        -3.51221385E-10
   67.7399979        -3.73045872E-10
   67.9199982        -3.80526333E-10
   68.0999985        -3.72300080E-10
   68.2799988        -3.49887730E-10
   68.4599991        -3.17522536E-10
   68.6399994        -2.81293044E-10
   68.8199997        -2.47823262E-10
   69.0000000        -2.22827187E-10
   69.1800003        -2.09916473E-10
   69.3600006        -2.10005194E-10
   69.5400009        -2.21306140E-10
   69.7200012        -2.39917558E-10
   69.9000015        -2.60709926E-10
   70.0800018        -2.78363638E-10
   70.2600021        -2.88312957E-10
   70.4400024        -2.87498525E-10
   70.6200027        -2.74824025E-10
   70.8000031        -2.51258958E-10
   70.9800034        -2.19614951E-10
   71.1600037        -1.84064985E-10
   71.3399963        -1.49422572E-10
   71.5199966        -1.20403687E-10
   71.6999969        -1.00922722E-10
   71.8799973        -9.34981398E-11
   72.0599976        -9.88388260E-11
   72.2399979        -1.15645230E-10
   72.4199982        -1.40716022E-10
   72.5999985        -1.69449385E-10
   72.7799988        -1.96708413E-10
   72.9599991        -2.17897728E-10
   73.1399994        -2.29982228E-10
   73.3199997        -2.32138614E-10
   73.5000000        -2.25842747E-10
   73.6800003        -2.14363180E-10
   73.8600006        -2.01875364E-10
   74.0400009        -1.92455329E-10
   74.2200012        -1.89259081E-10
   74.4000015        -1.94039784E-10
   74.5800018        -2.07009784E-10
   74.7600021        -2.26992869E-10
   74.9400024        -2.51732662E-10
   75.1200027        -2.78313345E-10
   75.3000031        -3.03560954E-10
   75.4800034        -3.24463900E-10
   75.6600037        -3.38535450E-10
   75.8399963        -3.44077378E-10
   76.0199966        -3.40372008E-10
   76.1999969        -3.27773586E-10
   76.3799973        -3.07748604E-10
   76.5599976        -2.82793622E-10
   76.7399979        -2.56191873E-10
   76.9199982        -2.31529379E-10
   77.0999985        -2.12037207E-10
   77.2799988        -1.99898056E-10
   77.4599991        -1.95709088E-10
   77.6399994        -1.98334779E-10
   77.8199997        -2.05202785E-10
   78.0000000        -2.12963147E-10
   78.1800003        -2.18293592E-10
   78.3600006        -2.18574159E-10
   78.5400009        -2.12270437E-10
   78.7200012        -1.99009503E-10
   78.9000015        -1.79424448E-10
   79.0800018        -1.54905894E-10
   79.2600021        -1.27342845E-10
   79.4400024        -9.88737148E-11
   79.6200027        -7.16313814E-11
   79.8000031        -4.74595120E-11
   79.9800034        -2.76485744E-11
   80.1600037        -1.26917660E-11
   80.3399963        -2.15316805E-12
   80.5199966         5.37994432E-12
   80.6999969         1.21898273E-11
   80.8799973         2.11583875E-11
   81.0599976         3.52982539E-11
   81.2399979         5.71004667E-11
   81.4199982         8.78322345E-11
   81.5999985         1.26927177E-10
   81.7799988         1.71771264E-10
   81.9599991         2.17996995E-10
   82.1399994         2.60246213E-10
   82.3199997         2.93229413E-10
   82.5000000         3.12749382E-10
   82.6800003         3.16398352E-10
   82.8600006         3.03836400E-10
   83.0400009         2.76656809E-10
   83.2200012         2.37993153E-10
   83.4000015         1.91994462E-10
   83.5800018         1.43267592E-10
   83.7600021         9.63006341E-11
   83.9400024         5.48829281E-11
   84.1200027         2.15877767E-11
   84.3000031        -2.61345633E-12
   84.4800034        -1.84835550E-11
   84.6600037        -2.83279060E-11
   84.8399963        -3.55320426E-11
   85.0199966        -4.38611612E-11
   85.1999969        -5.66788665E-11
   85.3799973        -7.62100036E-11
   85.5599976        -1.02965782E-10
   85.7399979        -1.35487843E-10
   85.9199982        -1.70527981E-10
   86.0999985        -2.03691480E-10
   86.2799988        -2.30459526E-10
   86.4599991        -2.47340703E-10
   86.6399994        -2.52787125E-10
   86.8199997        -2.47603382E-10
   87.0000000        -2.34728736E-10
   87.1800003        -2.18488658E-10
   87.3600006        -2.03620329E-10
   87.5400009        -1.94372976E-10
   87.7200012        -1.93878830E-10
   87.9000015        -2.03846606E-10
   88.0800018        -2.24520944E-10
   88.2600021        -2.54775867E-10
   88.4400024        -2.92314423E-10
   88.6200027        -3.33980177E-10
   88.8000031        -3.76185388E-10
   88.9800034        -4.15437823E-10
   89.1600037        -4.48868998E-10
   89.3399963        -4.74628392E-10
   89.5199966        -4.92059948E-10
   89.6999969        -5.01661934E-10
   89.8799973        -5.04828013E-10
   90.0599976        -5.03454056E-10
   90.2399979        -4.99461861E-10
   90.4199982        -4.94295160E-10
   90.5999985        -4.88503016E-10
   90.7799988        -4.81538642E-10
   90.9599991        -4.71876982E-10
   91.1399994        -4.57479526E-10
   91.3199997        -4.36479936E-10
   91.5000000        -4.07849116E-10
   91.6800003        -3.71782050E-10
   91.8600006        -3.29677230E-10
   92.0400009        -2.83719270E-10
   92.2200012        -2.36276165E-10
   92.4000015        -1.89342014E-10
   92.5800018        -1.44198917E-10
   92.7600021        -1.01330583E-10
   92.9400024        -6.05317602E-11
   93.1200027        -2.10978804E-11
   93.3000031         1.79491751E-11
   93.4800034         5.76009969E-11
   93.6600037         9.85761889E-11
   93.8399963         1.41033199E-10
   94.0199966         1.84366314E-10
   94.1999969         2.27192071E-10
   94.3799973         2.67569078E-10
   94.5599976         3.03394365E-10
   94.7399979         3.32884637E-10
   94.9199982         3.54990676E-10
   95.0999985         3.69656999E-10
   95.2799988         3.77901904E-10
   95.4599991         3.81721210E-10
   95.6399994         3.83806820E-10
   95.8199997         3.87105403E-10
   96.0000000         3.94248384E-10
   96.1800003         4.06971346E-10
   96.3600006         4.25694757E-10
   96.5400009         4.49440096E-10
   96.7200012         4.76143180E-10
   96.9000015         5.03287523E-10
   97.0800018         5.28639688E-10
   97.2600021         5.50811785E-10
   97.4400024         5.69510161E-10
   97.6200027         5.85450466E-10
   97.8000031         6.00051897E-10
   97.9800034         6.15065332E-10
   98.1600037         6.32243424E-10
   98.3399963         6.53086418E-10
   98.5199966         6.78646972E-10
   98.6999969         7.09408587E-10
   98.8799973         7.45245310E-10
   99.0599976         7.85502441E-10
   99.2399979         8.29183056E-10
   99.4199982         8.75142903E-10
   99.5999985         9.22206034E-10
   99.7799988         9.69150760E-10
   99.9599991         1.01458009E-09
   100.139999         1.05683706E-09
   100.320000         1.09405984E-09
   100.500000         1.12441079E-09
   100.680000         1.14640752E-09
   100.860001         1.15919785E-09
   101.040001         1.16265508E-09
   101.220001         1.15730003E-09
   101.400002         1.14411502E-09
   101.580002         1.12437337E-09
   101.760002         1.09953047E-09
   101.940002         1.07117604E-09
   102.120003         1.04094100E-09
   102.300003         1.01033193E-09
   102.480003         9.80489467E-10
   102.660004         9.51963508E-10
   102.839996         9.24599342E-10
   103.019997         8.97602603E-10
   103.199997         8.69784522E-10
   103.379997         8.39919689E-10
   103.559998         8.07147960E-10
   103.739998         7.71361364E-10
   103.919998         7.33522076E-10
   104.099998         6.95814795E-10
   104.279999         6.61512067E-10
   104.459999         6.34477415E-10
   104.639999         6.18345930E-10
   104.820000         6.15550333E-10
   105.000000         6.26483310E-10
   105.180000         6.49107823E-10
   105.360001         6.79131029E-10
   105.540001         7.10711601E-10
   105.720001         7.37497730E-10
   105.900002         7.53685669E-10
   106.080002         7.54905582E-10
   106.260002         7.38793526E-10
   106.440002         7.05250913E-10
   106.620003         6.56397159E-10
   106.800003         5.96227567E-10
   106.980003         5.29993938E-10
   107.160004         4.63321409E-10
   107.339996         4.01221917E-10
   107.519997         3.47168932E-10
   107.699997         3.02454395E-10
   107.879997         2.65962613E-10
   108.059998         2.34405523E-10
   108.239998         2.02956013E-10
   108.419998         1.66190478E-10
   108.599998         1.19176599E-10
   108.779999         5.85688720E-11
   108.959999        -1.65045234E-11
   109.139999        -1.04003313E-10
   109.320000        -1.99145936E-10
   109.500000        -2.95234975E-10
   109.680000        -3.84975551E-10
   109.860001        -4.61940819E-10
   110.040001        -5.21803101E-10
   110.220001        -5.63013469E-10
   110.400002        -5.86859061E-10
   110.580002        -5.96963312E-10
   110.760002        -5.98462335E-10
   110.940002        -5.97072503E-10
   111.120003        -5.98181116E-10
   111.300003        -6.06049988E-10
   111.480003        -6.23189778E-10
   111.660004        -6.49995280E-10
   111.839996        -6.84740986E-10
   112.019997        -7.23954674E-10
   112.199997        -7.63124397E-10
   112.379997        -7.97559518E-10
   112.559998        -8.23204560E-10
   112.739998        -8.37234171E-10
   112.919998        -8.38367376E-10
   113.099998        -8.26903990E-10
   113.279999        -8.04539380E-10
   113.459999        -7.74009801E-10
   113.639999        -7.38614947E-10
   113.820000        -7.01677716E-10
   114.000000        -6.66033451E-10
   114.180000        -6.33671504E-10
   114.360001        -6.05617945E-10
   114.540001        -5.82057513E-10
   114.720001        -5.62615787E-10
   114.900002        -5.46584333E-10
   115.080002        -5.33080857E-10
   115.260002        -5.21048760E-10
   115.440002        -5.09281450E-10
   115.620003        -4.96527763E-10
   115.800003        -4.81762463E-10
   115.980003        -4.64538158E-10
   116.160004        -4.45256776E-10
   116.339996        -4.25259356E-10
   116.519997        -4.06661704E-10
   116.699997        -3.91993715E-10
   116.879997        -3.83737903E-10
   117.059998        -3.83893278E-10
   117.239998        -3.93569649E-10
   117.419998        -4.12696488E-10
   117.599998        -4.39845660E-10
   117.779999        -4.72239359E-10
   117.959999        -5.06001796E-10
   118.139999        -5.36676370E-10
   118.320000        -5.59885582E-10
   118.500000        -5.72006498E-10
   118.680000        -5.70692604E-10
   118.860001        -5.55155255E-10
   119.040001        -5.26251709E-10
   119.220001        -4.86393203E-10
   119.400002        -4.39318693E-10
   119.580002        -3.89695415E-10
   119.760002        -3.42527479E-10
   119.940002        -3.02363939E-10
   120.120003        -2.72443013E-10
   120.300003        -2.53992022E-10
   120.480003        -2.45896165E-10
   120.660004        -2.44845089E-10
   120.839996        -2.45967025E-10
   121.019997        -2.43765147E-10
   121.199997        -2.33144476E-10
   121.379997        -2.10365225E-10
   121.559998        -1.73728518E-10
   121.739998        -1.24004806E-10
   121.919998        -6.44315087E-11
   122.099998        -2.58054889E-13
   122.279999         6.21517143E-11
   122.459999         1.16542220E-10
   122.639999         1.58054070E-10
   122.820000         1.84209037E-10
   123.000000         1.95363462E-10
   123.180000         1.94544034E-10
   123.360001         1.86746035E-10
   123.540001         1.77913892E-10
   123.720001         1.73863784E-10
   123.900002         1.79277981E-10
   124.080002         1.96886007E-10
   124.260002         2.26934110E-10
   124.440002         2.67034089E-10
   124.620003         3.12445653E-10
   124.800003         3.56889490E-10
   124.980003         3.93678701E-10
   125.160004         4.17031965E-10
   125.339996         4.23180102E-10
   125.519997         4.11060769E-10
   125.699997         3.82412046E-10
   125.879997         3.41409540E-10
   126.059998         2.93846975E-10
   126.239998         2.46093063E-10
   126.419998         2.03954686E-10
   126.599998         1.71615222E-10
   126.779999         1.50872786E-10
   126.959999         1.40836842E-10
   127.139999         1.38243375E-10
   127.320000         1.38290560E-10
   127.500000         1.35815234E-10
   127.680000         1.26467864E-10
   127.860001         1.07566372E-10
   128.039993         7.84748933E-11
   128.220001         4.04939068E-11
   128.399994        -3.56290583E-12
   128.580002        -4.99483337E-11
   128.759995        -9.45946099E-11
   128.940002        -1.33715414E-10
   129.119995        -1.64345412E-10
   129.300003        -1.84780746E-10
   129.479996        -1.94839617E-10
   129.660004        -1.95792188E-10
   129.839996        -1.90038180E-10
   130.020004        -1.80572543E-10
   130.199997        -1.70456455E-10
   130.380005        -1.62343652E-10
   130.559998        -1.58152144E-10
   130.740005        -1.58835611E-10
   130.919998        -1.64314756E-10
   131.100006        -1.73487169E-10
   131.279999        -1.84448679E-10
   131.460007        -1.94885150E-10
   131.639999        -2.02616937E-10
   131.820007        -2.06094003E-10
   132.000000        -2.04673126E-10
   132.179993        -1.98576794E-10
   132.360001        -1.88556407E-10
   132.539993        -1.75543302E-10
   132.720001        -1.60380167E-10
   132.899994        -1.43819665E-10
   133.080002        -1.26696154E-10
   133.259995        -1.10065068E-10
   133.440002        -9.52005558E-11
   133.619995        -8.33646763E-11
   133.800003        -7.54447477E-11
   133.979996        -7.16635293E-11
   134.160004        -7.14317772E-11
   134.339996        -7.34324754E-11
   134.520004        -7.58590968E-11
   134.699997        -7.67443817E-11
   134.880005        -7.42600634E-11
   135.059998        -6.70149283E-11
   135.240005        -5.43496602E-11
   135.419998        -3.65427723E-11
   135.600006        -1.49182333E-11
   135.779999         8.23982462E-12
   135.960007         2.99712373E-11
   136.139999         4.70390393E-11
   136.320007         5.63995239E-11
   136.500000         5.56132709E-11
   136.679993         4.32619461E-11
   136.860001         1.92765543E-11
   137.039993        -1.47841669E-11
   137.220001        -5.56739724E-11
   137.399994        -9.87787838E-11
   137.580002        -1.38830780E-10
   137.759995        -1.70977899E-10
   137.940002        -1.91916413E-10
   138.119995        -2.00711767E-10
   138.300003        -1.99054717E-10
   138.479996        -1.90835930E-10
   138.660004        -1.81196586E-10
   138.839996        -1.75289686E-10
   139.020004        -1.77167503E-10
   139.199997        -1.88954588E-10
   139.380005        -2.10494205E-10
   139.559998        -2.39469777E-10
   139.740005        -2.71950490E-10
   139.919998        -3.03218534E-10
   140.100006        -3.28780558E-10
   140.279999        -3.45258100E-10
   140.460007        -3.51031870E-10
   140.639999        -3.46482454E-10
   140.820007        -3.33807926E-10
   141.000000        -3.16562859E-10
   141.179993        -2.99077263E-10
   141.360001        -2.85837576E-10
   141.539993        -2.80828472E-10
   141.720001        -2.86926011E-10
   141.899994        -3.05282521E-10
   142.080002        -3.34893169E-10
   142.259995        -3.72544162E-10
   142.440002        -4.13296064E-10
   142.619995        -4.51456733E-10
   142.800003        -4.81850004E-10
   142.979996        -5.00989916E-10
   143.160004        -5.07813069E-10
   143.339996        -5.03807829E-10
   143.520004        -4.92551167E-10
   143.699997        -4.78869722E-10
   143.880005        -4.67870687E-10
   144.059998        -4.64036892E-10
   144.240005        -4.70458339E-10
   144.419998        -4.88304897E-10
   144.600006        -5.16590826E-10
   144.779999        -5.52265678E-10
   144.960007        -5.90726135E-10
   145.139999        -6.26653618E-10
   145.320007        -6.54999388E-10
   145.500000        -6.71943556E-10
   145.679993        -6.75603240E-10
   145.860001        -6.66359690E-10
   146.039993        -6.46805054E-10
   146.220001        -6.21318608E-10
   146.399994        -5.95300365E-10
   146.580002        -5.74201464E-10
   146.759995        -5.62442592E-10
   146.940002        -5.62465630E-10
   147.119995        -5.74186865E-10
   147.300003        -5.95032745E-10
   147.479996        -6.20557383E-10
   147.660004        -6.45479559E-10
   147.839996        -6.64817201E-10
   148.020004        -6.74768685E-10
   148.199997        -6.73209655E-10
   148.380005        -6.59804933E-10
   148.559998        -6.35827946E-10
   148.740005        -6.03857797E-10
   148.919998        -5.67402292E-10
   149.100006        -5.30400890E-10
   149.279999        -4.96640173E-10
   149.460007        -4.69125683E-10
   149.639999        -4.49509874E-10
   149.820007        -4.37770514E-10
   150.000000        -4.32242520E-10
   150.179993        -4.29949937E-10
   150.360001        -4.27204716E-10
   150.539993        -4.20298796E-10
   150.720001        -4.06153888E-10
   150.899994        -3.82875426E-10
   151.080002        -3.50127066E-10
   151.259995        -3.09225479E-10
   151.440002        -2.62910860E-10
   151.619995        -2.14806686E-10
   151.800003        -1.68661196E-10
   151.979996        -1.27617208E-10
   152.160004        -9.37492792E-11
   152.339996        -6.79497292E-11
   152.520004        -5.01216152E-11
   152.699997        -3.95048889E-11
   152.880005        -3.48953054E-11
   153.059998        -3.46998125E-11
   153.240005        -3.68765747E-11
   153.419998        -3.88894472E-11
   153.600006        -3.78505352E-11
   153.779999        -3.08894056E-11
   153.960007        -1.56172315E-11
   154.139999         9.43674219E-12
   154.320007         4.45293663E-11
   154.500000         8.86286253E-11
   154.679993         1.39490919E-10
   154.860001         1.93863536E-10
   155.039993         2.47867588E-10
   155.220001         2.97565056E-10
   155.399994         3.39656470E-10
   155.580002         3.72208736E-10
   155.759995         3.95196792E-10
   155.940002         4.10645934E-10
   156.119995         4.22323454E-10
   156.300003         4.34999065E-10
   156.479996         4.53441257E-10
   156.660004         4.81407580E-10
   156.839996         5.20816834E-10
   157.020004         5.71234171E-10
   157.199997         6.29805263E-10
   157.380005         6.91650015E-10
   157.559998         7.50692009E-10
   157.740005         8.00872257E-10
   157.919998         8.37491521E-10
   158.100006         8.58324523E-10
   158.279999         8.64212424E-10
   158.460007         8.58931926E-10
   158.639999         8.48373483E-10
   158.820007         8.39285086E-10
   159.000000         8.37933556E-10
   159.179993         8.48940029E-10
   159.360001         8.74490036E-10
   159.539993         9.13980280E-10
   159.720001         9.64071933E-10
   159.899994         1.01917497E-09
   160.080002         1.07234166E-09
   160.259995         1.11646958E-09
   160.440002         1.14570031E-09
   160.619995         1.15668908E-09
   160.800003         1.14944443E-09
   160.979996         1.12751386E-09
   161.160004         1.09746845E-09
   161.339996         1.06772746E-09
   161.520004         1.04698994E-09
   161.699997         1.04255093E-09
   161.880005         1.05876208E-09
   162.059998         1.09596476E-09
   162.240005         1.15016929E-09
   162.419998         1.21363042E-09
   162.600006         1.27628585E-09
   162.779999         1.32781020E-09
   162.960007         1.35975675E-09
   163.139999         1.36726297E-09
   163.320007         1.34991684E-09
   163.500000         1.31158751E-09
   163.679993         1.25939204E-09
   163.860001         1.20213939E-09
   164.039993         1.14858123E-09
   164.220001         1.10580711E-09
   164.399994         1.07802955E-09
   164.580002         1.06583398E-09
   164.759995         1.06610554E-09
   164.940002         1.07264453E-09
   165.119995         1.07745690E-09
   165.300003         1.07246800E-09
   165.479996         1.05130649E-09
   165.660004         1.01068032E-09
   165.839996         9.51055124E-10
   166.020004         8.76507977E-10
   166.199997         7.93836774E-10
   166.380005         7.11223691E-10
   166.559998         6.36710629E-10
   166.740005         5.76746650E-10
   166.919998         5.35048561E-10
   167.100006         5.11932219E-10
   167.279999         5.04282505E-10
   167.460007         5.06142295E-10
   167.639999         5.09893239E-10
   167.820007         5.07714482E-10
   168.000000         4.93011021E-10
   168.179993         4.61522764E-10
   168.360001         4.11907869E-10
   168.539993         3.45782125E-10
   168.720001         2.67299238E-10
   168.899994         1.82382526E-10
   169.080002         9.77054410E-11
   169.259995         1.95553729E-11
   169.440002        -4.73568580E-11
   169.619995        -1.00817861E-10
   169.800003        -1.41569464E-10
   169.979996        -1.73136699E-10
   170.160004        -2.01035785E-10
   170.339996        -2.31511227E-10
   170.520004        -2.70196143E-10
   170.699997        -3.20984184E-10
   170.880005        -3.85313420E-10
   171.059998        -4.61963301E-10
   171.240005        -5.47304146E-10
   171.419998        -6.35899833E-10
   171.600006        -7.21382898E-10
   171.779999        -7.97492294E-10
   171.960007        -8.59117000E-10
   172.139999        -9.03158826E-10
   172.320007        -9.29035349E-10
   172.500000        -9.38705336E-10
   172.679993        -9.36230538E-10
   172.860001        -9.27005694E-10
   173.039993        -9.16816956E-10
   173.220001        -9.10933551E-10
   173.399994        -9.13315923E-10
   173.580002        -9.26053345E-10
   173.759995        -9.49090140E-10
   173.940002        -9.80330594E-10
   174.119995        -1.01616893E-09
   174.300003        -1.05235143E-09
   174.479996        -1.08503517E-09
   174.660004        -1.11164289E-09
   174.839996        -1.13135346E-09
   175.020004        -1.14505616E-09
   175.199997        -1.15485321E-09
   175.380005        -1.16336019E-09
   175.559998        -1.17304211E-09
   175.740005        -1.18571875E-09
   175.919998        -1.20229338E-09
   176.100006        -1.22261035E-09
   176.279999        -1.24535893E-09
   176.460007        -1.26808786E-09
   176.639999        -1.28736777E-09
   176.820007        -1.29917765E-09
   177.000000        -1.29949618E-09
   177.179993        -1.28498889E-09
   177.360001        -1.25363608E-09
   177.539993        -1.20513122E-09
   177.720001        -1.14105081E-09
   177.899994        -1.06473652E-09
   178.080002        -9.80914239E-10
   178.259995        -8.95065189E-10
   178.440002        -8.12607148E-10
   178.619995        -7.38029471E-10
   178.800003        -6.74132306E-10
   178.979996        -6.21607377E-10
   179.160004        -5.79009563E-10
   179.339996        -5.43178613E-10
   179.520004        -5.09911446E-10
   179.699997        -4.74735973E-10
   179.880005        -4.33637071E-10
   180.059998        -3.83669152E-10
   180.240005        -3.23409077E-10
   180.419998        -2.53333549E-10
   180.600006        -1.75946160E-10
   180.779999        -9.56148563E-11
   180.960007        -1.79761692E-11
   181.139999         5.10426389E-11
   181.320007         1.06437581E-10
   181.500000         1.45267479E-10
   181.679993         1.67435052E-10
   181.860001         1.75906789E-10
   182.039993         1.76276743E-10
   182.220001         1.75831863E-10
   182.399994         1.82210122E-10
   182.580002         2.01966943E-10
   182.759995         2.39284981E-10
   182.940002         2.95105024E-10
   183.119995         3.66795316E-10
   183.300003         4.48583032E-10
   183.479996         5.32591193E-10
   183.660004         6.10353934E-10
   183.839996         6.74446998E-10
   184.020004         7.19889370E-10
   184.199997         7.45085327E-10
   184.380005         7.52145513E-10
   184.559998         7.46643081E-10
   184.740005         7.36756434E-10
   184.919998         7.31995853E-10
   185.100006         7.41608663E-10
   185.279999         7.72842901E-10
   185.460007         8.29489255E-10
   185.639999         9.10931386E-10
   185.820007         1.01211883E-09
   186.000000         1.12439236E-09
   186.179993         1.23713584E-09
   186.360001         1.33979261E-09
   186.539993         1.42390022E-09
   186.720001         1.48462931E-09
   186.899994         1.52165791E-09
   187.080002         1.53913982E-09
   187.259995         1.54485202E-09
   187.440002         1.54857782E-09
   187.619995         1.56002311E-09
   187.800003         1.58669433E-09
   187.979996         1.63212643E-09
   188.160004         1.69491432E-09
   188.339996         1.76880588E-09
   188.520004         1.84384008E-09
   188.699997         1.90828442E-09
   188.880005         1.95095717E-09
   189.059998         1.96340522E-09
   189.240005         1.94159622E-09
   189.419998         1.88678406E-09
   189.600006         1.80543958E-09
   189.779999         1.70816727E-09
   189.960007         1.60791669E-09
   190.139999         1.51764179E-09
   190.320007         1.44797463E-09
   190.500000         1.40535383E-09
   190.679993         1.39100143E-09
   190.860001         1.40096057E-09
   191.039993         1.42715684E-09
   191.220001         1.45916734E-09
   191.399994         1.48631618E-09
   191.580002         1.49968882E-09
   191.759995         1.49366275E-09
   191.940002         1.46684209E-09
   192.119995         1.42216705E-09
   192.300003         1.36622691E-09
   192.479996         1.30784106E-09
   192.660004         1.25615784E-09
   192.839996         1.21863841E-09
   193.020004         1.19939902E-09
   193.199997         1.19828980E-09
   193.380005         1.21090304E-09
   193.559998         1.22944599E-09
   193.740005         1.24427701E-09
   193.919998         1.24569899E-09
   194.100006         1.22568189E-09
   194.279999         1.17924437E-09
   194.460007         1.10525267E-09
   194.639999         1.00655062E-09
   194.820007         8.89389506E-10
   195.000000         7.62205854E-10
   195.179993         6.34029163E-10
   195.360001         5.12833720E-10
   195.539993         4.04188655E-10
   195.720001         3.10480142E-10
   195.899994         2.30837280E-10
   196.080002         1.61616789E-10
   196.259995         9.73279235E-11
   196.440002         3.17925443E-11
   196.619995        -4.06570576E-11
   196.800003        -1.24131511E-10
   196.979996        -2.20384169E-10
   197.160004        -3.28476302E-10
   197.339996        -4.44981996E-10
   197.520004        -5.64675917E-10
   197.699997        -6.81574575E-10
   197.880005        -7.90052912E-10
   198.059998        -8.85764129E-10
   198.240005        -9.66192792E-10
   198.419998        -1.03080477E-09
   198.600006        -1.08083453E-09
   198.779999        -1.11890008E-09
   198.960007        -1.14850585E-09
   199.139999        -1.17351873E-09
   199.320007        -1.19764798E-09
   199.500000        -1.22396393E-09
   199.679993        -1.25448785E-09
   199.860001        -1.28993694E-09
   200.039993        -1.32967937E-09
   200.220001        -1.37188183E-09
   200.399994        -1.41384737E-09
   200.580002        -1.45249246E-09
   200.759995        -1.48490609E-09
   200.940002        -1.50895507E-09
   201.119995        -1.52383106E-09
   201.300003        -1.53037283E-09
   201.479996        -1.53107993E-09
   201.660004        -1.52971724E-09
   201.839996        -1.53056479E-09
   202.020004        -1.53752622E-09
   202.199997        -1.55335533E-09
   202.380005        -1.57918456E-09
   202.559998        -1.61449409E-09
   202.740005        -1.65739888E-09
   202.919998        -1.70510894E-09
   203.100006        -1.75437243E-09
   203.279999        -1.80182624E-09
   203.460007        -1.84425908E-09
   203.639999        -1.87886640E-09
   203.820007        -1.90353155E-09
   204.000000        -1.91707961E-09
   204.179993        -1.91947214E-09
   204.360001        -1.91185112E-09
   204.539993        -1.89635463E-09
   204.720001        -1.87578553E-09
   204.899994        -1.85308191E-09
   205.080002        -1.83075788E-09
   205.259995        -1.81034332E-09
   205.440002        -1.79197757E-09
   205.619995        -1.77428439E-09
   205.800003        -1.75462045E-09
   205.979996        -1.72969317E-09
   206.160004        -1.69637715E-09
   206.339996        -1.65257430E-09
   206.520004        -1.59774804E-09
   206.699997        -1.53310253E-09
   206.880005        -1.46131607E-09
   207.059998        -1.38602096E-09
   207.240005        -1.31116085E-09
   207.419998        -1.24036181E-09
   207.600006        -1.17637644E-09
   207.779999        -1.12060217E-09
   207.960007        -1.07268960E-09
   208.139999        -1.03043030E-09
   208.320007        -9.89910598E-10
   208.500000        -9.46129841E-10
   208.679993        -8.93948027E-10
   208.860001        -8.29204594E-10
   209.039993        -7.49707574E-10
   209.220001        -6.55832333E-10
   209.399994        -5.50573420E-10
   209.580002        -4.39022041E-10
   209.759995        -3.27387395E-10
   209.940002        -2.21784272E-10
   210.119995        -1.27025029E-10
   210.300003        -4.56959713E-11
   210.479996         2.23253534E-11
   210.660004         7.97666655E-11
   210.839996         1.31306452E-10
   211.020004         1.82553778E-10
   211.199997         2.38902315E-10
   211.380005         3.04496012E-10
   211.559998         3.81577908E-10
   211.740005         4.70220363E-10
   211.919998         5.68414482E-10
   212.100006         6.72435274E-10
   212.279999         7.77389819E-10
   212.460007         8.77954709E-10
   212.639999         9.69230474E-10
   212.820007         1.04762865E-09
   213.000000         1.11159226E-09
   213.179993         1.16192822E-09
   213.360001         1.20158361E-09
   213.539993         1.23487098E-09
   213.720001         1.26636435E-09
   213.899994         1.29975597E-09
   214.080002         1.33701838E-09
   214.259995         1.37807521E-09
   214.440002         1.42097767E-09
   214.619995         1.46246359E-09
   214.800003         1.49871837E-09
   214.979996         1.52617774E-09
   215.160004         1.54220314E-09
   215.339996         1.54555624E-09
   215.520004         1.53656088E-09
   215.699997         1.51693202E-09
   215.880005         1.48933976E-09
   216.059998         1.45680024E-09
   216.240005         1.42204237E-09
   216.419998         1.38698120E-09
   216.600006         1.35230593E-09
   216.779999         1.31731359E-09
   216.960007         1.27999122E-09
   217.139999         1.23733457E-09
   217.320007         1.18595156E-09
   217.500000         1.12287957E-09
   217.679993         1.04646036E-09
   217.860001         9.57017465E-10
   218.039993         8.57106164E-10
   218.220001         7.51167684E-10
   218.399994         6.44636344E-10
   218.580002         5.42758061E-10
   218.759995         4.49460608E-10
   218.940002         3.66590286E-10
   219.119995         2.93697039E-10
   219.300003         2.28346009E-10
   219.479996         1.66850617E-10
   219.660004         1.05197198E-10
   219.839996         3.99390208E-11
   220.020004        -3.11498917E-11
   220.199997        -1.08668095E-10
   220.380005        -1.91579128E-10
   220.559998        -2.77498718E-10
   220.740005        -3.63250180E-10
   220.919998        -4.45553233E-10
   221.100006        -5.21710120E-10
   221.279999        -5.90147542E-10
   221.460007        -6.50716092E-10
   221.639999        -7.04755698E-10
   221.820007        -7.54875662E-10
   222.000000        -8.04550149E-10
   222.179993        -8.57485305E-10
   222.360001        -9.16856369E-10
   222.539993        -9.84576531E-10
   222.720001        -1.06079090E-09
   222.899994        -1.14376164E-09
   223.080002        -1.23027122E-09
   223.259995        -1.31641575E-09
   223.440002        -1.39853229E-09
   223.619995        -1.47401102E-09
   223.800003        -1.54178526E-09
   223.979996        -1.60237579E-09
   224.160004        -1.65763692E-09
   224.339996        -1.71031389E-09
   224.520004        -1.76356718E-09
   224.699997        -1.82051429E-09
   224.880005        -1.88378846E-09
   225.059998        -1.95509231E-09
   225.240005        -2.03482609E-09
   225.419998        -2.12187157E-09
   225.600006        -2.21363261E-09
   225.779999        -2.30636532E-09
   225.960007        -2.39577425E-09
   226.139999        -2.47768961E-09
   226.320007        -2.54875876E-09
   226.500000        -2.60700572E-09
   226.679993        -2.65209343E-09
   226.860001        -2.68529443E-09
   227.039993        -2.70913869E-09
   227.220001        -2.72682965E-09
   227.399994        -2.74157608E-09
   227.580002        -2.75600387E-09
   227.759995        -2.77177348E-09
   227.940002        -2.78950041E-09
   228.119995        -2.80894019E-09
   228.300003        -2.82926882E-09
   228.479996        -2.84935853E-09
   228.660004        -2.86788704E-09
   228.839996        -2.88330093E-09
   229.020004        -2.89374169E-09
   229.199997        -2.89708502E-09
   229.380005        -2.89116842E-09
   229.559998        -2.87419999E-09
   229.740005        -2.84524493E-09
   229.919998        -2.80459989E-09
   230.100006        -2.75393619E-09
   230.279999        -2.69615219E-09
   230.460007        -2.63485966E-09
   230.639999        -2.57370036E-09
   230.820007        -2.51555043E-09
   231.000000        -2.46187448E-09
   231.179993        -2.41237141E-09
   231.360001        -2.36500353E-09
   231.539993        -2.31644171E-09
   231.720001        -2.26284547E-09
   231.899994        -2.20073537E-09
   232.080002        -2.12775331E-09
   232.259995        -2.04312078E-09
   232.440002        -1.94776173E-09
   232.619995        -1.84413329E-09
   232.800003        -1.73582992E-09
   232.979996        -1.62711422E-09
   233.160004        -1.52231716E-09
   233.339996        -1.42512946E-09
   233.520004        -1.33792311E-09
   233.699997        -1.26116062E-09
   233.880005        -1.19318533E-09
   234.059998        -1.13042620E-09
   234.240005        -1.06806597E-09
   234.419998        -1.00104292E-09
   234.600006        -9.25138244E-10
   234.779999        -8.37854952E-10
   234.960007        -7.38930417E-10
   235.139999        -6.30408947E-10
   235.320007        -5.16233722E-10
   235.500000        -4.01561701E-10
   235.679993        -2.91831115E-10
   235.860001        -1.91809235E-10
   236.039993        -1.04718761E-10
   236.220001        -3.16671342E-11
   236.399994         2.85859496E-11
   236.580002         7.93863794E-11
   236.759995         1.25551639E-10
   236.940002         1.72517403E-10
   237.119995         2.25343924E-10
   237.300003         2.87808083E-10
   237.479996         3.61739805E-10
   237.660004         4.46618770E-10
   237.839996         5.39557954E-10
   238.020004         6.35668407E-10
   238.199997         7.28864136E-10
   238.380005         8.12895751E-10
   238.559998         8.82597440E-10
   238.740005         9.34921918E-10
   238.919998         9.69649472E-10
   239.100006         9.89429094E-10
   239.279999         9.99179406E-10
   239.460007         1.00502073E-09
   239.639999         1.01295716E-09
   239.820007         1.02768538E-09
   240.000000         1.05177511E-09
   240.179993         1.08538145E-09
   240.360001         1.12639142E-09
   240.539993         1.17111942E-09
   240.720001         1.21513177E-09
   240.899994         1.25419342E-09
   241.080002         1.28497180E-09
   241.259995         1.30552746E-09
   241.440002         1.31534650E-09
   241.619995         1.31518418E-09
   241.800003         1.30676636E-09
   241.979996         1.29242017E-09
   242.160004         1.27477418E-09
   242.339996         1.25641264E-09
   242.520004         1.23945132E-09
   242.699997         1.22512744E-09
   242.880005         1.21338872E-09
   243.059998         1.20282428E-09
   243.240005         1.19091359E-09
   243.419998         1.17456556E-09
   243.600006         1.15089360E-09
   243.779999         1.11779874E-09
   243.960007         1.07447728E-09
   244.139999         1.02143449E-09
   244.320007         9.60402313E-10
   244.500000         8.94004815E-10
   244.679993         8.25327029E-10
   244.860001         7.57456209E-10
   245.039993         6.93071600E-10
   245.220001         6.33999853E-10
   245.399994         5.81155901E-10
   245.580002         5.34558509E-10
   245.759995         4.93622365E-10
   245.940002         4.57559685E-10
   246.119995         4.25820768E-10
   246.300003         3.98305333E-10
   246.479996         3.75445480E-10
   246.660004         3.58078150E-10
   246.839996         3.46947471E-10
   247.020004         3.42422146E-10
   247.199997         3.44204443E-10
   247.380005         3.51301377E-10
   247.559998         3.62145230E-10
   247.740005         3.75001974E-10
   247.919998         3.88285903E-10
   248.100006         4.01043726E-10
   248.279999         4.13181350E-10
   248.460007         4.25507019E-10
   248.639999         4.39539488E-10
   248.820007         4.57101995E-10
   249.000000         4.79750184E-10
   249.179993         5.08247444E-10
   249.360001         5.42298928E-10
   249.539993         5.80517079E-10
   249.720001         6.20685725E-10
   249.899994         6.60137667E-10
   250.080002         6.96151248E-10
   250.259995         7.26288085E-10
   250.440002         7.48638096E-10
   250.619995         7.62036045E-10
   250.800003         7.66366415E-10
   250.979996         7.62697627E-10
   251.160004         7.53287266E-10
   251.339996         7.41443351E-10
   251.520004         7.31070759E-10
   251.699997         7.26089300E-10
   251.880005         7.30010330E-10
   252.059998         7.45386475E-10
   252.240005         7.73380193E-10
   252.419998         8.13572321E-10
   252.600006         8.64125604E-10
   252.779999         9.22179610E-10
   252.960007         9.84488713E-10
   253.139999         1.04821307E-09
   253.320007         1.11151199E-09
   253.500000         1.17381227E-09
   253.679993         1.23580901E-09
   253.860001         1.29912725E-09
   254.039993         1.36584921E-09
   254.220001         1.43810297E-09
   254.399994         1.51776314E-09
   254.580002         1.60623759E-09
   254.759995         1.70417924E-09
   254.940002         1.81126258E-09
   255.119995         1.92608196E-09
   255.300003         2.04624828E-09
   255.479996         2.16862706E-09
   255.660004         2.28985986E-09
   255.839996         2.40684206E-09
   256.019989         2.51727772E-09
   256.200012         2.61988142E-09
   256.380005         2.71440337E-09
   256.559998         2.80149548E-09
   256.739990         2.88235436E-09
   256.920013         2.95844660E-09
   257.100006         3.03122616E-09
   257.279999         3.10202775E-09
   257.459991         3.17194027E-09
   257.640015         3.24167493E-09
   257.820007         3.31159078E-09
   258.000000         3.38164607E-09
   258.179993         3.45139339E-09
   258.359985         3.52007201E-09
   258.540009         3.58666430E-09
   258.720001         3.64994968E-09
   258.899994         3.70869202E-09
   259.079987         3.76189613E-09
   259.260010         3.80914145E-09
   259.440002         3.85077170E-09
   259.619995         3.88801391E-09
   259.799988         3.92285804E-09
   259.980011         3.95764665E-09
   260.160004         3.99475297E-09
   260.339996         4.03610256E-09
   260.519989         4.08303480E-09
   260.700012         4.13605994E-09
   260.880005         4.19483204E-09
   261.059998         4.25817781E-09
   261.239990         4.32405756E-09
   261.420013         4.38983694E-09
   261.600006         4.45255210E-09
   261.779999         4.50933957E-09
   261.959991         4.55783589E-09
   262.140015         4.59654448E-09
   262.320007         4.62508121E-09
   262.500000         4.64419081E-09
   262.679993         4.65578021E-09
   262.859985         4.66261874E-09
   263.040009         4.66786210E-09
   263.220001         4.67441463E-09
   263.399994         4.68411177E-09
   263.579987         4.69727057E-09
   263.760010         4.71231942E-09
   263.940002         4.72592765E-09
   264.119995         4.73356110E-09
   264.299988         4.73025574E-09
   264.480011         4.71139572E-09
   264.660004         4.67351757E-09
   264.839996         4.61481342E-09
   265.019989         4.53551197E-09
   265.200012         4.43781323E-09
   265.380005         4.32575664E-09
   265.559998         4.20453894E-09
   265.739990         4.07959844E-09
   265.920013         3.95563182E-09
   266.100006         3.83569976E-09
   266.279999         3.72056475E-09
   266.459991         3.60839358E-09
   266.640015         3.49531293E-09
   266.820007         3.37620443E-09
   267.000000         3.24566440E-09
   267.179993         3.09921422E-09
   267.359985         2.93407987E-09
   267.540009         2.74979972E-09
   267.720001         2.54827115E-09
   267.899994         2.33364594E-09
   268.079987         2.11164597E-09
   268.260010         1.88881111E-09
   268.440002         1.67137226E-09
   268.619995         1.46425938E-09
   268.799988         1.27052568E-09
   268.980011         1.09071674E-09
   269.160004         9.23175481E-10
   269.339996         7.64408092E-10
   269.519989         6.09961859E-10
   269.700012         4.55148558E-10
   269.880005         2.96026925E-10
   270.059998         1.30071634E-10
   270.239990        -4.32702971E-11
   270.420013        -2.22486904E-10
   270.600006        -4.04385331E-10
   270.779999        -5.84636894E-10
   270.959991        -7.58672125E-10
   271.140015        -9.22768417E-10
   271.320007        -1.07464204E-09
   271.500000        -1.21381716E-09
   271.679993        -1.34197997E-09
   271.859985        -1.46236256E-09
   272.040009        -1.57955615E-09
   272.220001        -1.69867020E-09
   272.399994        -1.82465754E-09
   272.579987        -1.96163152E-09
   272.760010        -2.11219753E-09
   272.940002        -2.27698171E-09
   273.119995        -2.45482501E-09
   273.299988        -2.64279287E-09
   273.480011        -2.83698931E-09
   273.660004        -3.03296166E-09
   273.839996        -3.22639582E-09
   274.019989        -3.41385076E-09
   274.200012        -3.59307606E-09
   274.380005        -3.76317999E-09
   274.559998        -3.92478006E-09
   274.739990        -4.07958867E-09
   274.920013        -4.23005497E-09
   275.100006        -4.37867387E-09
   275.279999        -4.52764359E-09
   275.459991        -4.67786476E-09
   275.640015        -4.82911844E-09
   275.820007        -4.97987074E-09
   276.000000        -5.12758014E-09
   276.179993        -5.26878496E-09
   276.359985        -5.39976241E-09
   276.540009        -5.51666357E-09
   276.720001        -5.61617952E-09
   276.899994        -5.69607250E-09
   277.079987        -5.75570080E-09
   277.260010        -5.79623860E-09
   277.440002        -5.82072079E-09
   277.619995        -5.83357984E-09
   277.799988        -5.84022253E-09
   277.980011        -5.84620130E-09
   278.160004        -5.85639981E-09
   278.339996        -5.87444982E-09
   278.519989        -5.90227422E-09
   278.700012        -5.93952754E-09
   278.880005        -5.98398220E-09
   279.059998        -6.03160499E-09
   279.239990        -6.07729245E-09
   279.420013        -6.11603612E-09
   279.600006        -6.14368778E-09
   279.779999        -6.15784135E-09
   279.959991        -6.15835161E-09
   280.140015        -6.14704510E-09
   280.320007        -6.12747231E-09
   280.500000        -6.10450979E-09
   280.679993        -6.08332318E-09
   280.859985        -6.06864115E-09
   281.040009        -6.06386985E-09
   281.220001        -6.07057027E-09
   281.399994        -6.08792394E-09
   281.579987        -6.11287776E-09
   281.760010        -6.14040330E-09
   281.940002        -6.16459950E-09
   282.119995        -6.17915585E-09
   282.299988        -6.17832896E-09
   282.480011        -6.15792972E-09
   282.660004        -6.11533180E-09
   282.839996        -6.05026118E-09
   283.019989        -5.96448846E-09
   283.200012        -5.86184523E-09
   283.380005        -5.74748338E-09
   283.559998        -5.62712810E-09
   283.739990        -5.50603252E-09
   283.920013        -5.38836975E-09
   284.100006        -5.27642197E-09
   284.279999        -5.17040766E-09
   284.459991        -5.06862641E-09
   284.640015        -4.96788255E-09
   284.820007        -4.86419749E-09
   285.000000        -4.75351980E-09
   285.179993        -4.63267247E-09
   285.359985        -4.49992044E-09
   285.540009        -4.35510916E-09
   285.720001        -4.19979740E-09
   285.899994        -4.03673006E-09
   286.079987        -3.86910282E-09
   286.260010        -3.69986397E-09
   286.440002        -3.53102680E-09
   286.619995        -3.36310735E-09
   286.799988        -3.19538973E-09
   286.980011        -3.02593639E-09
   287.160004        -2.85203350E-09
   287.339996        -2.67064793E-09
   287.519989        -2.47891507E-09
   287.700012        -2.27459740E-09
   287.880005        -2.05661044E-09
   288.059998        -1.82538351E-09
   288.239990        -1.58280167E-09
   288.420013        -1.33219513E-09
   288.600006        -1.07778408E-09
   288.779999        -8.24017243E-10
   288.959991        -5.75040571E-10
   289.140015        -3.34233502E-10
   289.320007        -1.03775634E-10
   289.500000         1.15313967E-10
   289.679993         3.23070015E-10
   289.859985         5.20492316E-10
   290.040009         7.09140635E-10
   290.220001         8.90756302E-10
   290.399994         1.06703568E-09
   290.579987         1.23927779E-09
   290.760010         1.40819922E-09
   290.940002         1.57403357E-09
   291.119995         1.73641790E-09
   291.299988         1.89449567E-09
   291.480011         2.04694839E-09
   291.660004         2.19200325E-09
   291.839996         2.32759367E-09
   292.019989         2.45187848E-09
   292.200012         2.56362220E-09
   292.380005         2.66241895E-09
   292.559998         2.74910783E-09
   292.739990         2.82560664E-09
   292.920013         2.89457058E-09
   293.100006         2.95918556E-09
   293.279999         3.02248959E-09
   293.459991         3.08705439E-09
   293.640015         3.15490944E-09
   293.820007         3.22741678E-09
   294.000000         3.30532801E-09
   294.179993         3.38875750E-09
   294.359985         3.47699869E-09
   294.540009         3.56845642E-09
   294.720001         3.66063801E-09
   294.899994         3.75024944E-09
   295.079987         3.83342735E-09
   295.260010         3.90637833E-09
   295.440002         3.96598132E-09
   295.619995         4.01043598E-09
   295.799988         4.03981870E-09
   295.980011         4.05615408E-09
   296.160004         4.06293443E-09
   296.339996         4.06459044E-09
   296.519989         4.06558875E-09
   296.700012         4.06940481E-09
   296.880005         4.07784118E-09
   297.059998         4.09062118E-09
   297.239990         4.10544709E-09
   297.420013         4.11869783E-09
   297.600006         4.12612788E-09
   297.779999         4.12348244E-09
   297.959991         4.10744549E-09
   298.140015         4.07621803E-09
   298.320007         4.02999012E-09
   298.500000         3.97131794E-09
   298.679993         3.90502031E-09
   298.859985         3.83762178E-09
   299.040009         3.77643428E-09
   299.220001         3.72830566E-09
   299.399994         3.69826192E-09
   299.579987         3.68858100E-09
   299.760010         3.69800546E-09
   299.940002         3.72181796E-09
   300.119995         3.75224607E-09
   300.299988         3.77985243E-09
   300.480011         3.79498477E-09
   300.660004         3.78958331E-09
   300.839996         3.75882303E-09
   301.019989         3.70198072E-09
   301.200012         3.62279495E-09
   301.380005         3.52870821E-09
   301.559998         3.42942408E-09
   301.739990         3.33520855E-09
   301.920013         3.25513083E-09
   302.100006         3.19545790E-09
   302.279999         3.15876769E-09
   302.459991         3.14332982E-09
   302.640015         3.14349080E-09
   302.820007         3.15039017E-09
   303.000000         3.15339888E-09
   303.179993         3.14186188E-09
   303.359985         3.10711568E-09
   303.540009         3.04393266E-09
   303.720001         2.95156410E-09
   303.899994         2.83437673E-09
   304.079987         2.70089284E-09
   304.260010         2.56251331E-09
   304.440002         2.43151854E-09
   304.619995         2.31900010E-09
   304.799988         2.23281149E-09
   304.980011         2.17635465E-09
   305.160004         2.14792828E-09
   305.339996         2.14102358E-09
   305.519989         2.14566320E-09
   305.700012         2.15010632E-09
   305.880005         2.14298823E-09
   306.059998         2.11551932E-09
   306.239990         2.06267226E-09
   306.420013         1.98424632E-09
   306.600006         1.88446614E-09
   306.779999         1.77124726E-09
   306.959991         1.65466474E-09
   307.140015         1.54515456E-09
   307.320007         1.45175916E-09
