  -34.5000000         0.00000000    
  -34.3199997         0.00000000    
  -34.1399994         0.00000000    
  -33.9599991         6.63416086E-24
  -33.7799988         2.69673837E-20
  -33.5999985         1.45410894E-19
  -33.4199982         4.19507052E-19
  -33.2400017         8.53848502E-19
  -33.0600014         1.19773685E-18
  -32.8800011         8.99841605E-19
  -32.7000008         3.38324263E-19
  -32.5200005         2.54999372E-18
  -32.3400002         8.31626791E-18
  -32.1599998        -3.14075433E-18
  -31.9799995        -8.68483990E-17
  -31.7999992        -2.71334246E-16
  -31.6200008        -4.01233446E-16
  -31.4400005        -6.82627293E-17
  -31.2600002         1.03804057E-15
  -31.0799999         2.37398856E-15
  -30.8999996         2.18420617E-15
  -30.7199993        -1.35731736E-15
  -30.5400009        -7.57501988E-15
  -30.3600006        -1.14444273E-14
  -30.1800003        -5.45089969E-15
  -30.0000000         1.40389621E-14
  -29.8199997         3.93446770E-14
  -29.6399994         4.94925349E-14
  -29.4599991         1.90156593E-14
  -29.2800007        -6.30718148E-14
  -29.1000004        -1.72856954E-13
  -28.9200001        -2.44149400E-13
  -28.7399998        -1.87211737E-13
  -28.5599995         6.42720943E-14
  -28.3799992         4.93415313E-13
  -28.2000008         9.58457489E-13
  -28.0200005         1.20302021E-12
  -27.8400002         9.36508900E-13
  -27.6599998        -2.79880929E-14
  -27.4799995        -1.62532238E-12
  -27.2999992        -3.44866388E-12
  -27.1200008        -4.78410497E-12
  -26.9400005        -4.79898760E-12
  -26.7600002        -2.85178933E-12
  -26.5799999         1.17406876E-12
  -26.3999996         6.64808833E-12
  -26.2199993         1.22019695E-11
  -26.0400009         1.60161970E-11
  -25.8600006         1.63234860E-11
  -25.6800003         1.19756427E-11
  -25.5000000         2.88491626E-12
  -25.3199997        -9.80762086E-12
  -25.1399994        -2.38836919E-11
  -24.9599991        -3.64544887E-11
  -24.7800007        -4.44878891E-11
  -24.6000004        -4.53227976E-11
  -24.4200001        -3.70956633E-11
  -24.2399998        -1.90726011E-11
  -24.0599995         8.08865214E-12
  -23.8799992         4.21463454E-11
  -23.7000008         7.92019575E-11
  -23.5200005         1.13827947E-10
  -23.3400002         1.39451561E-10
  -23.1599998         1.48971752E-10
  -22.9799995         1.35493491E-10
  -22.7999992         9.30097943E-11
  -22.6200008         1.68793902E-11
  -22.4400005        -9.59684762E-11
  -22.2600002        -2.47065174E-10
  -22.0799999        -4.36558956E-10
  -21.8999996        -6.63377075E-10
  -21.7199993        -9.25325427E-10
  -21.5400009        -1.21913457E-09
  -21.3600006        -1.54051139E-09
  -21.1800003        -1.88426363E-09
  -21.0000000        -2.24451213E-09
  -20.8199997        -2.61492938E-09
  -20.6399994        -2.98887781E-09
  -20.4599991        -3.35931949E-09
  -20.2800007        -3.71842956E-09
  -20.1000004        -4.05701073E-09
  -19.9200001        -4.36396386E-09
  -19.7399998        -4.62616656E-09
  -19.5599995        -4.82908558E-09
  -19.3799992        -4.95823071E-09
  -19.2000008        -5.00124386E-09
  -19.0200005        -4.95011809E-09
  -18.8400002        -4.80289764E-09
  -18.6599998        -4.56430493E-09
  -18.4799995        -4.24508606E-09
  -18.2999992        -3.86026544E-09
  -18.1200008        -3.42683948E-09
  -17.9400005        -2.96153635E-09
  -17.7600002        -2.47910137E-09
  -17.5799999        -1.99127270E-09
  -17.3999996        -1.50631241E-09
  -17.2199993        -1.02884135E-09
  -17.0400009        -5.59796876E-10
  -16.8600006        -9.65455701E-11
  -16.6800003         3.66624758E-10
  -16.5000000         8.37409864E-10
  -16.3199997         1.32372280E-09
  -16.1399994         1.83151339E-09
  -15.9600000         2.36271225E-09
  -15.7799997         2.91396551E-09
  -15.6000004         3.47669316E-09
  -15.4200001         4.03867650E-09
  -15.2399998         4.58693394E-09
  -15.0600004         5.11132026E-09
  -14.8800001         5.60806823E-09
  -14.6999998         6.08258155E-09
  -14.5200005         6.55095844E-09
  -14.3400002         7.04001568E-09
  -14.1599998         7.58575691E-09
  -13.9799995         8.23035684E-09
  -13.8000002         9.01777053E-09
  -13.6199999         9.98815430E-09
  -13.4399996         1.11714149E-08
  -13.2600002         1.25805579E-08
  -13.0799999         1.42057548E-08
  -12.8999996         1.60103362E-08
  -12.7200003         1.79297803E-08
  -12.5400000         1.98743901E-08
  -12.3599997         2.17355982E-08
  -12.1800003         2.33950797E-08
  -12.0000000         2.47351615E-08
  -11.8199997         2.56488253E-08
  -11.6400003         2.60478359E-08
  -11.4600000         2.58680455E-08
  -11.2799997         2.50717012E-08
  -11.1000004         2.36470878E-08
  -10.9200001         2.16061924E-08
  -10.7399998         1.89810407E-08
  -10.5600004         1.58193227E-08
  -10.3800001         1.21797656E-08
  -10.1999998         8.12784240E-09
  -10.0200005         3.73242104E-09
  -9.84000015        -9.35842959E-10
  -9.65999985        -5.80385917E-09
  -9.47999954        -1.07930775E-08
  -9.30000019        -1.58146811E-08
  -9.11999989        -2.07643325E-08
  -8.93999958        -2.55182240E-08
  -8.76000023        -2.99322629E-08
  -8.57999992        -3.38455770E-08
  -8.39999962        -3.70887179E-08
  -8.22000027        -3.94958484E-08
  -8.03999996        -4.09192680E-08
  -7.86000013        -4.12442631E-08
  -7.67999983        -4.04020675E-08
  -7.50000000        -3.83792731E-08
  -7.32000017        -3.52225378E-08
  -7.13999987        -3.10381978E-08
  -6.96000004        -2.59870738E-08
  -6.78000021        -2.02751735E-08
  -6.59999990        -1.41415688E-08
  -6.42000008        -7.84476129E-09
  -6.23999977        -1.64910774E-09
  -6.05999994         4.18730473E-09
  -5.88000011         9.42197342E-09
  -5.69999981         1.38339606E-08
  -5.51999998         1.72262133E-08
  -5.34000015         1.94249079E-08
  -5.15999985         2.02768558E-08
  -4.98000002         1.96463557E-08
  -4.80000019         1.74131181E-08
  -4.61999989         1.34721434E-08
  -4.44000006         7.73624276E-09
  -4.26000023         1.41038861E-10
  -4.07999992        -9.34799882E-09
  -3.90000010        -2.07275761E-08
  -3.72000003        -3.39485702E-08
  -3.53999996        -4.89092251E-08
  -3.35999990        -6.54503367E-08
  -3.18000007        -8.33536973E-08
  -3.00000000        -1.02344003E-07
  -2.81999993        -1.22094889E-07
  -2.64000010        -1.42238562E-07
  -2.46000004        -1.62378697E-07
  -2.27999997        -1.82104870E-07
  -2.09999990        -2.01007239E-07
  -1.91999996        -2.18690232E-07
  -1.74000001        -2.34784025E-07
  -1.55999994        -2.48953114E-07
  -1.38000000        -2.60902340E-07
  -1.20000005        -2.70380525E-07
  -1.01999998        -2.77181783E-07
 -0.839999974        -2.81145475E-07
 -0.660000026        -2.82154758E-07
 -0.479999989        -2.80134060E-07
 -0.300000012        -2.75046034E-07
 -0.119999997        -2.66889032E-07
   5.99999987E-02    -2.55695085E-07
  0.239999995        -2.41529648E-07
  0.419999987        -2.24492794E-07
  0.600000024        -2.04721658E-07
  0.779999971        -1.82392981E-07
  0.959999979        -1.57724344E-07
   1.13999999        -1.30973220E-07
   1.32000005        -1.02432843E-07
   1.50000000        -7.24252871E-08
   1.67999995        -4.12921146E-08
   1.86000001        -9.38498168E-09
   2.03999996         2.29445050E-08
   2.22000003         5.53526931E-08
   2.40000010         8.75112036E-08
   2.57999992         1.19112613E-07
   2.75999999         1.49875049E-07
   2.94000006         1.79546859E-07
   3.11999989         2.07908855E-07
   3.29999995         2.34775712E-07
   3.48000002         2.59994749E-07
   3.66000009         2.83442461E-07
   3.83999991         3.05021160E-07
   4.01999998         3.24655616E-07
   4.19999981         3.42294015E-07
   4.38000011         3.57911830E-07
   4.55999994         3.71520116E-07
   4.73999977         3.83174182E-07
   4.92000008         3.92980240E-07
   5.09999990         4.01097736E-07
   5.28000021         4.07732358E-07
   5.46000004         4.13124638E-07
   5.63999987         4.17531595E-07
   5.82000017         4.21206863E-07
   6.00000000         4.24382563E-07
   6.17999983         4.27256538E-07
   6.36000013         4.29983345E-07
   6.53999996         4.32672635E-07
   6.71999979         4.35390177E-07
   6.90000010         4.38163568E-07
   7.07999992         4.40988572E-07
   7.26000023         4.43837990E-07
   7.44000006         4.46669958E-07
   7.61999989         4.49438346E-07
   7.80000019         4.52100096E-07
   7.98000002         4.54620761E-07
   8.15999985         4.56973851E-07
   8.34000015         4.59134100E-07
   8.52000046         4.61065838E-07
   8.69999981         4.62706936E-07
   8.88000011         4.63954223E-07
   9.06000042         4.64654732E-07
   9.23999977         4.64605989E-07
   9.42000008         4.63566636E-07
   9.60000038         4.61275789E-07
   9.77999973         4.57477569E-07
   9.96000004         4.51944913E-07
   10.1400003         4.44500330E-07
   10.3199997         4.35028284E-07
   10.5000000         4.23481424E-07
   10.6800003         4.09881750E-07
   10.8599997         3.94318221E-07
   11.0400000         3.76941955E-07
   11.2200003         3.57961653E-07
   11.3999996         3.37636862E-07
   11.5799999         3.16271610E-07
   11.7600002         2.94206586E-07
   11.9399996         2.71813121E-07
   12.1199999         2.49488807E-07
   12.3000002         2.27658973E-07
   12.4799995         2.06780740E-07
   12.6599998         1.87352398E-07
   12.8400002         1.69921336E-07
   13.0200005         1.55087605E-07
   13.1999998         1.43502774E-07
   13.3800001         1.35857064E-07
   13.5600004         1.32859029E-07
   13.7399998         1.35210314E-07
   13.9200001         1.43579129E-07
   14.1000004         1.58576256E-07
   14.2799997         1.80739235E-07
   14.4600000         2.10522103E-07
   14.6400003         2.48294725E-07
   14.8199997         2.94345170E-07
   15.0000000         3.48887937E-07
   15.1800003         4.12073092E-07
   15.3599997         4.83997212E-07
   15.5400000         5.64718619E-07
   15.7200003         6.54270764E-07
   15.8999996         7.52679284E-07
   16.0799999         8.59970498E-07
   16.2600002         9.76176352E-07
   16.4400005         1.10133180E-06
   16.6200008         1.23546101E-06
   16.7999992         1.37856466E-06
   16.9799995         1.53060193E-06
   17.1599998         1.69148245E-06
   17.3400002         1.86106604E-06
   17.5200005         2.03917057E-06
   17.7000008         2.22558765E-06
   17.8799992         2.42010447E-06
   18.0599995         2.62251888E-06
   18.2399998         2.83265535E-06
   18.4200001         3.05036838E-06
   18.6000004         3.27554017E-06
   18.7800007         3.50807477E-06
   18.9599991         3.74788533E-06
   19.1399994         3.99488454E-06
   19.3199997         4.24897189E-06
   19.5000000         4.51001961E-06
   19.6800003         4.77786534E-06
   19.8600006         5.05229718E-06
   20.0400009         5.33304046E-06
   20.2199993         5.61975185E-06
   20.3999996         5.91201433E-06
   20.5799999         6.20933861E-06
   20.7600002         6.51116989E-06
   20.9400005         6.81690108E-06
   21.1200008         7.12588371E-06
   21.2999992         7.43744022E-06
   21.4799995         7.75086573E-06
   21.6599998         8.06543176E-06
   21.8400002         8.38038159E-06
   22.0200005         8.69492305E-06
   22.2000008         9.00823034E-06
   22.3799992         9.31943305E-06
   22.5599995         9.62762715E-06
   22.7399998         9.93187678E-06
   22.9200001         1.02312242E-05
   23.1000004         1.05247063E-05
   23.2800007         1.08113700E-05
   23.4599991         1.10902956E-05
   23.6399994         1.13606193E-05
   23.8199997         1.16215597E-05
   24.0000000         1.18724411E-05
   24.1800003         1.21127105E-05
   24.3600006         1.23419513E-05
   24.5400009         1.25598790E-05
   24.7199993         1.27663279E-05
   24.8999996         1.29612345E-05
   25.0799999         1.31446059E-05
   25.2600002         1.33164940E-05
   25.4400005         1.34769725E-05
   25.6200008         1.36261215E-05
   25.7999992         1.37640181E-05
   25.9799995         1.38907380E-05
   26.1599998         1.40063603E-05
   26.3400002         1.41109749E-05
   26.5200005         1.42046847E-05
   26.7000008         1.42876106E-05
   26.8799992         1.43598918E-05
   27.0599995         1.44216801E-05
   27.2399998         1.44731284E-05
   27.4200001         1.45143813E-05
   27.6000004         1.45455588E-05
   27.7800007         1.45667400E-05
   27.9599991         1.45779468E-05
   28.1399994         1.45791309E-05
   28.3199997         1.45701597E-05
   28.5000000         1.45508211E-05
   28.6800003         1.45208178E-05
   28.8600006         1.44797878E-05
   29.0400009         1.44273117E-05
   29.2199993         1.43629422E-05
   29.3999996         1.42862200E-05
   29.5799999         1.41967039E-05
   29.7600002         1.40939801E-05
   29.9400005         1.39776803E-05
   30.1200008         1.38474834E-05
   30.2999992         1.37031175E-05
   30.4799995         1.35443515E-05
   30.6599998         1.33709818E-05
   30.8400002         1.31828247E-05
   31.0200005         1.29797045E-05
   31.2000008         1.27614521E-05
   31.3799992         1.25279093E-05
   31.5599995         1.22789379E-05
   31.7399998         1.20144359E-05
   31.9200001         1.17343652E-05
   32.0999985         1.14387694E-05
   32.2799988         1.11277950E-05
   32.4599991         1.08016939E-05
   32.6399994         1.04608289E-05
   32.8199997         1.01056576E-05
   33.0000000         9.73671649E-06
   33.1800003         9.35459593E-06
   33.3600006         8.95991980E-06
   33.5400009         8.55333292E-06
   33.7200012         8.13549468E-06
   33.9000015         7.70708539E-06
   34.0800018         7.26882354E-06
   34.2599983         6.82148948E-06
   34.4399986         6.36594450E-06
   34.6199989         5.90315994E-06
   34.7999992         5.43421902E-06
   34.9799995         4.96032908E-06
   35.1599998         4.48279843E-06
   35.3400002         4.00302451E-06
   35.5200005         3.52245706E-06
   35.7000008         3.04256810E-06
   35.8800011         2.56482031E-06
   36.0600014         2.09063910E-06
   36.2400017         1.62139588E-06
   36.4199982         1.15839430E-06
   36.5999985         7.02874104E-07
   36.7799988         2.56010424E-07
   36.9599991        -1.81080622E-07
   37.1399994        -6.07335835E-07
   37.3199997        -1.02174931E-06
   37.5000000        -1.42337194E-06
   37.6800003        -1.81132361E-06
   37.8600006        -2.18480386E-06
   38.0400009        -2.54310703E-06
   38.2200012        -2.88563228E-06
   38.4000015        -3.21189236E-06
   38.5800018        -3.52151801E-06
   38.7599983        -3.81425775E-06
   38.9399986        -4.08997539E-06
   39.1199989        -4.34863978E-06
   39.2999992        -4.59031980E-06
   39.4799995        -4.81516781E-06
   39.6599998        -5.02340072E-06
   39.8400002        -5.21529182E-06
   40.0200005        -5.39115626E-06
   40.2000008        -5.55133647E-06
   40.3800011        -5.69620488E-06
   40.5600014        -5.82615621E-06
   40.7400017        -5.94162384E-06
   40.9199982        -6.04309025E-06
   41.0999985        -6.13109569E-06
   41.2799988        -6.20625815E-06
   41.4599991        -6.26927340E-06
   41.6399994        -6.32091633E-06
   41.8199997        -6.36202867E-06
   42.0000000        -6.39349537E-06
   42.1800003        -6.41622364E-06
   42.3600006        -6.43110479E-06
   42.5400009        -6.43898011E-06
   42.7200012        -6.44061538E-06
   42.9000015        -6.43666635E-06
   43.0800018        -6.42766508E-06
   43.2599983        -6.41399947E-06
   43.4399986        -6.39591963E-06
   43.6199989        -6.37353014E-06
   43.7999992        -6.34680373E-06
   43.9799995        -6.31559169E-06
   44.1599998        -6.27963209E-06
   44.3400002        -6.23856567E-06
   44.5200005        -6.19193725E-06
   44.7000008        -6.13919701E-06
   44.8800011        -6.07970651E-06
   45.0600014        -6.01273086E-06
   45.2400017        -5.93743971E-06
   45.4199982        -5.85291536E-06
   45.5999985        -5.75816193E-06
   45.7799988        -5.65212440E-06
   45.9599991        -5.53370683E-06
   46.1399994        -5.40179371E-06
   46.3199997        -5.25527321E-06
   46.5000000        -5.09305028E-06
   46.6800003        -4.91406263E-06
   46.8600006        -4.71729163E-06
   47.0400009        -4.50176913E-06
   47.2200012        -4.26658880E-06
   47.4000015        -4.01090256E-06
   47.5800018        -3.73393937E-06
   47.7599983        -3.43500255E-06
   47.9399986        -3.11348185E-06
   48.1199989        -2.76886203E-06
   48.2999992        -2.40072495E-06
   48.4799995        -2.00876525E-06
   48.6599998        -1.59279216E-06
   48.8400002        -1.15273588E-06
   49.0200005        -6.88647503E-07
   49.2000008        -2.00697443E-07
   49.3800011         3.10833997E-07
   49.5600014         8.45585532E-07
   49.7400017         1.40313136E-06
   49.9199982         1.98301063E-06
   50.0999985         2.58476052E-06
   50.2799988         3.20793424E-06
   50.4599991         3.85211888E-06
   50.6399994         4.51693268E-06
   50.8199997         5.20202684E-06
   51.0000000         5.90707486E-06
   51.1800003         6.63175479E-06
   51.3600006         7.37573782E-06
   51.5400009         8.13868792E-06
   51.7200012         8.92024764E-06
   51.9000015         9.72005182E-06
   52.0800018         1.05377394E-05
   52.2599983         1.13729584E-05
   52.4399986         1.22254005E-05
   52.6199989         1.30948047E-05
   52.7999992         1.39809736E-05
   52.9799995         1.48837735E-05
   53.1599998         1.58031253E-05
   53.3400002         1.67389735E-05
   53.5200005         1.76912581E-05
   53.7000008         1.86598809E-05
   53.8800011         1.96446435E-05
   54.0600014         2.06452314E-05
   54.2400017         2.16611716E-05
   54.4199982         2.26918382E-05
   54.5999985         2.37364584E-05
   54.7799988         2.47941389E-05
   54.9599991         2.58638993E-05
   55.1399994         2.69447100E-05
   55.3199997         2.80355307E-05
   55.5000000         2.91353426E-05
   55.6800003         3.02431527E-05
   55.8600006         3.13580094E-05
   56.0400009         3.24790017E-05
   56.2200012         3.36052290E-05
   56.4000015         3.47357964E-05
   56.5800018         3.58697871E-05
   56.7599983         3.70062626E-05
   56.9399986         3.81442660E-05
   57.1199989         3.92828224E-05
   57.2999992         4.04209604E-05
   57.4799995         4.15577524E-05
   57.6599998         4.26923616E-05
   57.8400002         4.38240495E-05
   58.0200005         4.49522340E-05
   58.2000008         4.60765041E-05
   58.3800011         4.71966196E-05
   58.5600014         4.83125114E-05
   58.7400017         4.94242413E-05
   58.9199982         5.05319877E-05
   59.0999985         5.16359723E-05
   59.2799988         5.27364609E-05
   59.4599991         5.38336681E-05
   59.6399994         5.49277720E-05
   59.8199997         5.60188673E-05
   60.0000000         5.71069686E-05
   60.1800003         5.81920176E-05
   60.3600006         5.92738907E-05
   60.5400009         6.03524059E-05
   60.7200012         6.14273740E-05
   60.9000015         6.24985769E-05
   61.0800018         6.35657925E-05
   61.2599983         6.46287590E-05
   61.4399986         6.56871998E-05
   61.6199989         6.67407730E-05
   61.7999992         6.77890348E-05
   61.9799995         6.88314394E-05
   62.1599998         6.98672884E-05
   62.3400002         7.08957305E-05
   62.5200005         7.19157470E-05
   62.7000008         7.29261592E-05
   62.8800011         7.39256429E-05
   63.0600014         7.49127066E-05
   63.2400017         7.58858005E-05
   63.4199982         7.68432583E-05
   63.5999985         7.77833848E-05
   63.7799988         7.87044919E-05
   63.9599991         7.96049426E-05
   64.1399994         8.04831870E-05
   64.3199997         8.13377846E-05
   64.5000000         8.21674694E-05
   64.6800003         8.29711062E-05
   64.8600006         8.37477346E-05
   65.0400009         8.44965325E-05
   65.2200012         8.52168087E-05
   65.4000015         8.59079373E-05
   65.5800018         8.65694019E-05
   65.7600021         8.72007222E-05
   65.9400024         8.78014835E-05
   66.1200027         8.83713583E-05
   66.3000031         8.89101211E-05
   66.4800034         8.94176701E-05
   66.6600037         8.98940634E-05
   66.8399963         9.03395412E-05
   67.0199966         9.07545036E-05
   67.1999969         9.11395182E-05
   67.3799973         9.14952398E-05
   67.5599976         9.18223741E-05
   67.7399979         9.21215760E-05
   67.9199982         9.23933985E-05
   68.0999985         9.26382199E-05
   68.2799988         9.28562440E-05
   68.4599991         9.30474343E-05
   68.6399994         9.32116018E-05
   68.8199997         9.33484189E-05
   69.0000000         9.34575000E-05
   69.1800003         9.35384596E-05
   69.3600006         9.35909920E-05
   69.5400009         9.36148717E-05
   69.7200012         9.36099968E-05
   69.9000015         9.35763455E-05
   70.0800018         9.35139542E-05
   70.2600021         9.34228738E-05
   70.4400024         9.33030969E-05
   70.6200027         9.31545510E-05
   70.8000031         9.29770540E-05
   70.9800034         9.27703295E-05
   71.1600037         9.25340210E-05
   71.3399963         9.22677573E-05
   71.5199966         9.19711892E-05
   71.6999969         9.16440767E-05
   71.8799973         9.12863179E-05
   72.0599976         9.08979928E-05
   72.2399979         9.04794288E-05
   72.4199982         9.00311497E-05
   72.5999985         8.95538760E-05
   72.7799988         8.90485171E-05
   72.9599991         8.85161062E-05
   73.1399994         8.79577419E-05
   73.3199997         8.73746249E-05
   73.5000000         8.67679410E-05
   73.6800003         8.61389053E-05
   73.8600006         8.54887694E-05
   74.0400009         8.48187556E-05
   74.2200012         8.41301153E-05
   74.4000015         8.34241000E-05
   74.5800018         8.27019758E-05
   74.7600021         8.19649867E-05
   74.9400024         8.12143771E-05
   75.1200027         8.04513547E-05
   75.3000031         7.96770764E-05
   75.4800034         7.88926336E-05
   75.6600037         7.80990595E-05
   75.8399963         7.72972780E-05
   76.0199966         7.64881333E-05
   76.1999969         7.56723821E-05
   76.3799973         7.48507082E-05
   76.5599976         7.40237447E-05
   76.7399979         7.31921027E-05
   76.9199982         7.23564153E-05
   77.0999985         7.15173810E-05
   77.2799988         7.06757710E-05
   77.4599991         6.98324948E-05
   77.6399994         6.89885783E-05
   77.8199997         6.81451929E-05
   78.0000000         6.73035829E-05
   78.1800003         6.64651016E-05
   78.3600006         6.56311167E-05
   78.5400009         6.48029527E-05
   78.7200012         6.39818827E-05
   78.9000015         6.31690345E-05
   79.0800018         6.23653832E-05
   79.2600021         6.15717145E-05
   79.4400024         6.07886359E-05
   79.6200027         6.00165913E-05
   79.8000031         5.92558645E-05
   79.9800034         5.85066300E-05
   80.1600037         5.77689680E-05
   80.3399963         5.70428820E-05
   80.5199966         5.63283102E-05
   80.6999969         5.56251180E-05
   80.8799973         5.49330980E-05
   81.0599976         5.42519592E-05
   81.2399979         5.35813051E-05
   81.4199982         5.29206736E-05
   81.5999985         5.22695227E-05
   81.7799988         5.16272885E-05
   81.9599991         5.09934252E-05
   82.1399994         5.03674273E-05
   82.3199997         4.97488982E-05
   82.5000000         4.91375431E-05
   82.6800003         4.85332057E-05
   82.8600006         4.79358278E-05
   83.0400009         4.73454493E-05
   83.2200012         4.67621612E-05
   83.4000015         4.61860509E-05
   83.5800018         4.56171801E-05
   83.7600021         4.50555344E-05
   83.9400024         4.45010228E-05
   84.1200027         4.39534597E-05
   84.3000031         4.34125759E-05
   84.4800034         4.28780659E-05
   84.6600037         4.23495985E-05
   84.8399963         4.18268573E-05
   85.0199966         4.13095549E-05
   85.1999969         4.07974767E-05
   85.3799973         4.02904625E-05
   85.5599976         3.97884287E-05
   85.7399979         3.92913389E-05
   85.9199982         3.87992477E-05
   86.0999985         3.83122606E-05
   86.2799988         3.78305667E-05
   86.4599991         3.73544390E-05
   86.6399994         3.68842339E-05
   86.8199997         3.64203879E-05
   87.0000000         3.59634105E-05
   87.1800003         3.55138473E-05
   87.3600006         3.50722257E-05
   87.5400009         3.46390516E-05
   87.7200012         3.42147323E-05
   87.9000015         3.37995807E-05
   88.0800018         3.33938042E-05
   88.2600021         3.29975155E-05
   88.4400024         3.26107693E-05
   88.6200027         3.22336164E-05
   88.8000031         3.18661587E-05
   88.9800034         3.15085854E-05
   89.1600037         3.11612130E-05
   89.3399963         3.08244998E-05
   89.5199966         3.04990372E-05
   89.6999969         3.01855071E-05
   89.8799973         2.98846571E-05
   90.0599976         2.95972422E-05
   90.2399979         2.93239937E-05
   90.4199982         2.90656026E-05
   90.5999985         2.88226984E-05
   90.7799988         2.85958813E-05
   90.9599991         2.83857462E-05
   91.1399994         2.81929097E-05
   91.3199997         2.80180429E-05
   91.5000000         2.78618827E-05
   91.6800003         2.77252184E-05
   91.8600006         2.76088631E-05
   92.0400009         2.75136154E-05
   92.2200012         2.74401937E-05
   92.4000015         2.73892074E-05
   92.5800018         2.73610985E-05
   92.7600021         2.73561272E-05
   92.9400024         2.73743717E-05
   93.1200027         2.74157228E-05
   93.3000031         2.74799040E-05
   93.4800034         2.75664916E-05
   93.6600037         2.76749233E-05
   93.8399963         2.78045027E-05
   94.0199966         2.79543892E-05
   94.1999969         2.81235934E-05
   94.3799973         2.83109493E-05
   94.5599976         2.85151236E-05
   94.7399979         2.87345993E-05
   94.9199982         2.89677209E-05
   95.0999985         2.92127170E-05
   95.2799988         2.94677629E-05
   95.4599991         2.97310489E-05
   95.6399994         3.00008214E-05
   95.8199997         3.02754561E-05
   96.0000000         3.05534704E-05
   96.1800003         3.08335329E-05
   96.3600006         3.11144649E-05
   96.5400009         3.13952041E-05
   96.7200012         3.16748119E-05
   96.9000015         3.19524333E-05
   97.0800018         3.22273081E-05
   97.2600021         3.24987814E-05
   97.4400024         3.27663074E-05
   97.6200027         3.30295006E-05
   97.8000031         3.32881245E-05
   97.9800034         3.35421319E-05
   98.1600037         3.37916390E-05
   98.3399963         3.40369224E-05
   98.5199966         3.42784006E-05
   98.6999969         3.45165972E-05
   98.8799973         3.47521200E-05
   99.0599976         3.49856273E-05
   99.2399979         3.52178067E-05
   99.4199982         3.54493823E-05
   99.5999985         3.56810888E-05
   99.7799988         3.59136866E-05
   99.9599991         3.61479470E-05
   100.139999         3.63846411E-05
   100.320000         3.66245404E-05
   100.500000         3.68683795E-05
   100.680000         3.71168535E-05
   100.860001         3.73705625E-05
   101.040001         3.76300268E-05
   101.220001         3.78956538E-05
   101.400002         3.81677710E-05
   101.580002         3.84465966E-05
   101.760002         3.87322980E-05
   101.940002         3.90249952E-05
   102.120003         3.93247647E-05
   102.300003         3.96316536E-05
   102.480003         3.99456549E-05
   102.660004         4.02666956E-05
   102.839996         4.05945975E-05
   103.019997         4.09290587E-05
   103.199997         4.12696500E-05
   103.379997         4.16157964E-05
   103.559998         4.19668104E-05
   103.739998         4.23219244E-05
   103.919998         4.26803490E-05
   104.099998         4.30412765E-05
   104.279999         4.34039612E-05
   104.459999         4.37677008E-05
   104.639999         4.41318734E-05
   104.820000         4.44958932E-05
   105.000000         4.48592036E-05
   105.180000         4.52212444E-05
   105.360001         4.55814261E-05
   105.540001         4.59391049E-05
   105.720001         4.62935895E-05
   105.900002         4.66441488E-05
   106.080002         4.69900297E-05
   106.260002         4.73304972E-05
   106.440002         4.76648638E-05
   106.620003         4.79925402E-05
   106.800003         4.83130425E-05
   106.980003         4.86260469E-05
   107.160004         4.89313934E-05
   107.339996         4.92291074E-05
   107.519997         4.95193999E-05
   107.699997         4.98026820E-05
   107.879997         5.00795431E-05
   108.059998         5.03507472E-05
   108.239998         5.06172037E-05
   108.419998         5.08799385E-05
   108.599998         5.11400685E-05
   108.779999         5.13987216E-05
   108.959999         5.16570290E-05
   109.139999         5.19160603E-05
   109.320000         5.21767834E-05
   109.500000         5.24400639E-05
   109.680000         5.27066622E-05
   109.860001         5.29772369E-05
   110.040001         5.32524100E-05
   110.220001         5.35327745E-05
   110.400002         5.38189779E-05
   110.580002         5.41116970E-05
   110.760002         5.44116810E-05
   110.940002         5.47197196E-05
   111.120003         5.50365876E-05
   111.300003         5.53630052E-05
   111.480003         5.56996019E-05
   111.660004         5.60468652E-05
   111.839996         5.64051661E-05
   112.019997         5.67747738E-05
   112.199997         5.71559031E-05
   112.379997         5.75488120E-05
   112.559998         5.79538319E-05
   112.739998         5.83714573E-05
   112.919998         5.88023395E-05
   113.099998         5.92472898E-05
   113.279999         5.97071994E-05
   113.459999         6.01829779E-05
   113.639999         6.06754329E-05
   113.820000         6.11851647E-05
   114.000000         6.17124679E-05
   114.180000         6.22572697E-05
   114.360001         6.28191119E-05
   114.540001         6.33971649E-05
   114.720001         6.39903228E-05
   114.900002         6.45973050E-05
   115.080002         6.52167510E-05
   115.260002         6.58473582E-05
   115.440002         6.64878826E-05
   115.620003         6.71372400E-05
   115.800003         6.77944263E-05
   115.980003         6.84584666E-05
   116.160004         6.91283349E-05
   116.339996         6.98028380E-05
   116.519997         7.04806007E-05
   116.699997         7.11599569E-05
   116.879997         7.18390074E-05
   117.059998         7.25156206E-05
   117.239998         7.31875116E-05
   117.419998         7.38522940E-05
   117.599998         7.45076104E-05
   117.779999         7.51511470E-05
   117.959999         7.57807647E-05
   118.139999         7.63944918E-05
   118.320000         7.69905819E-05
   118.500000         7.75675071E-05
   118.680000         7.81239651E-05
   118.860001         7.86588498E-05
   119.040001         7.91711936E-05
   119.220001         7.96602326E-05
   119.400002         8.01253336E-05
   119.580002         8.05660602E-05
   119.760002         8.09822013E-05
   119.940002         8.13738297E-05
   120.120003         8.17413456E-05
   120.300003         8.20855203E-05
   120.480003         8.24074814E-05
   120.660004         8.27087060E-05
   120.839996         8.29909768E-05
   121.019997         8.32563092E-05
   121.199997         8.35068277E-05
   121.379997         8.37447296E-05
   121.559998         8.39721615E-05
   121.739998         8.41911460E-05
   121.919998         8.44034803E-05
   122.099998         8.46107359E-05
   122.279999         8.48141426E-05
   122.459999         8.50146316E-05
   122.639999         8.52128142E-05
   122.820000         8.54090249E-05
   123.000000         8.56034312E-05
   123.180000         8.57960476E-05
   123.360001         8.59868524E-05
   123.540001         8.61758235E-05
   123.720001         8.63629830E-05
   123.900002         8.65483380E-05
   124.080002         8.67319031E-05
   124.260002         8.69135838E-05
   124.440002         8.70931544E-05
   124.620003         8.72702003E-05
   124.800003         8.74440666E-05
   124.980003         8.76138802E-05
   125.160004         8.77785496E-05
   125.339996         8.79368454E-05
   125.519997         8.80874650E-05
   125.699997         8.82291133E-05
   125.879997         8.83606626E-05
   126.059998         8.84811743E-05
   126.239998         8.85900590E-05
   126.419998         8.86870548E-05
   126.599998         8.87722563E-05
   126.779999         8.88460490E-05
   126.959999         8.89090079E-05
   127.139999         8.89618386E-05
   127.320000         8.90052179E-05
   127.500000         8.90397714E-05
   127.680000         8.90660449E-05
   127.860001         8.90845113E-05
   128.039993         8.90956289E-05
   128.220001         8.90999509E-05
   128.399994         8.90981537E-05
   128.580002         8.90911033E-05
   128.759995         8.90798547E-05
   128.940002         8.90656229E-05
   129.119995         8.90496885E-05
   129.300003         8.90332885E-05
   129.479996         8.90175434E-05
   129.660004         8.90033043E-05
   129.839996         8.89910807E-05
   130.020004         8.89809453E-05
   130.199997         8.89725416E-05
   130.380005         8.89650692E-05
   130.559998         8.89573348E-05
   130.740005         8.89478397E-05
   130.919998         8.89348885E-05
   131.100006         8.89167059E-05
   131.279999         8.88915674E-05
   131.460007         8.88578288E-05
   131.639999         8.88139984E-05
   131.820007         8.87587667E-05
   132.000000         8.86909329E-05
   132.179993         8.86094203E-05
   132.360001         8.85131813E-05
   132.539993         8.84012043E-05
   132.720001         8.82724562E-05
   132.899994         8.81258748E-05
   133.080002         8.79603977E-05
   133.259995         8.77749408E-05
   133.440002         8.75684273E-05
   133.619995         8.73398312E-05
   133.800003         8.70881922E-05
   133.979996         8.68126517E-05
   134.160004         8.65124894E-05
   134.339996         8.61871449E-05
   134.520004         8.58362255E-05
   134.699997         8.54594982E-05
   134.880005         8.50568395E-05
   135.059998         8.46282273E-05
   135.240005         8.41737055E-05
   135.419998         8.36933323E-05
   135.600006         8.31871876E-05
   135.779999         8.26553805E-05
   135.960007         8.20980858E-05
   136.139999         8.15155508E-05
   136.320007         8.09081394E-05
   136.500000         8.02763534E-05
   136.679993         7.96208042E-05
   136.860001         7.89422411E-05
   137.039993         7.82414863E-05
   137.220001         7.75194276E-05
   137.399994         7.67769379E-05
   137.580002         7.60149051E-05
   137.759995         7.52341221E-05
   137.940002         7.44353456E-05
   138.119995         7.36192378E-05
   138.300003         7.27864463E-05
   138.479996         7.19375676E-05
   138.660004         7.10732347E-05
   138.839996         7.01941462E-05
   139.020004         6.93010661E-05
   139.199997         6.83948747E-05
   139.380005         6.74765397E-05
   139.559998         6.65470798E-05
   139.740005         6.56075135E-05
   139.919998         6.46588596E-05
   140.100006         6.37020494E-05
   140.279999         6.27379486E-05
   140.460007         6.17673722E-05
   140.639999         6.07911061E-05
   140.820007         5.98099250E-05
   141.000000         5.88246621E-05
   141.179993         5.78362124E-05
   141.360001         5.68455325E-05
   141.539993         5.58536267E-05
   141.720001         5.48615208E-05
   141.899994         5.38701970E-05
   142.080002         5.28805467E-05
   142.259995         5.18933448E-05
   142.440002         5.09091988E-05
   142.619995         4.99285779E-05
   142.800003         4.89518134E-05
   142.979996         4.79791561E-05
   143.160004         4.70108316E-05
   143.339996         4.60471056E-05
   143.520004         4.50883454E-05
   143.699997         4.41350494E-05
   143.880005         4.31878580E-05
   144.059998         4.22475314E-05
   144.240005         4.13148955E-05
   144.419998         4.03907870E-05
   144.600006         3.94760064E-05
   144.779999         3.85712701E-05
   144.960007         3.76772514E-05
   145.139999         3.67945977E-05
   145.320007         3.59240148E-05
   145.500000         3.50663504E-05
   145.679993         3.42226522E-05
   145.860001         3.33942371E-05
   146.039993         3.25826477E-05
   146.220001         3.17896520E-05
   146.399994         3.10171417E-05
   146.580002         3.02670633E-05
   146.759995         2.95413156E-05
   146.940002         2.88416977E-05
   147.119995         2.81698594E-05
   147.300003         2.75272905E-05
   147.479996         2.69153406E-05
   147.660004         2.63352613E-05
   147.839996         2.57882530E-05
   148.020004         2.52755162E-05
   148.199997         2.47982698E-05
   148.380005         2.43577470E-05
   148.559998         2.39551482E-05
   148.740005         2.35915686E-05
   148.919998         2.32678885E-05
   149.100006         2.29846682E-05
   149.279999         2.27420496E-05
   149.460007         2.25397071E-05
   149.639999         2.23768548E-05
   149.820007         2.22522922E-05
   150.000000         2.21645332E-05
   150.179993         2.21119153E-05
   150.360001         2.20927450E-05
   150.539993         2.21053833E-05
   150.720001         2.21483133E-05
   150.899994         2.22201179E-05
   151.080002         2.23194656E-05
   151.259995         2.24450196E-05
   151.440002         2.25953700E-05
   151.619995         2.27689707E-05
   151.800003         2.29640991E-05
   151.979996         2.31788472E-05
   152.160004         2.34111340E-05
   152.339996         2.36587639E-05
   152.520004         2.39194651E-05
   152.699997         2.41909765E-05
   152.880005         2.44711064E-05
   153.059998         2.47577809E-05
   153.240005         2.50490884E-05
   153.419998         2.53432809E-05
   153.600006         2.56387611E-05
   153.779999         2.59340504E-05
   153.960007         2.62277354E-05
   154.139999         2.65184281E-05
   154.320007         2.68047297E-05
   154.500000         2.70852233E-05
   154.679993         2.73584901E-05
   154.860001         2.76231440E-05
   155.039993         2.78778607E-05
   155.220001         2.81214343E-05
   155.399994         2.83527806E-05
   155.580002         2.85709484E-05
   155.759995         2.87751063E-05
   155.940002         2.89645177E-05
   156.119995         2.91385295E-05
   156.300003         2.92965506E-05
   156.479996         2.94380297E-05
   156.660004         2.95624595E-05
   156.839996         2.96693506E-05
   157.020004         2.97582210E-05
   157.199997         2.98285649E-05
   157.380005         2.98798386E-05
   157.559998         2.99114490E-05
   157.740005         2.99227358E-05
   157.919998         2.99129933E-05
   158.100006         2.98814775E-05
   158.279999         2.98274244E-05
   158.460007         2.97500701E-05
   158.639999         2.96486523E-05
   158.820007         2.95224108E-05
   159.000000         2.93705798E-05
   159.179993         2.91923825E-05
   159.360001         2.89870150E-05
   159.539993         2.87536423E-05
   159.720001         2.84913967E-05
   159.899994         2.81993634E-05
   160.080002         2.78765619E-05
   160.259995         2.75219263E-05
   160.440002         2.71342742E-05
   160.619995         2.67123014E-05
   160.800003         2.62545636E-05
   160.979996         2.57594966E-05
   161.160004         2.52254522E-05
   161.339996         2.46507352E-05
   161.520004         2.40336576E-05
   161.699997         2.33725932E-05
   161.880005         2.26660086E-05
   162.059998         2.19125141E-05
   162.240005         2.11108854E-05
   162.419998         2.02600786E-05
   162.600006         1.93592678E-05
   162.779999         1.84078272E-05
   162.960007         1.74053312E-05
   163.139999         1.63515306E-05
   163.320007         1.52463372E-05
   163.500000         1.40897782E-05
   163.679993         1.28819756E-05
   163.860001         1.16231522E-05
   164.039993         1.03136354E-05
   164.220001         8.95389167E-06
   164.399994         7.54457551E-06
   164.580002         6.08654727E-06
   164.759995         4.58091699E-06
   164.940002         3.02902708E-06
   165.119995         1.43244893E-06
   165.300003        -2.07078131E-07
   165.479996        -1.88768081E-06
   165.660004        -3.60738750E-06
   165.839996        -5.36416155E-06
   166.020004        -7.15589567E-06
   166.199997        -8.98040889E-06
   166.380005        -1.08354307E-05
   166.559998        -1.27185822E-05
   166.740005        -1.46273560E-05
   166.919998        -1.65591227E-05
   167.100006        -1.85111221E-05
   167.279999        -2.04804946E-05
   167.460007        -2.24643045E-05
   167.639999        -2.44595667E-05
   167.820007        -2.64633272E-05
   168.000000        -2.84727066E-05
   168.179993        -3.04849546E-05
   168.360001        -3.24975190E-05
   168.539993        -3.45080189E-05
   168.720001        -3.65142805E-05
   168.899994        -3.85142594E-05
   169.080002        -4.05060346E-05
   169.259995        -4.24877071E-05
   169.440002        -4.44573961E-05
   169.619995        -4.64132027E-05
   169.800003        -4.83532167E-05
   169.979996        -5.02755720E-05
   170.160004        -5.21784750E-05
   170.339996        -5.40602596E-05
   170.520004        -5.59194159E-05
   170.699997        -5.77546489E-05
   170.880005        -5.95648489E-05
   171.059998        -6.13491429E-05
   171.240005        -6.31068251E-05
   171.419998        -6.48374407E-05
   171.600006        -6.65406915E-05
   171.779999        -6.82164828E-05
   171.960007        -6.98648582E-05
   172.139999        -7.14859998E-05
   172.320007        -7.30802058E-05
   172.500000        -7.46478545E-05
   172.679993        -7.61893825E-05
   172.860001        -7.77052992E-05
   173.039993        -7.91961575E-05
   173.220001        -8.06625249E-05
   173.399994        -8.21049762E-05
   173.580002        -8.35240062E-05
   173.759995        -8.49200369E-05
   173.940002        -8.62932866E-05
   174.119995        -8.76438135E-05
   174.300003        -8.89714574E-05
   174.479996        -9.02758402E-05
   174.660004        -9.15564160E-05
   174.839996        -9.28125082E-05
   175.020004        -9.40433529E-05
   175.199997        -9.52480987E-05
   175.380005        -9.64258797E-05
   175.559998        -9.75757939E-05
   175.740005        -9.86969608E-05
   175.919998        -9.97885218E-05
   176.100006        -1.00849713E-04
   176.279999        -1.01879908E-04
   176.460007        -1.02878737E-04
   176.639999        -1.03846098E-04
   176.820007        -1.04782281E-04
   177.000000        -1.05688006E-04
   177.179993        -1.06564446E-04
   177.360001        -1.07413245E-04
   177.539993        -1.08236498E-04
   177.720001        -1.09036664E-04
   177.899994        -1.09816508E-04
   178.080002        -1.10578942E-04
   178.259995        -1.11326874E-04
   178.440002        -1.12063055E-04
   178.619995        -1.12789916E-04
   178.800003        -1.13509457E-04
   178.979996        -1.14223192E-04
   179.160004        -1.14932140E-04
   179.339996        -1.15636853E-04
   179.520004        -1.16337469E-04
   179.699997        -1.17033807E-04
   179.880005        -1.17725358E-04
   180.059998        -1.18411335E-04
   180.240005        -1.19090619E-04
   180.419998        -1.19761695E-04
   180.600006        -1.20422592E-04
   180.779999        -1.21070821E-04
   180.960007        -1.21703299E-04
   181.139999        -1.22316400E-04
   181.320007        -1.22905971E-04
   181.500000        -1.23467442E-04
   181.679993        -1.23996026E-04
   181.860001        -1.24486818E-04
   182.039993        -1.24935090E-04
   182.220001        -1.25336417E-04
   182.399994        -1.25686885E-04
   182.580002        -1.25983162E-04
   182.759995        -1.26222571E-04
   182.940002        -1.26403058E-04
   183.119995        -1.26523126E-04
   183.300003        -1.26581683E-04
   183.479996        -1.26577972E-04
   183.660004        -1.26511470E-04
   183.839996        -1.26381856E-04
   184.020004        -1.26189028E-04
   184.199997        -1.25933148E-04
   184.380005        -1.25614810E-04
   184.559998        -1.25235034E-04
   184.740005        -1.24795406E-04
   184.919998        -1.24298051E-04
   185.100006        -1.23745660E-04
   185.279999        -1.23141333E-04
   185.460007        -1.22488462E-04
   185.639999        -1.21790566E-04
   185.820007        -1.21051104E-04
   186.000000        -1.20273311E-04
   186.179993        -1.19460077E-04
   186.360001        -1.18613811E-04
   186.539993        -1.17736447E-04
   186.720001        -1.16829418E-04
   186.899994        -1.15893803E-04
   187.080002        -1.14930343E-04
   187.259995        -1.13939634E-04
   187.440002        -1.12922186E-04
   187.619995        -1.11878529E-04
   187.800003        -1.10809247E-04
   187.979996        -1.09714922E-04
   188.160004        -1.08596148E-04
   188.339996        -1.07453430E-04
   188.520004        -1.06287123E-04
   188.699997        -1.05097410E-04
   188.880005        -1.03884267E-04
   189.059998        -1.02647486E-04
   189.240005        -1.01386671E-04
   189.419998        -1.00101344E-04
   189.600006        -9.87909370E-05
   189.779999        -9.74548821E-05
   189.960007        -9.60926627E-05
   190.139999        -9.47038279E-05
   190.320007        -9.32880721E-05
   190.500000        -9.18452570E-05
   190.679993        -9.03753971E-05
   190.860001        -8.88787326E-05
   191.039993        -8.73556492E-05
   191.220001        -8.58067724E-05
   191.399994        -8.42328736E-05
   191.580002        -8.26349133E-05
   191.759995        -8.10140627E-05
   191.940002        -7.93716390E-05
   192.119995        -7.77091918E-05
   192.300003        -7.60284311E-05
   192.479996        -7.43312121E-05
   192.660004        -7.26195358E-05
   192.839996        -7.08954685E-05
   193.020004        -6.91611713E-05
   193.199997        -6.74188268E-05
   193.380005        -6.56706834E-05
   193.559998        -6.39190330E-05
   193.740005        -6.21662039E-05
   193.919998        -6.04145935E-05
   194.100006        -5.86665628E-05
   194.279999        -5.69244257E-05
   194.460007        -5.51903468E-05
   194.639999        -5.34662649E-05
   194.820007        -5.17538065E-05
   195.000000        -5.00542446E-05
   195.179993        -4.83684926E-05
   195.360001        -4.66971214E-05
   195.539993        -4.50404368E-05
   195.720001        -4.33985842E-05
   195.899994        -4.17716255E-05
   196.080002        -4.01596772E-05
   196.259995        -3.85629755E-05
   196.440002        -3.69819463E-05
   196.619995        -3.54172043E-05
   196.800003        -3.38695427E-05
   196.979996        -3.23398526E-05
   197.160004        -3.08290364E-05
   197.339996        -2.93379089E-05
   197.520004        -2.78671050E-05
   197.699997        -2.64170485E-05
   197.880005        -2.49879540E-05
   198.059998        -2.35798852E-05
   198.240005        -2.21928549E-05
   198.419998        -2.08269539E-05
   198.600006        -1.94824806E-05
   198.779999        -1.81600208E-05
   198.960007        -1.68604674E-05
   199.139999        -1.55850066E-05
   199.320007        -1.43350180E-05
   199.500000        -1.31119523E-05
   199.679993        -1.19171937E-05
   199.860001        -1.07519327E-05
   200.039993        -9.61705518E-06
   200.220001        -8.51311597E-06
   200.399994        -7.44034014E-06
   200.580002        -6.39868040E-06
   200.759995        -5.38794075E-06
   200.940002        -4.40788835E-06
   201.119995        -3.45839749E-06
   201.300003        -2.53956068E-06
   201.479996        -1.65176914E-06
   201.660004        -7.95720268E-07
   201.839996         2.76139307E-08
   202.020004         8.17076000E-07
   202.199997         1.57144189E-06
   202.380005         2.28954764E-06
   202.559998         2.97037218E-06
   202.740005         3.61311027E-06
   202.919998         4.21713821E-06
   203.100006         4.78196125E-06
   203.279999         5.30709394E-06
   203.460007         5.79191874E-06
   203.639999         6.23557526E-06
   203.820007         6.63686251E-06
   204.000000         6.99418615E-06
   204.179993         7.30558122E-06
   204.360001         7.56875897E-06
   204.539993         7.78121830E-06
   204.720001         7.94037442E-06
   204.899994         8.04369665E-06
   205.080002         8.08884397E-06
   205.259995         8.07380275E-06
   205.440002         7.99696681E-06
   205.619995         7.85721386E-06
   205.800003         7.65392178E-06
   205.979996         7.38698145E-06
   206.160004         7.05675757E-06
   206.339996         6.66408050E-06
   206.520004         6.21020808E-06
   206.699997         5.69680969E-06
   206.880005         5.12596944E-06
   207.059998         4.50017797E-06
   207.240005         3.82232929E-06
   207.419998         3.09570100E-06
   207.600006         2.32391972E-06
   207.779999         1.51090944E-06
   207.960007         6.60816568E-07
   208.139999        -2.22044051E-07
   208.320007        -1.13324154E-06
   208.500000        -2.06826894E-06
   208.679993        -3.02257081E-06
   208.860001        -3.99155761E-06
   209.039993        -4.97064229E-06
   209.220001        -5.95529173E-06
   209.399994        -6.94108576E-06
   209.580002        -7.92384253E-06
   209.759995        -8.89970852E-06
   209.940002        -9.86528084E-06
   210.119995        -1.08176964E-05
   210.300003        -1.17546979E-05
   210.479996        -1.26746509E-05
   210.660004        -1.35765431E-05
   210.839996        -1.44599198E-05
   211.020004        -1.53248056E-05
   211.199997        -1.61715943E-05
   211.380005        -1.70009480E-05
   211.559998        -1.78136761E-05
   211.740005        -1.86106663E-05
   211.919998        -1.93928463E-05
   212.100006        -2.01611547E-05
   212.279999        -2.09165482E-05
   212.460007        -2.16600711E-05
   212.639999        -2.23928364E-05
   212.820007        -2.31160575E-05
   213.000000        -2.38309913E-05
   213.179993        -2.45388419E-05
   213.360001        -2.52406044E-05
   213.539993        -2.59369153E-05
   213.720001        -2.66278475E-05
   213.899994        -2.73128244E-05
   214.080002        -2.79905435E-05
   214.259995        -2.86589875E-05
   214.440002        -2.93155445E-05
   214.619995        -2.99571748E-05
   214.800003        -3.05806352E-05
   214.979996        -3.11827025E-05
   215.160004        -3.17603844E-05
   215.339996        -3.23110835E-05
   215.520004        -3.28326933E-05
   215.699997        -3.33236130E-05
   215.880005        -3.37826932E-05
   216.059998        -3.42091153E-05
   216.240005        -3.46022789E-05
   216.419998        -3.49616057E-05
   216.600006        -3.52864372E-05
   216.779999        -3.55759548E-05
   216.960007        -3.58291836E-05
   217.139999        -3.60450467E-05
   217.320007        -3.62224746E-05
   217.500000        -3.63605759E-05
   217.679993        -3.64587358E-05
   217.860001        -3.65167325E-05
   218.039993        -3.65347405E-05
   218.220001        -3.65132764E-05
   218.399994        -3.64530897E-05
   218.580002        -3.63550098E-05
   218.759995        -3.62197752E-05
   218.940002        -3.60479098E-05
   219.119995        -3.58396683E-05
   219.300003        -3.55949960E-05
   219.479996        -3.53136456E-05
   219.660004        -3.49952752E-05
   219.839996        -3.46396191E-05
   220.020004        -3.42466483E-05
   220.199997        -3.38167119E-05
   220.380005        -3.33506214E-05
   220.559998        -3.28496935E-05
   220.740005        -3.23156855E-05
   220.919998        -3.17507038E-05
   221.100006        -3.11570075E-05
   221.279999        -3.05368812E-05
   221.460007        -2.98924315E-05
   221.639999        -2.92254826E-05
   221.820007        -2.85374917E-05
   222.000000        -2.78295702E-05
   222.179993        -2.71025310E-05
   222.360001        -2.63569727E-05
   222.539993        -2.55933955E-05
   222.720001        -2.48122833E-05
   222.899994        -2.40141308E-05
   223.080002        -2.31994181E-05
   223.259995        -2.23685911E-05
   223.440002        -2.15219443E-05
   223.619995        -2.06595523E-05
   223.800003        -1.97812114E-05
   223.979996        -1.88864178E-05
   224.160004        -1.79743729E-05
   224.339996        -1.70440708E-05
   224.520004        -1.60943855E-05
   224.699997        -1.51241957E-05
   224.880005        -1.41324908E-05
   225.059998        -1.31185152E-05
   225.240005        -1.20818067E-05
   225.419998        -1.10222873E-05
   225.600006        -9.94028869E-06
   225.779999        -8.83657503E-06
   225.960007        -7.71232135E-06
   226.139999        -6.56913608E-06
   226.320007        -5.40908468E-06
   226.500000        -4.23472284E-06
   226.679993        -3.04914215E-06
   226.860001        -1.85605779E-06
   227.039993        -6.59845341E-07
   227.220001         5.34403682E-07
   227.399994         1.72086447E-06
   227.580002         2.89302670E-06
   227.759995         4.04376078E-06
   227.940002         5.16545288E-06
   228.119995         6.25011626E-06
   228.300003         7.28956411E-06
   228.479996         8.27551867E-06
   228.660004         9.19974809E-06
   228.839996         1.00541465E-05
   229.020004         1.08307850E-05
   229.199997         1.15220037E-05
   229.380005         1.21204639E-05
   229.559998         1.26192353E-05
   229.740005         1.30118378E-05
   229.919998         1.32923851E-05
   230.100006         1.34556194E-05
   230.279999         1.34970378E-05
   230.460007         1.34129095E-05
   230.639999         1.32003142E-05
   230.820007         1.28571792E-05
   231.000000         1.23821628E-05
   231.179993         1.17746413E-05
   231.360001         1.10345436E-05
   231.539993         1.01622618E-05
   231.720001         9.15851069E-06
   231.899994         8.02421528E-06
   232.080002         6.76047421E-06
   232.259995         5.36848211E-06
   232.440002         3.84956138E-06
   232.619995         2.20518996E-06
   232.800003         4.37077148E-07
   232.979996        -1.45279125E-06
   233.160004        -3.46210618E-06
   233.339996        -5.58828151E-06
   233.520004        -7.82844018E-06
   233.699997        -1.01794785E-05
   233.880005        -1.26382620E-05
   234.059998        -1.52017074E-05
   234.240005        -1.78668779E-05
   234.419998        -2.06310979E-05
   234.600006        -2.34919917E-05
   234.779999        -2.64475075E-05
   234.960007        -2.94959355E-05
   235.139999        -3.26357258E-05
   235.320007        -3.58655598E-05
   235.500000        -3.91842077E-05
   235.679993        -4.25904473E-05
   235.860001        -4.60830997E-05
   236.039993        -4.96609864E-05
   236.220001        -5.33229504E-05
   236.399994        -5.70679586E-05
   236.580002        -6.08951268E-05
   236.759995        -6.48037530E-05
   236.940002        -6.87933716E-05
   237.119995        -7.28637096E-05
   237.300003        -7.70146580E-05
   237.479996        -8.12461658E-05
   237.660004        -8.55582111E-05
   237.839996        -8.99506413E-05
   238.020004        -9.44231506E-05
   238.199997        -9.89752079E-05
   238.380005        -1.03606049E-04
   238.559998        -1.08314678E-04
   238.740005        -1.13099872E-04
   238.919998        -1.17960226E-04
   239.100006        -1.22894126E-04
   239.279999        -1.27899781E-04
   239.460007        -1.32975139E-04
   239.639999        -1.38117917E-04
   239.820007        -1.43325407E-04
   240.000000        -1.48594539E-04
   240.179993        -1.53921777E-04
   240.360001        -1.59303105E-04
   240.539993        -1.64734010E-04
   240.720001        -1.70209547E-04
   240.899994        -1.75724359E-04
   241.080002        -1.81272742E-04
   241.259995        -1.86848731E-04
   241.440002        -1.92446067E-04
   241.619995        -1.98058231E-04
   241.800003        -2.03678472E-04
   241.979996        -2.09299731E-04
   242.160004        -2.14914646E-04
   242.339996        -2.20515547E-04
   242.520004        -2.26094475E-04
   242.699997        -2.31643236E-04
   242.880005        -2.37153567E-04
   243.059998        -2.42617214E-04
   243.240005        -2.48026161E-04
   243.419998        -2.53372709E-04
   243.600006        -2.58649583E-04
   243.779999        -2.63850059E-04
   243.960007        -2.68967880E-04
   244.139999        -2.73997255E-04
   244.320007        -2.78932654E-04
   244.500000        -2.83768750E-04
   244.679993        -2.88500305E-04
   244.860001        -2.93121906E-04
   245.039993        -2.97628227E-04
   245.220001        -3.02013679E-04
   245.399994        -3.06272850E-04
   245.580002        -3.10400326E-04
   245.759995        -3.14390811E-04
   245.940002        -3.18239472E-04
   246.119995        -3.21941683E-04
   246.300003        -3.25493107E-04
   246.479996        -3.28889670E-04
   246.660004        -3.32127413E-04
   246.839996        -3.35202203E-04
   247.020004        -3.38109676E-04
   247.199997        -3.40845174E-04
   247.380005        -3.43403459E-04
   247.559998        -3.45778826E-04
   247.740005        -3.47965193E-04
   247.919998        -3.49956070E-04
   248.100006        -3.51744937E-04
   248.279999        -3.53325246E-04
   248.460007        -3.54690565E-04
   248.639999        -3.55834723E-04
   248.820007        -3.56751698E-04
   249.000000        -3.57435696E-04
   249.179993        -3.57880985E-04
   249.360001        -3.58081685E-04
   249.539993        -3.58031713E-04
   249.720001        -3.57724697E-04
   249.899994        -3.57153913E-04
   250.080002        -3.56312405E-04
   250.259995        -3.55192984E-04
   250.440002        -3.53788491E-04
   250.619995        -3.52091942E-04
   250.800003        -3.50096758E-04
   250.979996        -3.47796886E-04
   251.160004        -3.45186825E-04
   251.339996        -3.42261716E-04
   251.520004        -3.39017337E-04
   251.699997        -3.35449935E-04
   251.880005        -3.31556075E-04
   252.059998        -3.27332615E-04
   252.240005        -3.22776410E-04
   252.419998        -3.17884405E-04
   252.600006        -3.12653516E-04
   252.779999        -3.07080743E-04
   252.960007        -3.01163149E-04
   253.139999        -2.94897967E-04
   253.320007        -2.88282783E-04
   253.500000        -2.81315530E-04
   253.679993        -2.73994490E-04
   253.860001        -2.66318471E-04
   254.039993        -2.58286454E-04
   254.220001        -2.49897857E-04
   254.399994        -2.41152258E-04
   254.580002        -2.32049351E-04
   254.759995        -2.22588904E-04
   254.940002        -2.12770829E-04
   255.119995        -2.02595009E-04
   255.300003        -1.92061430E-04
   255.479996        -1.81170282E-04
   255.660004        -1.69922001E-04
   255.839996        -1.58317271E-04
   256.019989        -1.46357066E-04
   256.200012        -1.34042697E-04
   256.380005        -1.21375648E-04
   256.559998        -1.08357694E-04
   256.739990        -9.49907189E-05
   256.920013        -8.12767903E-05
   257.100006        -6.72181050E-05
   257.279999        -5.28169730E-05
   257.459991        -3.80758465E-05
   257.640015        -2.29974376E-05
   257.820007        -7.58467922E-06
   258.000000         8.15921248E-06
   258.179993         2.42305941E-05
   258.359985         4.06255203E-05
   258.540009         5.73396464E-05
   258.720001         7.43681885E-05
   258.899994         9.17060679E-05
   259.079987         1.09347748E-04
   259.260010         1.27287305E-04
   259.440002         1.45518410E-04
   259.619995         1.64034122E-04
   259.799988         1.82826916E-04
   259.980011         2.01888586E-04
   260.160004         2.21210430E-04
   260.339996         2.40782960E-04
   260.519989         2.60596280E-04
   260.700012         2.80639913E-04
   260.880005         3.00903164E-04
   261.059998         3.21375206E-04
   261.239990         3.42045008E-04
   261.420013         3.62901657E-04
   261.600006         3.83934297E-04
   261.779999         4.05132159E-04
   261.959991         4.26484330E-04
   262.140015         4.47979692E-04
   262.320007         4.69606923E-04
   262.500000         4.91354149E-04
   262.679993         5.13209146E-04
   262.859985         5.35159197E-04
   263.040009         5.57191146E-04
   263.220001         5.79291489E-04
   263.399994         6.01446663E-04
   263.579987         6.23643165E-04
   263.760010         6.45867724E-04
   263.940002         6.68107241E-04
   264.119995         6.90349087E-04
   264.299988         7.12581153E-04
   264.480011         7.34791625E-04
   264.660004         7.56968861E-04
   264.839996         7.79101159E-04
   265.019989         8.01176939E-04
   265.200012         8.23184208E-04
   265.380005         8.45110859E-04
   265.559998         8.66944436E-04
   265.739990         8.88672366E-04
   265.920013         9.10281960E-04
   266.100006         9.31760645E-04
   266.279999         9.53096198E-04
   266.459991         9.74276569E-04
   266.640015         9.95290000E-04
   266.820007         1.01612543E-03
   267.000000         1.03677157E-03
   267.179993         1.05721736E-03
   267.359985         1.07745174E-03
   267.540009         1.09746307E-03
   267.720001         1.11723959E-03
   267.899994         1.13676884E-03
   268.079987         1.15603826E-03
   268.260010         1.17503491E-03
   268.440002         1.19374576E-03
   268.619995         1.21215777E-03
   268.799988         1.23025826E-03
   268.980011         1.24803500E-03
   269.160004         1.26547588E-03
   269.339996         1.28256972E-03
   269.519989         1.29930547E-03
   269.700012         1.31567253E-03
   269.880005         1.33166031E-03
   270.059998         1.34725857E-03
   270.239990         1.36245694E-03
   270.420013         1.37724518E-03
   270.600006         1.39161281E-03
   270.779999         1.40554958E-03
   270.959991         1.41904550E-03
   271.140015         1.43209076E-03
   271.320007         1.44467584E-03
   271.500000         1.45679177E-03
   271.679993         1.46843004E-03
   271.859985         1.47958263E-03
   272.040009         1.49024173E-03
   272.220001         1.50040048E-03
   272.399994         1.51005178E-03
   272.579987         1.51918933E-03
   272.760010         1.52780686E-03
   272.940002         1.53589866E-03
   273.119995         1.54345902E-03
   273.299988         1.55048305E-03
   273.480011         1.55696587E-03
   273.660004         1.56290294E-03
   273.839996         1.56829029E-03
   274.019989         1.57312397E-03
   274.200012         1.57740060E-03
   274.380005         1.58111693E-03
   274.559998         1.58426969E-03
   274.739990         1.58685585E-03
   274.920013         1.58887240E-03
   275.100006         1.59031665E-03
   275.279999         1.59118604E-03
   275.459991         1.59147789E-03
   275.640015         1.59119023E-03
   275.820007         1.59032084E-03
   276.000000         1.58886821E-03
   276.179993         1.58683083E-03
   276.359985         1.58420799E-03
   276.540009         1.58099888E-03
   276.720001         1.57720339E-03
   276.899994         1.57282164E-03
   277.079987         1.56785443E-03
   277.260010         1.56230270E-03
   277.440002         1.55616866E-03
   277.619995         1.54945464E-03
   277.799988         1.54216378E-03
   277.980011         1.53430039E-03
   278.160004         1.52586913E-03
   278.339996         1.51687569E-03
   278.519989         1.50732649E-03
   278.700012         1.49722863E-03
   278.880005         1.48658978E-03
   279.059998         1.47541799E-03
   279.239990         1.46372186E-03
   279.420013         1.45151035E-03
   279.600006         1.43879256E-03
   279.779999         1.42557814E-03
   279.959991         1.41187676E-03
   280.140015         1.39769865E-03
   280.320007         1.38305419E-03
   280.500000         1.36795419E-03
   280.679993         1.35240960E-03
   280.859985         1.33643160E-03
   281.040009         1.32003136E-03
   281.220001         1.30322028E-03
   281.399994         1.28600909E-03
   281.579987         1.26840873E-03
   281.760010         1.25042920E-03
   281.940002         1.23208016E-03
   282.119995         1.21337106E-03
   282.299988         1.19431049E-03
   282.480011         1.17490685E-03
   282.660004         1.15516828E-03
   282.839996         1.13510271E-03
   283.019989         1.11471803E-03
   283.200012         1.09402230E-03
   283.380005         1.07302354E-03
   283.559998         1.05173013E-03
   283.739990         1.03015057E-03
   283.920013         1.00829336E-03
   284.100006         9.86167579E-04
   284.279999         9.63782251E-04
   284.459991         9.41147096E-04
   284.640015         9.18271951E-04
   284.820007         8.95167235E-04
   285.000000         8.71844066E-04
   285.179993         8.48313910E-04
   285.359985         8.24589282E-04
   285.540009         8.00683047E-04
   285.720001         7.76608766E-04
   285.899994         7.52380642E-04
   286.079987         7.28013052E-04
   286.260010         7.03520898E-04
   286.440002         6.78918906E-04
   286.619995         6.54222153E-04
   286.799988         6.29445422E-04
   286.980011         6.04603672E-04
   287.160004         5.79711632E-04
   287.339996         5.54784026E-04
   287.519989         5.29835757E-04
   287.700012         5.04881376E-04
   287.880005         4.79935698E-04
   288.059998         4.55013360E-04
   288.239990         4.30128799E-04
   288.420013         4.05296218E-04
   288.600006         3.80529556E-04
   288.779999         3.55842349E-04
   288.959991         3.31247662E-04
   289.140015         3.06758098E-04
   289.320007         2.82385678E-04
   289.500000         2.58142129E-04
   289.679993         2.34038627E-04
   289.859985         2.10086015E-04
   290.040009         1.86294666E-04
   290.220001         1.62674609E-04
   290.399994         1.39235432E-04
   290.579987         1.15986273E-04
   290.760010         9.29357193E-05
   290.940002         7.00917808E-05
   291.119995         4.74619301E-05
   291.299988         2.50530102E-05
   291.480011         2.87135845E-06
   291.660004        -1.90770843E-05
   291.839996        -4.07866173E-05
   292.019989        -6.22517546E-05
   292.200012        -8.34669700E-05
   292.380005        -1.04426719E-04
   292.559998        -1.25125385E-04
   292.739990        -1.45557235E-04
   292.920013        -1.65716527E-04
   293.100006        -1.85597499E-04
   293.279999        -2.05194505E-04
   293.459991        -2.24501986E-04
   293.640015        -2.43514573E-04
   293.820007        -2.62226997E-04
   294.000000        -2.80634093E-04
   294.179993        -2.98730738E-04
   294.359985        -3.16511723E-04
   294.540009        -3.33971722E-04
   294.720001        -3.51105351E-04
   294.899994        -3.67906847E-04
   295.079987        -3.84370418E-04
   295.260010        -4.00490098E-04
   295.440002        -4.16259834E-04
   295.619995        -4.31673689E-04
   295.799988        -4.46725724E-04
   295.980011        -4.61410236E-04
   296.160004        -4.75721667E-04
   296.339996        -4.89654776E-04
   296.519989        -5.03204530E-04
   296.700012        -5.16365806E-04
   296.880005        -5.29133889E-04
   297.059998        -5.41503832E-04
   297.239990        -5.53471036E-04
   297.420013        -5.65030787E-04
   297.600006        -5.76178776E-04
   297.779999        -5.86910930E-04
   297.959991        -5.97223756E-04
   298.140015        -6.07114460E-04
   298.320007        -6.16580946E-04
   298.500000        -6.25622168E-04
   298.679993        -6.34237891E-04
   298.859985        -6.42429048E-04
   299.040009        -6.50197268E-04
   299.220001        -6.57545286E-04
   299.399994        -6.64476363E-04
   299.579987        -6.70994457E-04
   299.760010        -6.77104050E-04
   299.940002        -6.82809856E-04
   300.119995        -6.88117056E-04
   300.299988        -6.93031179E-04
   300.480011        -6.97557873E-04
   300.660004        -7.01703306E-04
   300.839996        -7.05473707E-04
   301.019989        -7.08875712E-04
   301.200012        -7.11916247E-04
   301.380005        -7.14602298E-04
   301.559998        -7.16940966E-04
   301.739990        -7.18939235E-04
   301.920013        -7.20604090E-04
   302.100006        -7.21942168E-04
   302.279999        -7.22959870E-04
   302.459991        -7.23663310E-04
   302.640015        -7.24058307E-04
   302.820007        -7.24150683E-04
   303.000000        -7.23945908E-04
   303.179993        -7.23449339E-04
   303.359985        -7.22666446E-04
   303.540009        -7.21602468E-04
   303.720001        -7.20262586E-04
   303.899994        -7.18651980E-04
   304.079987        -7.16775598E-04
   304.260010        -7.14638038E-04
   304.440002        -7.12243898E-04
   304.619995        -7.09597429E-04
   304.799988        -7.06702704E-04
   304.980011        -7.03563914E-04
   305.160004        -7.00185308E-04
   305.339996        -6.96571486E-04
   305.519989        -6.92727568E-04
   305.700012        -6.88659260E-04
   305.880005        -6.84373139E-04
   306.059998        -6.79876364E-04
   306.239990        -6.75177085E-04
   306.420013        -6.70283858E-04
   306.600006        -6.65205880E-04
   306.779999        -6.59952813E-04
   306.959991        -6.54534379E-04
   307.140015        -6.48960762E-04
   307.320007        -6.43241976E-04
