  -34.5000000         0.00000000    
  -34.3195000         0.00000000    
  -34.1389999         0.00000000    
  -33.9584999         0.00000000    
  -33.7779999         5.32474901E-22
  -33.5974998         1.26953200E-20
  -33.4169998        -3.32302007E-20
  -33.2364998        -7.98186433E-19
  -33.0559998        -3.04721075E-18
  -32.8754997        -6.33637306E-19
  -32.6949997         2.50951824E-17
  -32.5144997         7.17140577E-17
  -32.3339996         5.29164809E-17
  -32.1534996        -1.55877091E-16
  -31.9729996        -5.05755855E-16
  -31.7924995        -6.80414790E-16
  -31.6119995        -3.37526615E-16
  -31.4314995         8.09879753E-16
  -31.2509995         3.47282640E-15
  -31.0704994         8.21963821E-15
  -30.8899994         1.12532308E-14
  -30.7094994        -5.81863407E-16
  -30.5289993        -4.22850943E-14
  -30.3484993        -9.93634631E-14
  -30.1679993        -9.47289325E-14
  -29.9874992         7.95740223E-14
  -29.8069992         4.19246316E-13
  -29.6264992         6.43617158E-13
  -29.4459991         2.55611125E-13
  -29.2654991        -9.95310713E-13
  -29.0849991        -2.47587627E-12
  -28.9044991        -2.55414656E-12
  -28.7240009         3.56661396E-13
  -28.5435009         5.87246484E-12
  -28.3630009         1.03552835E-11
  -28.1825008         8.15558645E-12
  -28.0020008        -4.17771156E-12
  -27.8215008        -2.29835144E-11
  -27.6410007        -3.60693558E-11
  -27.4605007        -2.79993095E-11
  -27.2800007         8.94509900E-12
  -27.0995007         6.43350234E-11
  -26.9190006         1.08105698E-10
  -26.7385006         1.02892590E-10
  -26.5580006         2.66537573E-11
  -26.3775005        -1.06483308E-10
  -26.1970005        -2.41675957E-10
  -26.0165005        -3.02780162E-10
  -25.8360004        -2.29834485E-10
  -25.6555004        -1.62958674E-11
  -25.4750004         2.75349021E-10
  -25.2945004         5.31587607E-10
  -25.1140003         6.34237052E-10
  -24.9335003         5.14346732E-10
  -24.7530003         1.87692917E-10
  -24.5725002        -2.46081239E-10
  -24.3920002        -6.41756259E-10
  -24.2115002        -8.68048966E-10
  -24.0310001        -8.62352301E-10
  -23.8505001        -6.56256383E-10
  -23.6700001        -3.59158175E-10
  -23.4895000        -1.04543756E-10
  -23.3090000         1.97434846E-11
  -23.1285000         2.57570892E-11
  -22.9480000         3.41207097E-11
  -22.7674999         2.22500365E-10
  -22.5869999         7.26174731E-10
  -22.4064999         1.53142199E-09
  -22.2259998         2.41720644E-09
  -22.0454998         2.98893266E-09
  -21.8649998         2.80897283E-09
  -21.6844997         1.57797586E-09
  -21.5039997        -7.14557913E-10
  -21.3234997        -3.74862719E-09
  -21.1429996        -6.97232494E-09
  -20.9624996        -9.80201165E-09
  -20.7819996        -1.18295773E-08
  -20.6014996        -1.29339961E-08
  -20.4209995        -1.32422979E-08
  -20.2404995        -1.29653399E-08
  -20.0599995        -1.22023485E-08
  -19.8794994        -1.08260716E-08
  -19.6989994        -8.51726245E-09
  -19.5184994        -4.93703700E-09
  -19.3379993         4.79242965E-11
  -19.1574993         6.20088203E-09
  -18.9769993         1.28963284E-08
  -18.7964993         1.92642631E-08
  -18.6159992         2.44422740E-08
  -18.4354992         2.78354335E-08
  -18.2549992         2.92819493E-08
  -18.0744991         2.90589828E-08
  -17.8939991         2.77229617E-08
  -17.7134991         2.58426187E-08
  -17.5330009         2.37312427E-08
  -17.3525009         2.12976747E-08
  -17.1720009         1.80990440E-08
  -16.9915009         1.35955416E-08
  -16.8110008         7.50769402E-09
  -16.6305008         1.09060774E-10
  -16.4500008        -7.70377540E-09
  -16.2695007        -1.46270409E-08
  -16.0890007        -1.93740437E-08
  -15.9084997        -2.11188631E-08
  -15.7279997        -1.97544523E-08
  -15.5474997        -1.58553330E-08
  -15.3669996        -1.03897744E-08
  -15.1864996        -4.35032765E-09
  -15.0059996         1.50770307E-09
  -14.8254995         6.71975586E-09
  -14.6450005         1.09944613E-08
  -14.4645004         1.40575498E-08
  -14.2840004         1.55888316E-08
  -14.1035004         1.52987560E-08
  -13.9230003         1.30873312E-08
  -13.7425003         9.17475695E-09
  -13.5620003         4.11655421E-09
  -13.3815002        -1.31138034E-09
  -13.2010002        -6.30493391E-09
  -13.0205002        -1.02251096E-08
  -12.8400002        -1.27372646E-08
  -12.6595001        -1.38753933E-08
  -12.4790001        -1.40299239E-08
  -12.2985001        -1.38585126E-08
  -12.1180000        -1.41230450E-08
  -11.9375000        -1.54789586E-08
  -11.7570000        -1.82760189E-08
  -11.5764999        -2.24423129E-08
  -11.3959999        -2.74934671E-08
  -11.2154999        -3.26489271E-08
  -11.0349998        -3.69877924E-08
  -10.8544998        -3.95771274E-08
  -10.6739998        -3.95573743E-08
  -10.4934998        -3.62297108E-08
  -10.3129997        -2.92048412E-08
  -10.1324997        -1.86190086E-08
  -9.95199966        -5.33399414E-09
  -9.77149963         9.01708574E-09
  -9.59099960         2.22425633E-08
  -9.41049957         3.20509983E-08
  -9.22999954         3.66126827E-08
  -9.04950047         3.50210101E-08
  -8.86900043         2.74999667E-08
  -8.68850040         1.53261013E-08
  -8.50800037         5.46634071E-10
  -8.32750034        -1.43860053E-08
  -8.14700031        -2.69839475E-08
  -7.96649981        -3.50844083E-08
  -7.78599977        -3.72122706E-08
  -7.60550022        -3.29157039E-08
  -7.42500019        -2.29790160E-08
  -7.24450016        -9.39002032E-09
  -7.06400013         5.00688113E-09
  -6.88350010         1.71218026E-08
  -6.70300007         2.43290010E-08
  -6.52250004         2.50667753E-08
  -6.34200001         1.91698106E-08
  -6.16149998         7.88043675E-09
  -5.98099995        -6.41961639E-09
  -5.80049992        -2.06688018E-08
  -5.61999989        -3.16862590E-08
  -5.43949986        -3.67496789E-08
  -5.25899982        -3.40979334E-08
  -5.07849979        -2.32539250E-08
  -4.89799976        -5.08327380E-09
  -4.71750021         1.84257924E-08
  -4.53700018         4.45794832E-08
  -4.35650015         7.04459566E-08
  -4.17600012         9.32400113E-08
  -3.99550009         1.10581269E-07
  -3.81500006         1.20683353E-07
  -3.63450003         1.22562597E-07
  -3.45400000         1.16284070E-07
  -3.27349997         1.03142945E-07
  -3.09299994         8.56082210E-08
  -2.91249990         6.69097702E-08
  -2.73200011         5.03163484E-08
  -2.55150008         3.83321748E-08
  -2.37100005         3.21102149E-08
  -2.19050002         3.12885859E-08
  -2.00999999         3.42607827E-08
  -1.82949996         3.87078174E-08
  -1.64900005         4.21578150E-08
  -1.46850002         4.24113118E-08
  -1.28799999         3.78053784E-08
  -1.10749996         2.73783858E-08
 -0.926999986         1.09862528E-08
 -0.746500015        -1.06475939E-08
 -0.565999985        -3.60113823E-08
 -0.385500014        -6.30426484E-08
 -0.204999998        -8.94718752E-08
  -2.44999994E-02    -1.13163672E-07
  0.156000003        -1.32373216E-07
  0.336499989        -1.45928468E-07
  0.517000020        -1.53419251E-07
  0.697499990        -1.55438883E-07
  0.878000021        -1.53791490E-07
   1.05850005        -1.51457982E-07
   1.23899996        -1.52125054E-07
   1.41949999        -1.59269931E-07
   1.60000002        -1.75063889E-07
   1.78050005        -1.99536245E-07
   1.96099997        -2.30386803E-07
   2.14150000        -2.63556643E-07
   2.32200003        -2.94320529E-07
   2.50250006        -3.18452550E-07
   2.68300009        -3.33049343E-07
   2.86350012        -3.36820591E-07
   3.04399991        -3.29923353E-07
   3.22449994        -3.13562452E-07
   3.40499997        -2.89560774E-07
   3.58550000        -2.59998217E-07
   3.76600003        -2.26934560E-07
   3.94650006        -1.92219048E-07
   4.12699986        -1.57418114E-07
   4.30749989        -1.23882117E-07
   4.48799992        -9.28884560E-08
   4.66849995        -6.57081500E-08
   4.84899998        -4.34493153E-08
   5.02950001        -2.66668891E-08
   5.21000004        -1.49277444E-08
   5.39050007        -6.64036293E-09
   5.57100010         6.21509677E-10
   5.75150013         9.33897581E-09
   5.93200016         2.11514095E-08
   6.11250019         3.62897730E-08
   6.29300022         5.36214415E-08
   6.47349977         7.12579649E-08
   6.65399981         8.73717028E-08
   6.83449984         1.00789137E-07
   7.01499987         1.11123512E-07
   7.19549990         1.18530146E-07
   7.37599993         1.23384623E-07
   7.55649996         1.26160174E-07
   7.73699999         1.27568796E-07
   7.91750002         1.28791498E-07
   8.09799957         1.31532374E-07
   8.27849960         1.37751130E-07
   8.45899963         1.49152754E-07
   8.63949966         1.66665089E-07
   8.81999969         1.90130834E-07
   9.00049973         2.18307562E-07
   9.18099976         2.49113441E-07
   9.36149979         2.80000194E-07
   9.54199982         3.08373899E-07
   9.72249985         3.32032499E-07
   9.90299988         3.49567500E-07
   10.0834999         3.60606691E-07
   10.2639999         3.65739822E-07
   10.4445000         3.66054905E-07
   10.6250000         3.62417353E-07
   10.8055000         3.54842342E-07
   10.9860001         3.42339121E-07
   11.1665001         3.23371893E-07
   11.3470001         2.96728956E-07
   11.5275002         2.62336101E-07
   11.7080002         2.21561066E-07
   11.8885002         1.76850008E-07
   12.0690002         1.30945295E-07
   12.2495003         8.61659899E-08
   12.4300003         4.41161490E-08
   12.6105003         5.85007598E-09
   12.7910004        -2.77932539E-08
   12.9715004        -5.60499132E-08
   13.1520004        -7.84538159E-08
   13.3325005        -9.52560839E-08
   13.5129995        -1.07675135E-07
   13.6934996        -1.17710798E-07
   13.8739996        -1.27552113E-07
   14.0544996        -1.38887174E-07
   14.2349997        -1.52462832E-07
   14.4154997        -1.68057014E-07
   14.5959997        -1.84732983E-07
   14.7764997        -2.01088341E-07
   14.9569998        -2.15305462E-07
   15.1374998        -2.25062308E-07
   15.3179998        -2.27527451E-07
   15.4984999        -2.19647475E-07
   15.6789999        -1.98726880E-07
   15.8594999        -1.63061486E-07
   16.0400009        -1.12315469E-07
   16.2205009        -4.74852975E-08
   16.4009991         2.94909057E-08
   16.5814991         1.16260942E-07
   16.7619991         2.10561552E-07
   16.9424992         3.10659544E-07
   17.1229992         4.15816032E-07
   17.3034992         5.26770293E-07
   17.4839993         6.46035119E-07
   17.6644993         7.77684932E-07
   17.8449993         9.26465361E-07
   18.0254993         1.09637494E-06
   18.2059994         1.28921420E-06
   18.3864994         1.50373842E-06
   18.5669994         1.73577860E-06
   18.7474995         1.97921918E-06
   18.9279995         2.22730273E-06
   19.1084995         2.47368234E-06
   19.2889996         2.71295289E-06
   19.4694996         2.94078359E-06
   19.6499996         3.15400257E-06
   19.8304996         3.35088453E-06
   20.0109997         3.53153246E-06
   20.1914997         3.69791155E-06
   20.3719997         3.85317662E-06
   20.5524998         4.00033150E-06
   20.7329998         4.14068927E-06
   20.9134998         4.27279474E-06
   21.0939999         4.39237374E-06
   21.2744999         4.49333993E-06
   21.4549999         4.56941916E-06
   21.6355000         4.61573882E-06
   21.8160000         4.62988510E-06
   21.9965000         4.61228092E-06
   22.1770000         4.56597490E-06
   22.3575001         4.49602112E-06
   22.5380001         4.40863550E-06
   22.7185001         4.31019316E-06
   22.8990002         4.20624065E-06
   23.0795002         4.10073926E-06
   23.2600002         3.99576948E-06
   23.4405003         3.89174102E-06
   23.6210003         3.78792492E-06
   23.8015003         3.68293900E-06
   23.9820004         3.57485692E-06
   24.1625004         3.46102320E-06
   24.3430004         3.33791627E-06
   24.5235004         3.20143022E-06
   24.7040005         3.04775199E-06
   24.8845005         2.87456737E-06
   25.0650005         2.68203576E-06
   25.2455006         2.47298590E-06
   25.4260006         2.25222175E-06
   25.6065006         2.02530487E-06
   25.7870007         1.79739459E-06
   25.9675007         1.57253987E-06
   26.1480007         1.35353480E-06
   26.3285007         1.14208990E-06
   26.5090008         9.38948006E-07
   26.6895008         7.43806254E-07
   26.8700008         5.55250551E-07
   27.0505009         3.70979137E-07
   27.2310009         1.88426171E-07
   27.4115009         5.66403013E-09
   27.5919991        -1.77789047E-07
   27.7724991        -3.60653956E-07
   27.9529991        -5.40160329E-07
   28.1334991        -7.12730298E-07
   28.3139992        -8.74781790E-07
   28.4944992        -1.02340744E-06
   28.6749992        -1.15680132E-06
   28.8554993        -1.27442524E-06
   29.0359993        -1.37693348E-06
   29.2164993        -1.46584955E-06
   29.3969994        -1.54294560E-06
   29.5774994        -1.60947400E-06
   29.7579994        -1.66561608E-06
   29.9384995        -1.71041108E-06
   30.1189995        -1.74228717E-06
   30.2994995        -1.76000447E-06
   30.4799995        -1.76353444E-06
   30.6604996        -1.75435582E-06
   30.8409996        -1.73501917E-06
   31.0214996        -1.70823466E-06
   31.2019997        -1.67599387E-06
   31.3824997        -1.63912750E-06
   31.5629997        -1.59738579E-06
   31.7434998        -1.54977658E-06
   31.9239998        -1.49484367E-06
   32.1044998        -1.43067746E-06
   32.2849998        -1.35483265E-06
   32.4654999        -1.26441500E-06
   32.6459999        -1.15652369E-06
   32.8264999        -1.02890874E-06
   33.0070000        -8.80518883E-07
   33.1875000        -7.11536700E-07
   33.3680000        -5.22922051E-07
   33.5485001        -3.15769199E-07
   33.7290001        -9.08464202E-08
   33.9095001         1.51420650E-07
   34.0900002         4.10573506E-07
   34.2705002         6.85674422E-07
   34.4510002         9.75148168E-07
   34.6315002         1.27698195E-06
   34.8120003         1.58902765E-06
   34.9925003         1.90922424E-06
   35.1730003         2.23568645E-06
   35.3535004         2.56668409E-06
   35.5340004         2.90065782E-06
   35.7145004         3.23627364E-06
   35.8950005         3.57239310E-06
   36.0755005         3.90773175E-06
   36.2560005         4.24022210E-06
   36.4365005         4.56645193E-06
   36.6170006         4.88160686E-06
   36.7975006         5.18016759E-06
   36.9780006         5.45716148E-06
   37.1585007         5.70940983E-06
   37.3390007         5.93619461E-06
   37.5195007         6.13907150E-06
   37.7000008         6.32106048E-06
   37.8805008         6.48577134E-06
   38.0610008         6.63688843E-06
   38.2415009         6.77804746E-06
   38.4220009         6.91273817E-06
   38.6025009         7.04379454E-06
   38.7830009         7.17251896E-06
   38.9635010         7.29788053E-06
   39.1440010         7.41627491E-06
   39.3245010         7.52223605E-06
   39.5050011         7.60997546E-06
   39.6855011         7.67509209E-06
   39.8660011         7.71572650E-06
   40.0465012         7.73277498E-06
   40.2270012         7.72931344E-06
   40.4075012         7.70957831E-06
   40.5880013         7.67792335E-06
   40.7685013         7.63790922E-06
   40.9490013         7.59160002E-06
   41.1295013         7.53896120E-06
   41.3100014         7.47756121E-06
   41.4905014         7.40278347E-06
   41.6710014         7.30866259E-06
   41.8515015         7.18908996E-06
   42.0320015         7.03898695E-06
   42.2125015         6.85498389E-06
   42.3930016         6.63555466E-06
   42.5735016         6.38091933E-06
   42.7540016         6.09313838E-06
   42.9345016         5.77653736E-06
   43.1150017         5.43819215E-06
   43.2955017         5.08791118E-06
   43.4760017         4.73716500E-06
   43.6565018         4.39702262E-06
   43.8370018         4.07577318E-06
   44.0175018         3.77724336E-06
   44.1980019         3.50039795E-06
   44.3785019         3.24024427E-06
   44.5589981         2.98954978E-06
   44.7394981         2.74067497E-06
   44.9199982         2.48702281E-06
   45.1004982         2.22409858E-06
   45.2809982         1.95043663E-06
   45.4614983         1.66841460E-06
   45.6419983         1.38458188E-06
   45.8224983         1.10907604E-06
   46.0029984         8.53852896E-07
   46.1834984         6.30019372E-07
   46.3639984         4.45056827E-07
   46.5444984         3.00910926E-07
   46.7249985         1.93442077E-07
   46.9054985         1.13208003E-07
   47.0859985         4.71813628E-08
   47.2664986        -1.91963245E-08
   47.4469986        -1.00009082E-07
   47.6274986        -2.06989029E-07
   47.8079987        -3.47806406E-07
   47.9884987        -5.24894915E-07
   48.1689987        -7.35365859E-07
   48.3494987        -9.72217549E-07
   48.5299988        -1.22657491E-06
   48.7104988        -1.49031780E-06
   48.8909988        -1.75816444E-06
   49.0714989        -2.02850993E-06
   49.2519989        -2.30299793E-06
   49.4324989        -2.58545151E-06
   49.6129990        -2.88078422E-06
   49.7934990        -3.19416745E-06
   49.9739990        -3.53039331E-06
   50.1544991        -3.89311754E-06
   50.3349991        -4.28387648E-06
   50.5154991        -4.70125178E-06
   50.6959991        -5.14080148E-06
   50.8764992        -5.59594309E-06
   51.0569992        -6.05953392E-06
   51.2374992        -6.52553263E-06
   51.4179993        -6.98994745E-06
   51.5984993        -7.45069610E-06
   51.7789993        -7.90690319E-06
   51.9594994        -8.35848186E-06
   52.1399994        -8.80634343E-06
   52.3204994        -9.25294444E-06
   52.5009995        -9.70266319E-06
   52.6814995        -1.01613059E-05
   52.8619995        -1.06345151E-05
   53.0424995        -1.11256149E-05
   53.2229996        -1.16340661E-05
   53.4034996        -1.21552475E-05
   53.5839996        -1.26815576E-05
   53.7644997        -1.32042896E-05
   53.9449997        -1.37155803E-05
   54.1254997        -1.42098716E-05
   54.3059998        -1.46847105E-05
   54.4864998        -1.51409840E-05
   54.6669998        -1.55827202E-05
   54.8474998        -1.60164072E-05
   55.0279999        -1.64497396E-05
   55.2084999        -1.68898951E-05
   55.3889999        -1.73419212E-05
   55.5695000        -1.78079299E-05
   55.7500000        -1.82873791E-05
   55.9305000        -1.87781188E-05
   56.1110001        -1.92775351E-05
   56.2915001        -1.97831996E-05
   56.4720001        -2.02929314E-05
   56.6525002        -2.08045512E-05
   56.8330002        -2.13160420E-05
   57.0135002        -2.18265668E-05
   57.1940002        -2.23378865E-05
   57.3745003        -2.28551307E-05
   57.5550003        -2.33862029E-05
   57.7355003        -2.39398832E-05
   57.9160004        -2.45233568E-05
   58.0965004        -2.51402562E-05
   58.2770004        -2.57901320E-05
   58.4575005        -2.64694554E-05
   58.6380005        -2.71734425E-05
   58.8185005        -2.78975203E-05
   58.9990005        -2.86379891E-05
   59.1795006        -2.93919129E-05
   59.3600006        -3.01566997E-05
   59.5405006        -3.09298630E-05
   59.7210007        -3.17090235E-05
   59.9015007        -3.24921166E-05
   60.0820007        -3.32774907E-05
   60.2625008        -3.40639017E-05
   60.4430008        -3.48505273E-05
   60.6235008        -3.56371202E-05
   60.8040009        -3.64242187E-05
   60.9845009        -3.72130307E-05
   61.1650009        -3.80046768E-05
   61.3455009        -3.87989821E-05
   61.5260010        -3.95933785E-05
   61.7065010        -4.03827653E-05
   61.8870010        -4.11605070E-05
   62.0675011        -4.19202006E-05
   62.2480011        -4.26574588E-05
   62.4285011        -4.33706773E-05
   62.6090012        -4.40605472E-05
   62.7895012        -4.47286548E-05
   62.9700012        -4.53762441E-05
   63.1505013        -4.60036972E-05
   63.3310013        -4.66107558E-05
   63.5115013        -4.71970088E-05
   63.6920013        -4.77620488E-05
   63.8725014        -4.83051408E-05
   64.0530014        -4.88248370E-05
   64.2334976        -4.93190637E-05
   64.4140015        -4.97859583E-05
   64.5944977        -5.02253424E-05
   64.7750015        -5.06399374E-05
   64.9554977        -5.10355640E-05
   65.1360016        -5.14201965E-05
   65.3164978        -5.18024281E-05
   65.4970016        -5.21899783E-05
   65.6774979        -5.25886935E-05
   65.8580017        -5.30019606E-05
   66.0384979        -5.34305473E-05
   66.2190018        -5.38723507E-05
   66.3994980        -5.43224014E-05
   66.5800018        -5.47731906E-05
   66.7604980        -5.52158344E-05
   66.9410019        -5.56416599E-05
   67.1214981        -5.60438093E-05
   67.3020020        -5.64182046E-05
   67.4824982        -5.67635580E-05
   67.6630020        -5.70808224E-05
   67.8434982        -5.73725811E-05
   68.0240021        -5.76427119E-05
   68.2044983        -5.78960535E-05
   68.3850021        -5.81377535E-05
   68.5654984        -5.83720866E-05
   68.7460022        -5.86007118E-05
   68.9264984        -5.88214098E-05
   69.1070023        -5.90280761E-05
   69.2874985        -5.92122196E-05
   69.4680023        -5.93653749E-05
   69.6484985        -5.94813646E-05
   69.8290024        -5.95577003E-05
   70.0094986        -5.95957208E-05
   70.1900024        -5.95999591E-05
   70.3704987        -5.95774000E-05
   70.5510025        -5.95370984E-05
   70.7314987        -5.94898665E-05
   70.9120026        -5.94473240E-05
   71.0924988        -5.94201156E-05
   71.2730026        -5.94157173E-05
   71.4534988        -5.94364465E-05
   71.6340027        -5.94787125E-05
   71.8144989        -5.95337515E-05
   71.9950027        -5.95898200E-05
   72.1754990        -5.96346872E-05
   72.3560028        -5.96579084E-05
   72.5364990        -5.96523714E-05
   72.7170029        -5.96151804E-05
   72.8974991        -5.95478523E-05
   73.0780029        -5.94558987E-05
   73.2584991        -5.93474688E-05
   73.4390030        -5.92311590E-05
   73.6194992        -5.91135140E-05
   73.8000031        -5.89970914E-05
   73.9804993        -5.88797411E-05
   74.1610031        -5.87554787E-05
   74.3414993        -5.86164424E-05
   74.5220032        -5.84548361E-05
   74.7024994        -5.82640459E-05
   74.8830032        -5.80390079E-05
   75.0634995        -5.77762366E-05
   75.2440033        -5.74741061E-05
   75.4244995        -5.71336750E-05
   75.6050034        -5.67596726E-05
   75.7854996        -5.63606882E-05
   75.9660034        -5.59479195E-05
   76.1464996        -5.55326733E-05
   76.3270035        -5.51237245E-05
   76.5074997        -5.47255077E-05
   76.6880035        -5.43377719E-05
   76.8684998        -5.39565190E-05
   77.0490036        -5.35758045E-05
   77.2294998        -5.31895494E-05
   77.4100037        -5.27927732E-05
   77.5904999        -5.23825511E-05
   77.7710037        -5.19587520E-05
   77.9514999        -5.15243664E-05
   78.1320038        -5.10851387E-05
   78.3125000        -5.06481665E-05
   78.4929962        -5.02199509E-05
   78.6735001        -4.98045483E-05
   78.8539963        -4.94025408E-05
   79.0345001        -4.90112288E-05
   79.2149963        -4.86257450E-05
   79.3955002        -4.82401338E-05
   79.5759964        -4.78476977E-05
   79.7565002        -4.74406952E-05
   79.9369965        -4.70101113E-05
   80.1175003        -4.65462654E-05
   80.2979965        -4.60405608E-05
   80.4785004        -4.54876790E-05
   80.6589966        -4.48871069E-05
   80.8395004        -4.42431665E-05
   81.0199966        -4.35634029E-05
   81.2005005        -4.28562416E-05
   81.3809967        -4.21290970E-05
   81.5615005        -4.13875532E-05
   81.7419968        -4.06355612E-05
   81.9225006        -3.98761222E-05
   82.1029968        -3.91116446E-05
   82.2835007        -3.83439765E-05
   82.4639969        -3.75743111E-05
   82.6445007        -3.68032997E-05
   82.8249969        -3.60313425E-05
   83.0055008        -3.52588067E-05
   83.1859970        -3.44858236E-05
   83.3665009        -3.37116217E-05
   83.5469971        -3.29339309E-05
   83.7275009        -3.21491534E-05
   83.9079971        -3.13534183E-05
   84.0885010        -3.05440662E-05
   84.2689972        -2.97204970E-05
   84.4495010        -2.88840256E-05
   84.6299973        -2.80368458E-05
   84.8105011        -2.71808094E-05
   84.9909973        -2.63170405E-05
   85.1715012        -2.54467213E-05
   85.3519974        -2.45724168E-05
   85.5325012        -2.36988726E-05
   85.7129974        -2.28326480E-05
   85.8935013        -2.19805315E-05
   86.0739975        -2.11476345E-05
   86.2545013        -2.03362797E-05
   86.4349976        -1.95460998E-05
   86.6155014        -1.87750175E-05
   86.7959976        -1.80203460E-05
   86.9765015        -1.72793298E-05
   87.1569977        -1.65491620E-05
   87.3375015        -1.58268922E-05
   87.5179977        -1.51097147E-05
   87.6985016        -1.43956995E-05
   87.8789978        -1.36845401E-05
   88.0595016        -1.29775672E-05
   88.2399979        -1.22769470E-05
   88.4205017        -1.15844941E-05
   88.6009979        -1.09009061E-05
   88.7815018        -1.02259201E-05
   88.9619980        -9.55911401E-06
   89.1425018        -8.90060255E-06
   89.3229980        -8.25105781E-06
   89.5035019        -7.61099182E-06
   89.6839981        -6.97976020E-06
   89.8645020        -6.35514243E-06
   90.0449982        -5.73409943E-06
   90.2255020        -5.11429744E-06
   90.4059982        -4.49544450E-06
   90.5865021        -3.87964883E-06
   90.7669983        -3.27082876E-06
   90.9475021        -2.67364999E-06
   91.1279984        -2.09262203E-06
   91.3085022        -1.53164910E-06
   91.4889984        -9.93892172E-07
   91.6695023        -4.81368488E-07
   91.8499985         6.18100371E-09
   92.0305023         4.72668177E-07
   92.2109985         9.26220821E-07
   92.3915024         1.37824100E-06
   92.5719986         1.84126191E-06
   92.7525024         2.32634852E-06
   92.9329987         2.84097814E-06
   93.1135025         3.38818131E-06
   93.2939987         3.96693758E-06
   93.4745026         4.57312035E-06
   93.6549988         5.20015055E-06
   93.8355026         5.83932433E-06
   94.0159988         6.48051628E-06
   94.1965027         7.11375014E-06
   94.3769989         7.73128613E-06
   94.5575027         8.32959540E-06
   94.7379990         8.91038962E-06
   94.9185028         9.47995341E-06
   95.0989990         1.00470224E-05
   95.2795029         1.06203215E-05
   95.4599991         1.12068519E-05
   95.6405029         1.18112639E-05
   95.8209991         1.24359112E-05
   96.0015030         1.30808667E-05
   96.1819992         1.37436136E-05
   96.3625031         1.44186179E-05
   96.5429993         1.50973428E-05
   96.7235031         1.57692339E-05
   96.9039993         1.64235753E-05
   97.0845032         1.70513395E-05
   97.2649994         1.76461654E-05
   97.4455032         1.82043023E-05
   97.6259995         1.87238529E-05
   97.8065033         1.92042080E-05
   97.9869995         1.96461533E-05
   98.1675034         2.00523482E-05
   98.3479996         2.04274711E-05
   98.5285034         2.07774610E-05
   98.7089996         2.11078077E-05
   98.8895035         2.14217162E-05
   99.0699997         2.17191337E-05
   99.2505035         2.19970898E-05
   99.4309998         2.22510680E-05
   99.6115036         2.24766427E-05
   99.7919998         2.26705506E-05
   99.9725037         2.28310382E-05
   100.153000         2.29579418E-05
   100.333504         2.30530040E-05
   100.514000         2.31204649E-05
   100.694504         2.31672911E-05
   100.875000         2.32023667E-05
   101.055496         2.32346974E-05
   101.236000         2.32712009E-05
   101.416496         2.33148767E-05
   101.597000         2.33643350E-05
   101.777496         2.34149684E-05
   101.958000         2.34606632E-05
   102.138496         2.34948293E-05
   102.319000         2.35106017E-05
   102.499496         2.35005882E-05
   102.680000         2.34569070E-05
   102.860497         2.33719493E-05
   103.041000         2.32399616E-05
   103.221497         2.30587575E-05
   103.402000         2.28304143E-05
   103.582497         2.25605108E-05
   103.763000         2.22565304E-05
   103.943497         2.19263165E-05
   104.124001         2.15770579E-05
   104.304497         2.12147406E-05
   104.485001         2.08436668E-05
   104.665497         2.04658045E-05
   104.846001         2.00799604E-05
   105.026497         1.96814417E-05
   105.207001         1.92627558E-05
   105.387497         1.88155009E-05
   105.568001         1.83327193E-05
   105.748497         1.78105875E-05
   105.929001         1.72488817E-05
   106.109497         1.66506325E-05
   106.290001         1.60215477E-05
   106.470497         1.53696092E-05
   106.651001         1.47048795E-05
   106.831497         1.40389848E-05
   107.012001         1.33835838E-05
   107.192497         1.27476324E-05
   107.373001         1.21343310E-05
   107.553497         1.15394141E-05
   107.734001         1.09517359E-05
   107.914497         1.03558741E-05
   108.095001         9.73557599E-06
   108.275497         9.07684625E-06
   108.456001         8.36964500E-06
   108.636497         7.60799549E-06
   108.817001         6.78929018E-06
   108.997498         5.91367279E-06
   109.178001         4.98386044E-06
   109.358498         4.00491399E-06
   109.539001         2.98355235E-06
   109.719498         1.92688913E-06
   109.900002         8.41156748E-07
   110.080498        -2.69174279E-07
   110.261002        -1.40172313E-06
   110.441498        -2.55594750E-06
   110.622002        -3.73274133E-06
   110.802498        -4.93432117E-06
   110.983002        -6.16407442E-06
   111.163498        -7.42583825E-06
   111.344002        -8.72226246E-06
   111.524498        -1.00524858E-05
   111.705002        -1.14103486E-05
   111.885498        -1.27842668E-05
   112.066002        -1.41589126E-05
   112.246498        -1.55180333E-05
   112.427002        -1.68474271E-05
   112.607498        -1.81367468E-05
   112.788002        -1.93798660E-05
   112.968498        -2.05744600E-05
   113.149002        -2.17217730E-05
   113.329498        -2.28269600E-05
   113.510002        -2.38994289E-05
   113.690498        -2.49522673E-05
   113.871002        -2.60002380E-05
   114.051498        -2.70567398E-05
   114.232002        -2.81306638E-05
   114.412498        -2.92246987E-05
   114.593002        -3.03355137E-05
   114.773499        -3.14553799E-05
   114.954002        -3.25742949E-05
   115.134499        -3.36816556E-05
   115.315002        -3.47671958E-05
   115.495499        -3.58218094E-05
   115.676003        -3.68385226E-05
   115.856499        -3.78134137E-05
   116.037003        -3.87459913E-05
   116.217499        -3.96388605E-05
   116.398003        -4.04963685E-05
   116.578499        -4.13229645E-05
   116.759003        -4.21220248E-05
   116.939499        -4.28957683E-05
   117.120003        -4.36458467E-05
   117.300499        -4.43735589E-05
   117.481003        -4.50791013E-05
   117.661499        -4.57603201E-05
   117.842003        -4.64119184E-05
   118.022499        -4.70259147E-05
   118.203003        -4.75934830E-05
   118.383499        -4.81077186E-05
   118.564003        -4.85660930E-05
   118.744499        -4.89712402E-05
   118.925003        -4.93301632E-05
   119.105499        -4.96525245E-05
   119.286003        -4.99491398E-05
   119.466499        -5.02310068E-05
   119.647003        -5.05082862E-05
   119.827499        -5.07888690E-05
   120.008003        -5.10767095E-05
   120.188499        -5.13701380E-05
   120.369003        -5.16610417E-05
   120.549500        -5.19358764E-05
   120.730003        -5.21788206E-05
   120.910500        -5.23755261E-05
   121.091003        -5.25161558E-05
   121.271500        -5.25968208E-05
   121.452003        -5.26198019E-05
   121.632500        -5.25928372E-05
   121.813004        -5.25277319E-05
   121.993500        -5.24385541E-05
   122.174004        -5.23397321E-05
   122.354500        -5.22435876E-05
   122.535004        -5.21573893E-05
   122.715500        -5.20811191E-05
   122.896004        -5.20071189E-05
   123.076500        -5.19216919E-05
   123.257004        -5.18078268E-05
   123.437500        -5.16480541E-05
   123.617996        -5.14269195E-05
   123.798500        -5.11325670E-05
   123.978996        -5.07577861E-05
   124.159500        -5.03009069E-05
   124.339996        -4.97667752E-05
   124.520500        -4.91668725E-05
   124.700996        -4.85176133E-05
   124.881500        -4.78370202E-05
   125.061996        -4.71405911E-05
   125.242500        -4.64380537E-05
   125.422997        -4.57320675E-05
   125.603500        -4.50191474E-05
   125.783997        -4.42920318E-05
   125.964500        -4.35423644E-05
   126.144997        -4.27625200E-05
   126.325500        -4.19466269E-05
   126.505997        -4.10914254E-05
   126.686501        -4.01973775E-05
   126.866997        -3.92696056E-05
   127.047501        -3.83179904E-05
   127.227997        -3.73555959E-05
   127.408501        -3.63956897E-05
   127.588997        -3.54484109E-05
   127.769501        -3.45181943E-05
   127.949997        -3.36028061E-05
   128.130493        -3.26943700E-05
   128.311005        -3.17813137E-05
   128.491501        -3.08503186E-05
   128.671997        -2.98879604E-05
   128.852493        -2.88824813E-05
   129.033005        -2.78259922E-05
   129.213501        -2.67167397E-05
   129.393997        -2.55601226E-05
   129.574493        -2.43681443E-05
   129.755005        -2.31569538E-05
   129.935501        -2.19429094E-05
   130.115997        -2.07387420E-05
   130.296494        -1.95514622E-05
   130.477005        -1.83824941E-05
   130.657501        -1.72293039E-05
   130.837997        -1.60870368E-05
   131.018494        -1.49497473E-05
   131.199005        -1.38113337E-05
   131.379501        -1.26664754E-05
   131.559998        -1.15116736E-05
   131.740494        -1.03466491E-05
   131.921005        -9.17529633E-06
   132.101501        -8.00535236E-06
   132.281998        -6.84642464E-06
   132.462494        -5.70732527E-06
   132.643005        -4.59405419E-06
   132.823502        -3.50909431E-06
   133.003998        -2.45168007E-06
   133.184494        -1.41859709E-06
   133.365005        -4.05056227E-07
   133.545502         5.94791459E-07
   133.725998         1.58774549E-06
   133.906494         2.58095201E-06
   134.087006         3.58054399E-06
   134.267502         4.59039711E-06
   134.447998         5.61197794E-06
   134.628494         6.64529762E-06
   134.809006         7.69019971E-06
   134.989502         8.74731541E-06
   135.169998         9.81830635E-06
   135.350494         1.09049925E-05
   135.531006         1.20079903E-05
   135.711502         1.31263023E-05
   135.891998         1.42583403E-05
   136.072495         1.54034715E-05
   136.253006         1.65628408E-05
   136.433502         1.77389193E-05
   136.613998         1.89337879E-05
   136.794495         2.01471339E-05
   136.975006         2.13750518E-05
   137.155502         2.26101820E-05
   137.335999         2.38430839E-05
   137.516495         2.50637004E-05
   137.697006         2.62621197E-05
   137.877502         2.74286322E-05
   138.057999         2.85538881E-05
   138.238495         2.96297185E-05
   138.419006         3.06505390E-05
   138.599503         3.16145379E-05
   138.779999         3.25239671E-05
   138.960495         3.33843273E-05
   139.141006         3.42028034E-05
   139.321503         3.49867405E-05
   139.501999         3.57430545E-05
   139.682495         3.64786829E-05
   139.863007         3.72011127E-05
   140.043503         3.79180819E-05
   140.223999         3.86363135E-05
   140.404495         3.93600203E-05
   140.585007         4.00901627E-05
   140.765503         4.08247652E-05
   140.945999         4.15602408E-05
   141.126495         4.22928242E-05
   141.307007         4.30196851E-05
   141.487503         4.37392373E-05
   141.667999         4.44509897E-05
   141.848495         4.51552769E-05
   142.029007         4.58533759E-05
   142.209503         4.65472440E-05
   142.389999         4.72381653E-05
   142.570496         4.79245355E-05
   142.751007         4.85999881E-05
   142.931503         4.92527397E-05
   143.112000         4.98665831E-05
   143.292496         5.04237141E-05
   143.473007         5.09085221E-05
   143.653503         5.13107479E-05
   143.834000         5.16267537E-05
   144.014496         5.18594643E-05
   144.195007         5.20178546E-05
   144.375504         5.21162074E-05
   144.556000         5.21726251E-05
   144.736496         5.22067821E-05
   144.917007         5.22369082E-05
   145.097504         5.22761984E-05
   145.278000         5.23294584E-05
   145.458496         5.23917333E-05
   145.639008         5.24499192E-05
   145.819504         5.24865318E-05
   146.000000         5.24839816E-05
   146.180496         5.24280258E-05
   146.360992         5.23100607E-05
   146.541504         5.21280454E-05
   146.722000         5.18863089E-05
   146.902496         5.15945103E-05
   147.082993         5.12660699E-05
   147.263504         5.09155980E-05
   147.444000         5.05551616E-05
   147.624496         5.01904724E-05
   147.804993         4.98186782E-05
   147.985504         4.94288870E-05
   148.166000         4.90050370E-05
   148.346497         4.85299825E-05
   148.526993         4.79894079E-05
   148.707504         4.73745458E-05
   148.888000         4.66830716E-05
   149.068497         4.59187322E-05
   149.248993         4.50906518E-05
   149.429504         4.42126584E-05
   149.610001         4.33017703E-05
   149.790497         4.23754100E-05
   149.970993         4.14478927E-05
   150.151505         4.05272876E-05
   150.332001         3.96139585E-05
   150.512497         3.87012951E-05
   150.692993         3.77785145E-05
   150.873505         3.68343608E-05
   151.054001         3.58601537E-05
   151.234497         3.48512258E-05
   151.414993         3.38071077E-05
   151.595505         3.27312955E-05
   151.776001         3.16309815E-05
   151.956497         3.05164558E-05
   152.136993         2.93996382E-05
   152.317505         2.82916553E-05
   152.498001         2.72000088E-05
   152.678497         2.61262230E-05
   152.858994         2.50650028E-05
   153.039505         2.40054906E-05
   153.220001         2.29340512E-05
   153.400497         2.18371079E-05
   153.580994         2.07029661E-05
   153.761505         1.95226748E-05
   153.942001         1.82904860E-05
   154.122498         1.70041858E-05
   154.302994         1.56650494E-05
   154.483505         1.42772942E-05
   154.664001         1.28468064E-05
   154.844498         1.13789356E-05
   155.024994         9.87592921E-06
   155.205505         8.33550985E-06
   155.386002         6.75129513E-06
   155.566498         5.11454527E-06
   155.746994         3.41619170E-06
   155.927505         1.64843982E-06
   156.108002        -1.94253047E-07
   156.288498        -2.11457063E-06
   156.468994        -4.11167684E-06
   156.649506        -6.18010881E-06
   156.830002        -8.30857516E-06
   157.010498        -1.04800320E-05
   157.190994        -1.26738860E-05
   157.371506        -1.48696145E-05
   157.552002        -1.70502881E-05
   157.732498        -1.92047064E-05
   157.912994        -2.13275634E-05
   158.093506        -2.34178642E-05
   158.274002        -2.54767529E-05
   158.454498        -2.75058883E-05
   158.634995        -2.95071441E-05
   158.815506        -3.14830540E-05
   158.996002        -3.34369688E-05
   159.176498        -3.53725409E-05
   159.356995        -3.72930990E-05
   159.537506        -3.92011971E-05
   159.718002        -4.10987668E-05
   159.898499        -4.29877837E-05
   160.078995        -4.48709179E-05
   160.259506        -4.67515674E-05
   160.440002        -4.86334975E-05
   160.620499        -5.05204916E-05
   160.800995        -5.24167226E-05
   160.981506        -5.43275455E-05
   161.162003        -5.62599780E-05
   161.342499        -5.82221182E-05
   161.522995        -6.02213113E-05
   161.703506        -6.22616790E-05
   161.884003        -6.43424210E-05
   162.064499        -6.64579056E-05
   162.244995        -6.85992418E-05
   162.425507        -7.07564686E-05
   162.606003        -7.29199528E-05
   162.786499        -7.50805848E-05
   162.966995        -7.72290223E-05
   163.147507        -7.93550716E-05
   163.328003        -8.14482846E-05
   163.508499        -8.34996972E-05
   163.688995        -8.55033286E-05
   163.869507        -8.74565594E-05
   164.050003        -8.93590986E-05
   164.230499        -9.12111063E-05
   164.410995        -9.30112728E-05
   164.591507        -9.47559602E-05
   164.772003        -9.64396677E-05
   164.952499        -9.80560653E-05
   165.132996        -9.95986993E-05
   165.313507        -1.01061072E-04
   165.494003        -1.02436876E-04
   165.674500        -1.03720551E-04
   165.854996        -1.04907980E-04
   166.035507        -1.05997176E-04
   166.216003        -1.06988431E-04
   166.396500        -1.07883963E-04
   166.576996        -1.08686909E-04
   166.757507        -1.09400629E-04
   166.938004        -1.10029061E-04
   167.118500        -1.10577508E-04
   167.298996        -1.11052752E-04
   167.479507        -1.11461952E-04
   167.660004        -1.11810667E-04
   167.840500        -1.12100752E-04
   168.020996        -1.12329479E-04
   168.201508        -1.12490634E-04
   168.382004        -1.12577371E-04
   168.562500        -1.12585316E-04
   168.742996        -1.12514295E-04
   168.923492        -1.12368005E-04
   169.104004        -1.12152578E-04
   169.284500        -1.11874855E-04
   169.464996        -1.11541063E-04
   169.645493        -1.11156100E-04
   169.826004        -1.10723136E-04
   170.006500        -1.10242756E-04
   170.186996        -1.09711473E-04
   170.367493        -1.09120519E-04
   170.548004        -1.08456152E-04
   170.728500        -1.07702122E-04
   170.908997        -1.06843203E-04
   171.089493        -1.05868654E-04
   171.270004        -1.04774816E-04
   171.450500        -1.03565973E-04
   171.630997        -1.02253485E-04
   171.811493        -1.00853802E-04
   171.992004        -9.93860813E-05
   172.172501        -9.78694079E-05
   172.352997        -9.63194834E-05
   172.533493        -9.47453591E-05
   172.714005        -9.31474933E-05
   172.894501        -9.15181590E-05
   173.074997        -8.98439248E-05
   173.255493        -8.81099404E-05
   173.436005        -8.63047753E-05
   173.616501        -8.44236056E-05
   173.796997        -8.24690360E-05
   173.977493        -8.04499796E-05
   174.158005        -7.83798532E-05
   174.338501        -7.62743002E-05
   174.518997        -7.41490658E-05
   174.699493        -7.20176104E-05
   174.880005        -6.98885560E-05
   175.060501        -6.77631542E-05
   175.240997        -6.56337143E-05
   175.421494        -6.34845346E-05
   175.602005        -6.12952426E-05
   175.782501        -5.90456621E-05
   175.962997        -5.67204515E-05
   176.143494        -5.43124333E-05
   176.324005        -5.18235211E-05
   176.504501        -4.92637701E-05
   176.684998        -4.66493329E-05
   176.865494        -4.39999385E-05
   177.046005        -4.13363741E-05
   177.226501        -3.86778447E-05
   177.406998        -3.60390113E-05
   177.587494        -3.34278120E-05
   177.768005        -3.08449162E-05
   177.948502        -2.82850124E-05
   178.128998        -2.57394568E-05
   178.309494        -2.31995418E-05
   178.490005        -2.06593413E-05
   178.670502        -1.81171526E-05
   178.850998        -1.55755206E-05
   179.031494        -1.30406652E-05
   179.212006        -1.05220088E-05
   179.392502        -8.03113744E-06
   179.572998        -5.58006877E-06
   179.753494        -3.17896161E-06
   179.934006        -8.33694344E-07
   180.114502         1.45599677E-06
   180.294998         3.69698114E-06
   180.475494         5.90082391E-06
   180.656006         8.08069308E-06
   180.836502         1.02483546E-05
   181.016998         1.24120807E-05
   181.197495         1.45757676E-05
   181.378006         1.67390299E-05
   181.558502         1.88978556E-05
   181.738998         2.10452617E-05
   181.919495         2.31720878E-05
   182.100006         2.52683876E-05
   182.280502         2.73255682E-05
   182.460999         2.93385492E-05
   182.641495         3.13068231E-05
   182.822006         3.32339878E-05
   183.002502         3.51257986E-05
   183.182999         3.69874979E-05
   183.363495         3.88216649E-05
   183.544006         4.06270592E-05
   183.724503         4.23988495E-05
   183.904999         4.41294287E-05
   184.085495         4.58094182E-05
   184.266006         4.74283806E-05
   184.446503         4.89756785E-05
   184.626999         5.04417876E-05
   184.807495         5.18197667E-05
   184.988007         5.31060614E-05
   185.168503         5.43005845E-05
   185.348999         5.54059770E-05
   185.529495         5.64260044E-05
   185.710007         5.73641155E-05
   185.890503         5.82230423E-05
   186.070999         5.90050913E-05
   186.251495         5.97124490E-05
   186.432007         6.03470216E-05
   186.612503         6.09101116E-05
   186.792999         6.14018645E-05
   186.973495         6.18210834E-05
   187.154007         6.21658910E-05
   187.334503         6.24349050E-05
   187.514999         6.26278852E-05
   187.695496         6.27454283E-05
   187.876007         6.27879999E-05
   188.056503         6.27549671E-05
   188.237000         6.26442779E-05
   188.417496         6.24530076E-05
   188.598007         6.21783256E-05
   188.778503         6.18182530E-05
   188.959000         6.13714292E-05
   189.139496         6.08360424E-05
   189.320007         6.02090695E-05
   189.500504         5.94864578E-05
   189.681000         5.86643328E-05
   189.861496         5.77404790E-05
   190.042007         5.67154930E-05
   190.222504         5.55929873E-05
   190.403000         5.43787137E-05
   190.583496         5.30790203E-05
   190.764008         5.16998407E-05
   190.944504         5.02463445E-05
   191.125000         4.87228572E-05
   191.305496         4.71324784E-05
   191.485992         4.54769397E-05
   191.666504         4.37565614E-05
   191.847000         4.19704556E-05
   192.027496         4.01172765E-05
   192.207993         3.81965619E-05
   192.388504         3.62098726E-05
   192.569000         3.41609084E-05
   192.749496         3.20549407E-05
   192.929993         2.98982304E-05
   193.110504         2.76978299E-05
   193.291000         2.54615315E-05
   193.471497         2.31977756E-05
   193.651993         2.09153150E-05
   193.832504         1.86221332E-05
   194.013000         1.63237637E-05
   194.193497         1.40223619E-05
   194.373993         1.17172576E-05
   194.554504         9.40677546E-06
   194.735001         7.09040296E-06
   194.915497         4.77007143E-06
   195.095993         2.45014007E-06
   195.276505         1.36244097E-07
   195.457001        -2.16648186E-06
   195.637497        -4.45468459E-06
   195.817993        -6.72651186E-06
   195.998505        -8.98048347E-06
   196.179001        -1.12147181E-05
   196.359497        -1.34269530E-05
   196.539993        -1.56150854E-05
   196.720505        -1.77779966E-05
   196.901001        -1.99163842E-05
   197.081497        -2.20331203E-05
   197.261993        -2.41327234E-05
   197.442505        -2.62205631E-05
   197.623001        -2.83024820E-05
   197.803497        -3.03842626E-05
   197.983994        -3.24703797E-05
   198.164505        -3.45628468E-05
   198.345001        -3.66607455E-05
   198.525497        -3.87603504E-05
   198.705994        -4.08559827E-05
   198.886505        -4.29417159E-05
   199.067001        -4.50131156E-05
   199.247498        -4.70676605E-05
   199.427994        -4.91041355E-05
   199.608505        -5.11218459E-05
   199.789001        -5.31203405E-05
   199.969498        -5.50995392E-05
   200.149994        -5.70602024E-05
   200.330505        -5.90041491E-05
   200.511002        -6.09334238E-05
   200.691498        -6.28481794E-05
   200.871994        -6.47444613E-05
   201.052505        -6.66132037E-05
   201.233002        -6.84408660E-05
   201.413498        -7.02113684E-05
   201.593994        -7.19088493E-05
   201.774506        -7.35202339E-05
   201.955002        -7.50368999E-05
   202.135498        -7.64551514E-05
   202.315994        -7.77758614E-05
   202.496506        -7.90035992E-05
   202.677002        -8.01455681E-05
   202.857498        -8.12097860E-05
   203.037994        -8.22029106E-05
   203.218506        -8.31287834E-05
   203.399002        -8.39881468E-05
   203.579498        -8.47791089E-05
   203.759995        -8.54984464E-05
   203.940506        -8.61434601E-05
   204.121002        -8.67134440E-05
   204.301498        -8.72100209E-05
   204.481995        -8.76368067E-05
   204.662506        -8.79996005E-05
   204.843002        -8.83067041E-05
   205.023499        -8.85685367E-05
   205.203995        -8.87964561E-05
   205.384506        -8.90013253E-05
   205.565002        -8.91914606E-05
   205.745499        -8.93703254E-05
   205.925995        -8.95358971E-05
   206.106506        -8.96821366E-05
   206.287003        -8.98014041E-05
   206.467499        -8.98865765E-05
   206.647995        -8.99323641E-05
   206.828506        -8.99356382E-05
   207.009003        -8.98951548E-05
   207.189499        -8.98107392E-05
   207.369995        -8.96830898E-05
   207.550507        -8.95140329E-05
   207.731003        -8.93062388E-05
   207.911499        -8.90618612E-05
   208.091995        -8.87809001E-05
   208.272507        -8.84600740E-05
   208.453003        -8.80925145E-05
   208.633499        -8.76686245E-05
   208.813995        -8.71777520E-05
   208.994507        -8.66103073E-05
   209.175003        -8.59593711E-05
   209.355499        -8.52214871E-05
   209.535995        -8.43970411E-05
   209.716507        -8.34907551E-05
   209.897003        -8.25116003E-05
   210.077499        -8.14715386E-05
   210.257996        -8.03834773E-05
   210.438507        -7.92589926E-05
   210.619003        -7.81065100E-05
   210.799500        -7.69305771E-05
   210.979996        -7.57327070E-05
   211.160507        -7.45132129E-05
   211.341003        -7.32728367E-05
   211.521500        -7.20133685E-05
   211.701996        -7.07374493E-05
   211.882507        -6.94484988E-05
   212.063004        -6.81509555E-05
   212.243500        -6.68509383E-05
   212.423996        -6.55569602E-05
   212.604507        -6.42797604E-05
   212.785004        -6.30307186E-05
   212.965500        -6.18193299E-05
   213.145996        -6.06505237E-05
   213.326508        -5.95232923E-05
   213.507004        -5.84309128E-05
   213.687500        -5.73625148E-05
   213.867996        -5.63052236E-05
   214.048492        -5.52462152E-05
   214.229004        -5.41742047E-05
   214.409500        -5.30805373E-05
   214.589996        -5.19598689E-05
   214.770493        -5.08104640E-05
   214.951004        -4.96339635E-05
   215.131500        -4.84347947E-05
   215.311996        -4.72192623E-05
   215.492493        -4.59945986E-05
   215.673004        -4.47683306E-05
   215.853500        -4.35480943E-05
   216.033997        -4.23415077E-05
   216.214493        -4.11554101E-05
   216.395004        -3.99945311E-05
   216.575500        -3.88602311E-05
   216.755997        -3.77498945E-05
   216.936493        -3.66573913E-05
   217.117004        -3.55747798E-05
   217.297501        -3.44949003E-05
   217.477997        -3.34131546E-05
   217.658493        -3.23275963E-05
   217.839005        -3.12379198E-05
   218.019501        -3.01443906E-05
   218.199997        -2.90468452E-05
   218.380493        -2.79442520E-05
   218.561005        -2.68353342E-05
   218.741501        -2.57194952E-05
   218.921997        -2.45969059E-05
   219.102493        -2.34678246E-05
   219.283005        -2.23319967E-05
   219.463501        -2.11888182E-05
   219.643997        -2.00380055E-05
   219.824493        -1.88803988E-05
   220.005005        -1.77187121E-05
   220.185501        -1.65578149E-05
   220.365997        -1.54040517E-05
   220.546494        -1.42642130E-05
   220.727005        -1.31447341E-05
   220.907501        -1.20511531E-05
   221.087997        -1.09874527E-05
   221.268494        -9.95495338E-06
   221.449005        -8.95112044E-06
   221.629501        -7.96905533E-06
   221.809998        -6.99803195E-06
   221.990494        -6.02476393E-06
   222.171005        -5.03510182E-06
   222.351501        -4.01579518E-06
   222.531998        -2.95550672E-06
   222.712494        -1.84479495E-06
   222.893005        -6.75961189E-07
   223.073502         5.56539419E-07
   223.253998         1.85516956E-06
   223.434494         3.21873222E-06
   223.615005         4.64257664E-06
   223.795502         6.11936775E-06
   223.975998         7.64037759E-06
   224.156494         9.19708327E-06
   224.337006         1.07820833E-05
   224.517502         1.23892578E-05
   224.697998         1.40136608E-05
   224.878494         1.56516253E-05
   225.059006         1.73010249E-05
   225.239502         1.89613947E-05
   225.419998         2.06334462E-05
   225.600494         2.23183924E-05
   225.781006         2.40173140E-05
   225.961502         2.57309748E-05
   226.141998         2.74602153E-05
   226.322495         2.92071727E-05
   226.503006         3.09766765E-05
   226.683502         3.27768612E-05
   226.863998         3.46186389E-05
   227.044495         3.65143860E-05
   227.225006         3.84765590E-05
   227.405502         4.05164901E-05
   227.585999         4.26434053E-05
   227.766495         4.48639294E-05
   227.947006         4.71820567E-05
   228.127502         4.95991590E-05
   228.307999         5.21141737E-05
   228.488495         5.47240197E-05
   228.669006         5.74245714E-05
   228.849503         6.02116452E-05
   229.029999         6.30816430E-05
   229.210495         6.60313817E-05
   229.391006         6.90576562E-05
   229.571503         7.21571123E-05
   229.751999         7.53264831E-05
   229.932495         7.85628945E-05
   230.113007         8.18642584E-05
   230.293503         8.52298326E-05
   230.473999         8.86597263E-05
   230.654495         9.21532628E-05
   230.835007         9.57079683E-05
   231.015503         9.93197536E-05
   231.195999         1.02983890E-04
   231.376495         1.06696287E-04
   231.557007         1.10454777E-04
   231.737503         1.14259943E-04
   231.917999         1.18114753E-04
   232.098495         1.22023368E-04
   232.279007         1.25990176E-04
   232.459503         1.30019573E-04
   232.639999         1.34115646E-04
   232.820496         1.38281830E-04
   233.001007         1.42520410E-04
   233.181503         1.46832215E-04
   233.362000         1.51216838E-04
   233.542496         1.55673202E-04
   233.723007         1.60200521E-04
   233.903503         1.64799218E-04
   234.084000         1.69471808E-04
   234.264496         1.74222776E-04
   234.445007         1.79058072E-04
   234.625504         1.83984783E-04
   234.806000         1.89010738E-04
   234.986496         1.94143329E-04
   235.167007         1.99387767E-04
   235.347504         2.04745680E-04
   235.528000         2.10213955E-04
   235.708496         2.15784283E-04
   235.889008         2.21443857E-04
   236.069504         2.27177545E-04
   236.250000         2.32969673E-04
   236.430496         2.38804627E-04
   236.610992         2.44667084E-04
   236.791504         2.50542944E-04
   236.972000         2.56419589E-04
   237.152496         2.62286543E-04
   237.332993         2.68136180E-04
   237.513504         2.73964280E-04
   237.694000         2.79769243E-04
   237.874496         2.85550050E-04
   238.054993         2.91304896E-04
   238.235504         2.97030318E-04
   238.416000         3.02721397E-04
   238.596497         3.08373099E-04
   238.776993         3.13982193E-04
   238.957504         3.19548213E-04
   239.138000         3.25073604E-04
   239.318497         3.30563314E-04
   239.498993         3.36024357E-04
   239.679504         3.41464591E-04
   239.860001         3.46892310E-04
   240.040497         3.52315750E-04
   240.220993         3.57741956E-04
   240.401505         3.63175524E-04
   240.582001         3.68617417E-04
   240.762497         3.74064402E-04
   240.942993         3.79508943E-04
   241.123505         3.84939573E-04
   241.304001         3.90341942E-04
   241.484497         3.95700306E-04
   241.664993         4.00999095E-04
   241.845505         4.06224834E-04
   242.026001         4.11367742E-04
   242.206497         4.16423019E-04
   242.386993         4.21391480E-04
   242.567505         4.26278624E-04
   242.748001         4.31091874E-04
   242.928497         4.35837981E-04
   243.108994         4.40521457E-04
   243.289505         4.45143727E-04
   243.470001         4.49701794E-04
   243.650497         4.54188732E-04
   243.830994         4.58594295E-04
   244.011505         4.62904602E-04
   244.192001         4.67101694E-04
   244.372498         4.71164502E-04
   244.552994         4.75071778E-04
   244.733505         4.78804810E-04
   244.914001         4.82349773E-04
   245.094498         4.85700177E-04
   245.274994         4.88858379E-04
   245.455505         4.91833664E-04
   245.636002         4.94639447E-04
   245.816498         4.97290108E-04
   245.996994         4.99798392E-04
   246.177505         5.02172334E-04
   246.358002         5.04413620E-04
   246.538498         5.06517827E-04
   246.718994         5.08476747E-04
   246.899506         5.10281301E-04
   247.080002         5.11925144E-04
   247.260498         5.13406703E-04
   247.440994         5.14729822E-04
   247.621506         5.15903812E-04
   247.802002         5.16941596E-04
   247.982498         5.17856795E-04
   248.162994         5.18663437E-04
   248.343506         5.19375491E-04
   248.524002         5.20004891E-04
   248.704498         5.20558271E-04
   248.884995         5.21036272E-04
   249.065506         5.21432143E-04
   249.246002         5.21730632E-04
   249.426498         5.21909911E-04
   249.606995         5.21945884E-04
   249.787506         5.21817012E-04
   249.968002         5.21506940E-04
   250.148499         5.21005946E-04
   250.328995         5.20311936E-04
   250.509506         5.19429974E-04
   250.690002         5.18369896E-04
   250.870499         5.17144683E-04
   251.050995         5.15768072E-04
   251.231506         5.14252577E-04
   251.412003         5.12607978E-04
   251.592499         5.10839513E-04
   251.772995         5.08947589E-04
   251.953506         5.06929064E-04
   252.134003         5.04778698E-04
   252.314499         5.02490555E-04
   252.494995         5.00058522E-04
   252.675507         4.97477944E-04
   252.856003         4.94746258E-04
   253.036499         4.91863291E-04
   253.216995         4.88831080E-04
   253.397507         4.85653814E-04
   253.578003         4.82337491E-04
   253.758499         4.78885981E-04
   253.938995         4.75299777E-04
   254.119507         4.71575098E-04
   254.300003         4.67703881E-04
   254.480499         4.63675329E-04
   254.660995         4.59477858E-04
   254.841507         4.55100962E-04
   255.022003         4.50536783E-04
   255.202499         4.45780403E-04
   255.382996         4.40829783E-04
   255.563507         4.35685593E-04
   255.744003         4.30351152E-04
   255.924500         4.24831902E-04
   256.105011         4.19133721E-04
   256.285492         4.13261820E-04
   256.466003         4.07219457E-04
   256.646515         4.01008176E-04
   256.826996         3.94627859E-04
   257.007507         3.88077548E-04
   257.187988         3.81356920E-04
   257.368500         3.74466734E-04
   257.549011         3.67408502E-04
   257.729492         3.60185542E-04
   257.910004         3.52803327E-04
   258.090515         3.45268927E-04
   258.270996         3.37589852E-04
   258.451508         3.29772971E-04
   258.631989         3.21822765E-04
   258.812500         3.13739525E-04
   258.993011         3.05519206E-04
   259.173492         2.97154882E-04
   259.354004         2.88637937E-04
   259.534485         2.79960019E-04
   259.714996         2.71114666E-04
   259.895508         2.62097572E-04
   260.075989         2.52906146E-04
   260.256500         2.43539267E-04
   260.437012         2.33997634E-04
   260.617493         2.24282703E-04
   260.798004         2.14395288E-04
   260.978485         2.04335345E-04
   261.158997         1.94100896E-04
   261.339508         1.83686541E-04
   261.519989         1.73083870E-04
   261.700500         1.62283890E-04
   261.881012         1.51279455E-04
   262.061493         1.40066171E-04
   262.242004         1.28644504E-04
   262.422485         1.17020201E-04
   262.602997         1.05204039E-04
   262.783508         9.32099574E-05
   262.963989         8.10537313E-05
   263.144501         6.87518841E-05
   263.325012         5.63201465E-05
   263.505493         4.37720482E-05
   263.686005         3.11177901E-05
   263.866486         1.83636312E-05
   264.046997         5.51243056E-06
   264.227509        -7.43467626E-06
   264.407990        -2.04778225E-05
   264.588501        -3.36170924E-05
   264.769012        -4.68513208E-05
   264.949493        -6.01773172E-05
   265.130005        -7.35903086E-05
   265.310486        -8.70832810E-05
   265.490997        -1.00646255E-04
   265.671509        -1.14267808E-04
   265.851990        -1.27938198E-04
   266.032501        -1.41650613E-04
   266.213013        -1.55402013E-04
   266.393494        -1.69194245E-04
   266.574005        -1.83034019E-04
   266.754486        -1.96929410E-04
   266.934998        -2.10887112E-04
   267.115509        -2.24911753E-04
   267.295990        -2.39005298E-04
   267.476501        -2.53165927E-04
   267.657013        -2.67388299E-04
   267.837494        -2.81663262E-04
   268.018005        -2.95979087E-04
   268.198486        -3.10322270E-04
   268.378998        -3.24678433E-04
   268.559509        -3.39034654E-04
   268.739990        -3.53381445E-04
   268.920502        -3.67714209E-04
   269.101013        -3.82031576E-04
   269.281494        -3.96335265E-04
   269.462006        -4.10630280E-04
   269.642487        -4.24924452E-04
   269.822998        -4.39225638E-04
   270.003510        -4.53540270E-04
   270.183990        -4.67871665E-04
   270.364502        -4.82219039E-04
   270.545013        -4.96575551E-04
   270.725494        -5.10927406E-04
   270.906006        -5.25257667E-04
   271.086487        -5.39546774E-04
   271.266998        -5.53773774E-04
   271.447510        -5.67916315E-04
   271.627991        -5.81953267E-04
   271.808502        -5.95865422E-04
   271.989014        -6.09635434E-04
   272.169495        -6.23247761E-04
   272.350006        -6.36690937E-04
   272.530487        -6.49955531E-04
   272.710999        -6.63032581E-04
   272.891510        -6.75910909E-04
   273.071991        -6.88576780E-04
   273.252502        -7.01015349E-04
   273.433014        -7.13211484E-04
   273.613495        -7.25149468E-04
   273.794006        -7.36814807E-04
   273.974487        -7.48196151E-04
   274.154999        -7.59285467E-04
   274.335510        -7.70077924E-04
   274.515991        -7.80572242E-04
   274.696503        -7.90772960E-04
   274.877014        -8.00689682E-04
   275.057495        -8.10333528E-04
   275.238007        -8.19715613E-04
   275.418488        -8.28845135E-04
   275.598999        -8.37727974E-04
   275.779510        -8.46365059E-04
   275.959991        -8.54753132E-04
   276.140503        -8.62885325E-04
   276.321014        -8.70752148E-04
   276.501495        -8.78342369E-04
   276.682007        -8.85643705E-04
   276.862488        -8.92645039E-04
   277.042999        -8.99339677E-04
   277.223511        -9.05723660E-04
   277.403992        -9.11795069E-04
   277.584503        -9.17552155E-04
   277.765015        -9.22994514E-04
   277.945496        -9.28121503E-04
   278.126007        -9.32930794E-04
   278.306488        -9.37418139E-04
   278.487000        -9.41578066E-04
   278.667511        -9.45402251E-04
   278.847992        -9.48876084E-04
   279.028503        -9.51979309E-04
   279.209015        -9.54689924E-04
   279.389496        -9.56986856E-04
   279.570007        -9.58850957E-04
   279.750488        -9.60267149E-04
   279.931000        -9.61227051E-04
   280.111511        -9.61728278E-04
   280.291992        -9.61773098E-04
   280.472504        -9.61368147E-04
   280.653015        -9.60523903E-04
   280.833496        -9.59255151E-04
   281.014008        -9.57578246E-04
   281.194489        -9.55507741E-04
   281.375000        -9.53056093E-04
   281.555511        -9.50232265E-04
   281.735992        -9.47041204E-04
   281.916504        -9.43483494E-04
   282.096985        -9.39556630E-04
   282.277496        -9.35257063E-04
   282.458008        -9.30582581E-04
   282.638489        -9.25531960E-04
   282.819000        -9.20107530E-04
   282.999512        -9.14317789E-04
   283.179993        -9.08176764E-04
   283.360504        -9.01701394E-04
   283.540985        -8.94908386E-04
   283.721497        -8.87813920E-04
   283.902008        -8.80430627E-04
   284.082489        -8.72765377E-04
   284.263000        -8.64820380E-04
   284.443512        -8.56595871E-04
   284.623993        -8.48089694E-04
   284.804504        -8.39296437E-04
   284.984985        -8.30209930E-04
   285.165497        -8.20824993E-04
   285.346008        -8.11138365E-04
   285.526489        -8.01150512E-04
   285.707001        -7.90868071E-04
   285.887512        -7.80304836E-04
   286.067993        -7.69479258E-04
   286.248505        -7.58412352E-04
   286.428986        -7.47125421E-04
   286.609497        -7.35637615E-04
   286.790009        -7.23963080E-04
   286.970490        -7.12109439E-04
   287.151001        -7.00078264E-04
   287.331512        -6.87865890E-04
   287.511993        -6.75464573E-04
   287.692505        -6.62865525E-04
   287.872986        -6.50061353E-04
   288.053497        -6.37048855E-04
   288.234009        -6.23830245E-04
   288.414490        -6.10413146E-04
   288.595001        -5.96809434E-04
   288.775513        -5.83034533E-04
   288.955994        -5.69104566E-04
   289.136505        -5.55034494E-04
   289.316986        -5.40837122E-04
   289.497498        -5.26521355E-04
   289.678009        -5.12089522E-04
   289.858490        -4.97537141E-04
   290.039001        -4.82855452E-04
   290.219513        -4.68033657E-04
   290.399994        -4.53060784E-04
   290.580505        -4.37928713E-04
   290.760986        -4.22635698E-04
   290.941498        -4.07187530E-04
   291.122009        -3.91596579E-04
   291.302490        -3.75881238E-04
   291.483002        -3.60065780E-04
   291.663513        -3.44178727E-04
   291.843994        -3.28248716E-04
   292.024506        -3.12302058E-04
   292.204987        -2.96361395E-04
   292.385498        -2.80443812E-04
   292.566010        -2.64559349E-04
   292.746490        -2.48712255E-04
   292.927002        -2.32903738E-04
   293.107513        -2.17133784E-04
   293.287994        -2.01402610E-04
   293.468506        -1.85712503E-04
   293.648987        -1.70071173E-04
   293.829498        -1.54493187E-04
   294.010010        -1.38998003E-04
   294.190491        -1.23609192E-04
   294.371002        -1.08354106E-04
   294.551514        -9.32609109E-05
   294.731995        -7.83530631E-05
   294.912506        -6.36458717E-05
   295.092987        -4.91458959E-05
   295.273499        -3.48504218E-05
   295.454010        -2.07475150E-05
   295.634491        -6.81897927E-06
   295.815002         6.95470271E-06
   295.995514         2.05910637E-05
   296.175995         3.41046507E-05
   296.356506         4.75038323E-05
   296.536987         6.07873953E-05
   296.717499         7.39446623E-05
   296.898010         8.69583382E-05
   297.078491         9.98068717E-05
   297.259003         1.12467314E-04
   297.439514         1.24919199E-04
   297.619995         1.37148352E-04
   297.800507         1.49148502E-04
   297.980988         1.60919721E-04
   298.161499         1.72466389E-04
   298.342010         1.83796772E-04
   298.522491         1.94921638E-04
   298.703003         2.05849690E-04
   298.883514         2.16583663E-04
   299.063995         2.27118420E-04
   299.244507         2.37440458E-04
   299.424988         2.47527350E-04
   299.605499         2.57350242E-04
   299.786011         2.66878953E-04
   299.966492         2.76088278E-04
   300.147003         2.84958223E-04
   300.327515         2.93475779E-04
   300.507996         3.01637629E-04
   300.688507         3.09450203E-04
   300.868988         3.16925958E-04
   301.049500         3.24082212E-04
   301.230011         3.30939656E-04
   301.410492         3.37519188E-04
   301.591003         3.43836757E-04
   301.771515         3.49900598E-04
   301.951996         3.55712225E-04
   302.132507         3.61266924E-04
   302.312988         3.66554916E-04
   302.493500         3.71563219E-04
   302.674011         3.76279408E-04
   302.854492         3.80694459E-04
   303.035004         3.84803832E-04
   303.215515         3.88609827E-04
   303.395996         3.92122747E-04
   303.576508         3.95360432E-04
   303.756989         3.98344971E-04
   303.937500         4.01098048E-04
   304.118011         4.03637532E-04
   304.298492         4.05975705E-04
   304.479004         4.08117427E-04
   304.659485         4.10059380E-04
   304.839996         4.11792600E-04
   305.020508         4.13304631E-04
   305.200989         4.14579728E-04
   305.381500         4.15601768E-04
   305.562012         4.16358846E-04
   305.742493         4.16845985E-04
   305.923004         4.17067116E-04
   306.103485         4.17034782E-04
   306.283997         4.16768511E-04
   306.464508         4.16291121E-04
   306.644989         4.15624090E-04
   306.825500         4.14786511E-04
   307.006012         4.13794944E-04
   307.186493         4.12662135E-04
   307.367004         4.11396322E-04
   307.547485         4.10001172E-04
   307.727997         4.08476510E-04
   307.908508         4.06818377E-04
   308.088989         4.05021070E-04
   308.269501         4.03080718E-04
