  -34.5000000         0.00000000    
  -34.3195000         0.00000000    
  -34.1389999         0.00000000    
  -33.9584999         4.21329878E-27
  -33.7779999        -6.89053024E-23
  -33.5974998        -4.33411238E-22
  -33.4169998        -1.34735342E-21
  -33.2364998        -2.56451900E-21
  -33.0559998        -2.70199355E-21
  -32.8754997         5.84276027E-22
  -32.6949997         8.62786699E-21
  -32.5144997         1.84433537E-20
  -32.3339996         2.08361691E-20
  -32.1534996         2.91118341E-21
  -31.9729996        -4.48874212E-20
  -31.7924995        -1.18884401E-19
  -31.6119995        -1.90171007E-19
  -31.4314995        -1.95380474E-19
  -31.2509995        -4.67377726E-20
  -31.0704994         3.24362489E-19
  -30.8899994         9.09729205E-19
  -30.7094994         1.60069158E-18
  -30.5289993         2.20672969E-18
  -30.3484993         2.44234133E-18
  -30.1679993         1.82232935E-18
  -29.9874992        -4.10662630E-19
  -29.8069992        -5.03103367E-18
  -29.6264992        -1.20959556E-17
  -29.4459991        -2.00655686E-17
  -29.2654991        -2.55196254E-17
  -29.0849991        -2.40604357E-17
  -28.9044991        -1.22762247E-17
  -28.7240009         1.01174752E-17
  -28.5435009         3.91185954E-17
  -28.3630009         6.71446723E-17
  -28.1825008         8.58397482E-17
  -28.0020008         9.02197821E-17
  -27.8215008         8.20204436E-17
  -27.6410007         6.90142527E-17
  -27.4605007         5.78260790E-17
  -27.2800007         4.16946741E-17
  -27.0995007        -9.37827021E-18
  -26.9190006        -1.44897691E-16
  -26.7385006        -4.09125807E-16
  -26.5580006        -8.00654029E-16
  -26.3775005        -1.23764187E-15
  -26.1970005        -1.55766500E-15
  -26.0165005        -1.57029638E-15
  -25.8360004        -1.15181287E-15
  -25.6555004        -3.39215440E-16
  -25.4750004         6.33388209E-16
  -25.2945004         1.39441168E-15
  -25.1140003         1.58184218E-15
  -24.9335003         1.01775064E-15
  -24.7530003        -1.75042773E-16
  -24.5725002        -1.58053129E-15
  -24.3920002        -2.63121192E-15
  -24.2115002        -2.82822416E-15
  -24.0310001        -1.94421166E-15
  -23.8505001        -1.18843156E-16
  -23.6700001         2.19494760E-15
  -23.4895000         4.40979371E-15
  -23.3090000         6.02997631E-15
  -23.1285000         6.82787838E-15
  -22.9480000         6.89568845E-15
  -22.7674999         6.54980466E-15
  -22.5869999         6.12913464E-15
  -22.4064999         5.77943667E-15
  -22.2259998         5.33159171E-15
  -22.0454998         4.35030192E-15
  -21.8649998         2.35569201E-15
  -21.6844997        -8.69160783E-16
  -21.5039997        -5.03333659E-15
  -21.3234997        -9.29882849E-15
  -21.1429996        -1.25050506E-14
  -20.9624996        -1.35831550E-14
  -20.7819996        -1.19719476E-14
  -20.6014996        -7.82109989E-15
  -20.4209995        -1.85761695E-15
  -20.2404995         5.03281609E-15
  -20.0599995         1.22845586E-14
  -19.8794994         1.98886385E-14
  -19.6989994         2.81614365E-14
  -19.5184994         3.70254364E-14
  -19.3379993         4.50348173E-14
  -19.1574993         4.85651727E-14
  -18.9769993         4.16232194E-14
  -18.7964993         1.65985915E-14
  -18.6159992        -3.39818133E-14
  -18.4354992        -1.14948415E-13
  -18.2549992        -2.25744079E-13
  -18.0744991        -3.58104036E-13
  -17.8939991        -4.94826727E-13
  -17.7134991        -6.10170009E-13
  -17.5330009        -6.72166261E-13
  -17.3525009        -6.46849111E-13
  -17.1720009        -5.04047054E-13
  -16.9915009        -2.24058998E-13
  -16.8110008         1.95792940E-13
  -16.6305008         7.35972535E-13
  -16.4500008         1.35223061E-12
  -16.2695007         1.97696286E-12
  -16.0890007         2.52510729E-12
  -15.9084997         2.90449674E-12
  -15.7279997         3.02959307E-12
  -15.5474997         2.83659988E-12
  -15.3669996         2.29727825E-12
  -15.1864996         1.42864279E-12
  -15.0059996         2.96172754E-13
  -14.8254995        -9.90792734E-13
  -14.6450005        -2.29140361E-12
  -14.4645004        -3.45184797E-12
  -14.2840004        -4.32730067E-12
  -14.1035004        -4.80376329E-12
  -13.9230003        -4.81619085E-12
  -13.7425003        -4.35987097E-12
  -13.5620003        -3.49306868E-12
  -13.3815002        -2.33027031E-12
  -13.2010002        -1.02672677E-12
  -13.0205002         2.43763804E-13
  -12.8400002         1.31485448E-12
  -12.6595001         2.05367212E-12
  -12.4790001         2.38269929E-12
  -12.2985001         2.29345883E-12
  -12.1180000         1.84883619E-12
  -11.9375000         1.17258698E-12
  -11.7570000         4.27035225E-13
  -11.5764999        -2.17375217E-13
  -11.3959999        -6.14844222E-13
  -11.2154999        -6.72530065E-13
  -11.0349998        -3.68333077E-13
  -10.8544998         2.45659070E-13
  -10.6739998         1.05466579E-12
  -10.4934998         1.90491741E-12
  -10.3129997         2.63430423E-12
  -10.1324997         3.10351853E-12
  -9.95199966         3.22152808E-12
  -9.77149963         2.96076727E-12
  -9.59099960         2.35974803E-12
  -9.41049957         1.51334381E-12
  -9.22999954         5.53216598E-13
  -9.04950047        -3.77532017E-13
  -8.86900043        -1.15071841E-12
  -8.68850040        -1.67583948E-12
  -8.50800037        -1.91549793E-12
  -8.32750034        -1.89107670E-12
  -8.14700031        -1.67773835E-12
  -7.96649981        -1.38938763E-12
  -7.78599977        -1.15574043E-12
  -7.60550022        -1.09510784E-12
  -7.42500019        -1.28770323E-12
  -7.24450016        -1.75484985E-12
  -7.06400013        -2.44898676E-12
  -6.88350010        -3.25761250E-12
  -6.70300007        -4.02140907E-12
  -6.52250004        -4.56348978E-12
  -6.34200001        -4.72391570E-12
  -6.16149998        -4.39231030E-12
  -5.98099995        -3.53181612E-12
  -5.80049992        -2.18969721E-12
  -5.61999989        -4.92847408E-13
  -5.43949986         1.37063950E-12
  -5.25899982         3.18031105E-12
  -5.07849979         4.71767764E-12
  -4.89799976         5.80053497E-12
  -4.71750021         6.31196614E-12
  -4.53700018         6.21955569E-12
  -4.35650015         5.58166144E-12
  -4.17600012         4.53943784E-12
  -3.99550009         3.29539672E-12
  -3.81500006         2.08134118E-12
  -3.63450003         1.12036975E-12
  -3.45400000         5.88792632E-13
  -3.27349997         5.84343988E-13
  -3.09299994         1.10656102E-12
  -2.91249990         2.05362376E-12
  -2.73200011         3.23722754E-12
  -2.55150008         4.41366041E-12
  -2.37100005         5.32576023E-12
  -2.19050002         5.74789738E-12
  -2.00999999         5.52535058E-12
  -1.82949996         4.60073299E-12
  -1.64900005         3.02305772E-12
  -1.46850002         9.38612035E-13
  -1.28799999        -1.43389771E-12
  -1.10749996        -3.83916813E-12
 -0.926999986        -6.02616611E-12
 -0.746500015        -7.78766027E-12
 -0.565999985        -8.99218634E-12
 -0.385500014        -9.60299895E-12
 -0.204999998        -9.68006231E-12
  -2.44999994E-02    -9.36384303E-12
  0.156000003        -8.84309206E-12
  0.336499989        -8.31239157E-12
  0.517000020        -7.92786843E-12
  0.697499990        -7.77033646E-12
  0.878000021        -7.82390125E-12
   1.05850005        -7.97518735E-12
   1.23899996        -8.03411591E-12
   1.41949999        -7.77292033E-12
   1.60000002        -6.97605905E-12
   1.78050005        -5.49087078E-12
   1.96099997        -3.26799503E-12
   2.14150000        -3.82250573E-13
   2.32200003         2.97146856E-12
   2.50250006         6.50683804E-12
   2.68300009         9.89311931E-12
   2.86350012         1.28101904E-11
   3.04399991         1.49997983E-11
   3.22449994         1.63030856E-11
   3.40499997         1.66782178E-11
   3.58550000         1.61968720E-11
   3.76600003         1.50222491E-11
   3.94650006         1.33745333E-11
   4.12699986         1.14907120E-11
   4.30749989         9.58636816E-12
   4.48799992         7.82556919E-12
   4.66849995         6.30343651E-12
   4.84899998         5.04287410E-12
   5.02950001         4.00408352E-12
   5.21000004         3.10310848E-12
   5.39050007         2.23448105E-12
   5.57100010         1.29361604E-12
   5.75150013         1.95691851E-13
   5.93200016        -1.11076697E-12
   6.11250019        -2.63644401E-12
   6.29300022        -4.35080878E-12
   6.47349977        -6.18884805E-12
   6.65399981        -8.06439290E-12
   6.83449984        -9.88751095E-12
   7.01499987        -1.15819975E-11
   7.19549990        -1.30981684E-11
   7.37599993        -1.44174074E-11
   7.55649996        -1.55476396E-11
   7.73699999        -1.65118544E-11
   7.91750002        -1.73341081E-11
   8.09799957        -1.80278032E-11
   8.27849960        -1.85891805E-11
   8.45899963        -1.89971441E-11
   8.63949966        -1.92179554E-11
   8.81999969        -1.92122429E-11
   9.00049973        -1.89417336E-11
   9.18099976        -1.83741650E-11
   9.36149979        -1.74853309E-11
   9.54199982        -1.62589508E-11
   9.72249985        -1.46851888E-11
   9.90299988        -1.27595426E-11
   10.0834999        -1.04833078E-11
   10.2639999        -7.86607411E-12
   10.4445000        -4.92953725E-12
   10.6250000        -1.71096893E-12
   10.8055000         1.73544143E-12
   10.9860001         5.33993466E-12
   11.1665001         9.02089861E-12
   11.3470001         1.26889506E-11
   11.5275002         1.62503032E-11
   11.7080002         1.96090453E-11
   11.8885002         2.26707351E-11
   12.0690002         2.53499652E-11
   12.2495003         2.75837461E-11
   12.4300003         2.93496547E-11
   12.6105003         3.06842676E-11
   12.7910004         3.16950702E-11
   12.9715004         3.25600345E-11
   13.1520004         3.35110828E-11
   13.3325005         3.48034691E-11
   13.5129995         3.66767797E-11
   13.6934996         3.93147147E-11
   13.8739996         4.28124480E-11
   14.0544996         4.71569381E-11
   14.2349997         5.22232917E-11
   14.4154997         5.77873652E-11
   14.5959997         6.35524064E-11
   14.7764997         6.91858654E-11
   14.9569998         7.43613573E-11
   15.1374998         7.88020690E-11
   15.3179998         8.23187629E-11
   15.4984999         8.48394618E-11
   15.6789999         8.64252905E-11
   15.8594999         8.72690253E-11
   16.0400009         8.76731882E-11
   16.2205009         8.80081216E-11
   16.4009991         8.86524187E-11
   16.5814991         8.99253172E-11
   16.7619991         9.20234028E-11
   16.9424992         9.49747156E-11
   17.1229992         9.86226309E-11
   17.3034992         1.02643893E-10
   17.4839993         1.06599229E-10
   17.6644993         1.10006643E-10
   17.8449993         1.12423001E-10
   18.0254993         1.13519048E-10
   18.2059994         1.13135348E-10
   18.3864994         1.11311252E-10
   18.5669994         1.08283008E-10
   18.7474995         1.04451933E-10
   18.9279995         1.00328960E-10
   19.1084995         9.64615887E-11
   19.2889996         9.33559688E-11
   19.4694996         9.14035098E-11
   19.6499996         9.08248615E-11
   19.8304996         9.16390089E-11
   20.0109997         9.36630079E-11
   20.1914997         9.65410529E-11
   20.3719997         9.98016392E-11
   20.5524998         1.02928312E-10
   20.7329998         1.05435799E-10
   20.9134998         1.06934871E-10
   21.0939999         1.07175060E-10
   21.2744999         1.06054894E-10
   21.4549999         1.03605395E-10
   21.6355000         9.99465510E-11
   21.8160000         9.52327800E-11
   21.9965000         8.95969132E-11
   22.1770000         8.31074237E-11
   22.3575001         7.57444940E-11
   22.5380001         6.73988643E-11
   22.7185001         5.78899671E-11
   22.8990002         4.70040742E-11
   23.0795002         3.45439718E-11
   23.2600002         2.03826938E-11
   23.4405003         4.51492012E-12
   23.6210003        -1.29072820E-11
   23.8015003        -3.15602440E-11
   23.9820004        -5.09651904E-11
   24.1625004        -7.05338704E-11
   24.3430004        -8.96413985E-11
   24.5235004        -1.07711423E-10
   24.7040005        -1.24299598E-10
   24.8845005        -1.39158587E-10
   25.0650005        -1.52267116E-10
   25.2455006        -1.63817085E-10
   25.4260006        -1.74157855E-10
   25.6065006        -1.83705551E-10
   25.7870007        -1.92837080E-10
   25.9675007        -2.01792860E-10
   26.1480007        -2.10605408E-10
   26.3285007        -2.19073648E-10
   26.5090008        -2.26788310E-10
   26.6895008        -2.33199848E-10
   26.8700008        -2.37715903E-10
   27.0505009        -2.39810005E-10
   27.2310009        -2.39114117E-10
   27.4115009        -2.35491543E-10
   27.5919991        -2.29063865E-10
   27.7724991        -2.20198776E-10
   27.9529991        -2.09459061E-10
   28.1334991        -1.97520333E-10
   28.3139992        -1.85072513E-10
   28.4944992        -1.72724335E-10
   28.6749992        -1.60927091E-10
   28.8554993        -1.49935037E-10
   29.0359993        -1.39803738E-10
   29.2164993        -1.30432290E-10
   29.3969994        -1.21633106E-10
   29.5774994        -1.13213064E-10
   29.7579994        -1.05051384E-10
   29.9384995        -9.71509609E-11
   30.1189995        -8.96551861E-11
   30.2994995        -8.28261904E-11
   30.4799995        -7.69832670E-11
   30.6604996        -7.24224916E-11
   30.8409996        -6.93253441E-11
   31.0214996        -6.76853643E-11
   31.2019997        -6.72633893E-11
   31.3824997        -6.75867765E-11
   31.5629997        -6.79910780E-11
   31.7434998        -6.77022535E-11
   31.9239998        -6.59482399E-11
   32.1044998        -6.20786547E-11
   32.2849998        -5.56830415E-11
   32.4654999        -4.66783383E-11
   32.6459999        -3.53555761E-11
   32.8264999        -2.23664073E-11
   33.0070000        -8.64791572E-12
   33.1875000         4.70724024E-12
   33.3680000         1.66170099E-11
   33.5485001         2.61837375E-11
   33.7290001         3.28375556E-11
   33.9095001         3.64242664E-11
   34.0900002         3.72176248E-11
   34.2705002         3.58547532E-11
   34.4510002         3.32044496E-11
   34.6315002         3.01972579E-11
   34.8120003         2.76522902E-11
   34.9925003         2.61339925E-11
   35.1730003         2.58696051E-11
   35.3535004         2.67411284E-11
   35.5340004         2.83475396E-11
   35.7145004         3.01234489E-11
   35.8950005         3.14812135E-11
   36.0755005         3.19497415E-11
   36.2560005         3.12748681E-11
   36.4365005         2.94750301E-11
   36.6170006         2.68312907E-11
   36.7975006         2.38301115E-11
   36.9780006         2.10651132E-11
   37.1585007         1.91199938E-11
   37.3390007         1.84527133E-11
   37.5195007         1.93047800E-11
   37.7000008         2.16481902E-11
   37.8805008         2.51864658E-11
   38.0610008         2.94015853E-11
   38.2415009         3.36455586E-11
   38.4220009         3.72557332E-11
   38.6025009         3.96749925E-11
   38.7830009         4.05541781E-11
   38.9635010         3.98218472E-11
   39.1440010         3.77060015E-11
   39.3245010         3.47080663E-11
   39.5050011         3.15321033E-11
   39.6855011         2.89790657E-11
   39.8660011         2.78251849E-11
   40.0465012         2.87054512E-11
   40.2270012         3.20186412E-11
   40.4075012         3.78659951E-11
   40.5880013         4.60322613E-11
   40.7685013         5.60108418E-11
   40.9490013         6.70562356E-11
   41.1295013         7.82695644E-11
   41.3100014         8.86948154E-11
   41.4905014         9.74305220E-11
   41.6710014         1.03733050E-10
   41.8515015         1.07114116E-10
   42.0320015         1.07407506E-10
   42.2125015         1.04799266E-10
   42.3930016         9.98104932E-11
   42.5735016         9.32350724E-11
   42.7540016         8.60373509E-11
   42.9345016         7.92345564E-11
   43.1150017         7.37790523E-11
   43.2955017         7.04597145E-11
   43.4760017         6.98383573E-11
   43.6565018         7.22225266E-11
   43.8370018         7.76772258E-11
   44.0175018         8.60599023E-11
   44.1980019         9.70723918E-11
   44.3785019         1.10311170E-10
   44.5589981         1.25309874E-10
   44.7394981         1.41565704E-10
   44.9199982         1.58553129E-10
   45.1004982         1.75729709E-10
   45.2809982         1.92540456E-10
   45.4614983         2.08423612E-10
   45.6419983         2.22822025E-10
   45.8224983         2.35198028E-10
   46.0029984         2.45049231E-10
   46.1834984         2.51929810E-10
   46.3639984         2.55476390E-10
   46.5444984         2.55437477E-10
   46.7249985         2.51704074E-10
   46.9054985         2.44331527E-10
   47.0859985         2.33542324E-10
   47.2664986         2.19702159E-10
   47.4469986         2.03271983E-10
   47.6274986         1.84741097E-10
   47.8079987         1.64559602E-10
   47.9884987         1.43083878E-10
   48.1689987         1.20548557E-10
   48.3494987         9.70737518E-11
   48.5299988         7.27013519E-11
   48.7104988         4.74534058E-11
   48.8909988         2.13992053E-11
   49.0714989        -5.28787821E-12
   49.2519989        -3.22946080E-11
   49.4324989        -5.91628482E-11
   49.6129990        -8.53181484E-11
   49.7934990        -1.10124722E-10
   49.9739990        -1.32961600E-10
   50.1544991        -1.53305535E-10
   50.3349991        -1.70811101E-10
   50.5154991        -1.85377033E-10
   50.6959991        -1.97186267E-10
   50.8764992        -2.06711176E-10
   51.0569992        -2.14673612E-10
   51.2374992        -2.21954580E-10
   51.4179993        -2.29465599E-10
   51.5984993        -2.37991821E-10
   51.7789993        -2.48040116E-10
   51.9594994        -2.59721800E-10
   52.1399994        -2.72700557E-10
   52.3204994        -2.86224267E-10
   52.5009995        -2.99241687E-10
   52.6814995        -3.10584863E-10
   52.8619995        -3.19185428E-10
   53.0424995        -3.24280991E-10
   53.2229996        -3.25569571E-10
   53.4034996        -3.23285426E-10
   53.5839996        -3.18174376E-10
   53.7644997        -3.11372844E-10
   53.9449997        -3.04215791E-10
   54.1254997        -2.98004343E-10
   54.3059998        -2.93778973E-10
   54.4864998        -2.92138286E-10
   54.6669998        -2.93141622E-10
   54.8474998        -2.96309310E-10
   55.0279999        -3.00728109E-10
   55.2084999        -3.05240028E-10
   55.3889999        -3.08683107E-10
   55.5695000        -3.10143800E-10
   55.7500000        -3.09168885E-10
   55.9305000        -3.05902553E-10
   56.1110001        -3.01116326E-10
   56.2915001        -2.96119657E-10
   56.4720001        -2.92565222E-10
   56.6525002        -2.92181557E-10
   56.8330002        -2.96482949E-10
   57.0135002        -3.06503850E-10
   57.1940002        -3.22611327E-10
   57.3745003        -3.44427986E-10
   57.5550003        -3.70873499E-10
   57.7355003        -4.00318279E-10
   57.9160004        -4.30816827E-10
   58.0965004        -4.60380623E-10
   58.2770004        -4.87239582E-10
   58.4575005        -5.10050946E-10
   58.6380005        -5.28023625E-10
   58.8185005        -5.40940626E-10
   58.9990005        -5.49086443E-10
   59.1795006        -5.53093960E-10
   59.3600006        -5.53756874E-10
   59.5405006        -5.51830970E-10
   59.7210007        -5.47877410E-10
   59.9015007        -5.42163647E-10
   60.0820007        -5.34642830E-10
   60.2625008        -5.25008925E-10
   60.4430008        -5.12812737E-10
   60.6235008        -4.97610231E-10
   60.8040009        -4.79109863E-10
   60.9845009        -4.57289179E-10
   61.1650009        -4.32449798E-10
   61.3455009        -4.05210865E-10
   61.5260010        -3.76435993E-10
   61.7065010        -3.47122026E-10
   61.8870010        -3.18271076E-10
   62.0675011        -2.90768631E-10
   62.2480011        -2.65294120E-10
   62.4285011        -2.42274811E-10
   62.6090012        -2.21875351E-10
   62.7895012        -2.04028197E-10
   62.9700012        -1.88481647E-10
   63.1505013        -1.74856990E-10
   63.3310013        -1.62708111E-10
   63.5115013        -1.51569077E-10
   63.6920013        -1.40997616E-10
   63.8725014        -1.30614755E-10
   64.0530014        -1.20136401E-10
   64.2334976        -1.09401849E-10
   64.4140015        -9.83918641E-11
   64.5944977        -8.72245332E-11
   64.7750015        -7.61411420E-11
   64.9554977        -6.54626076E-11
   65.1360016        -5.55395105E-11
   65.3164978        -4.66913730E-11
   65.4970016        -3.91609835E-11
   65.6774979        -3.30838829E-11
   65.8580017        -2.84746948E-11
   66.0384979        -2.52381345E-11
   66.2190018        -2.31841560E-11
   66.3994980        -2.20572102E-11
   66.5800018        -2.15613204E-11
   66.7604980        -2.13758785E-11
   66.9410019        -2.11607658E-11
   67.1214981        -2.05638770E-11
   67.3020020        -1.92181687E-11
   67.4824982        -1.67530920E-11
   67.6630020        -1.28148369E-11
   67.8434982        -7.09731232E-12
   68.0240021         6.19510628E-13
   68.2044983         1.04287403E-11
   68.3850021         2.22742883E-11
   68.5654984         3.59471342E-11
   68.7460022         5.10941740E-11
   68.9264984         6.72585390E-11
   69.1070023         8.39305986E-11
   69.2874985         1.00602707E-10
   69.4680023         1.16827076E-10
   69.6484985         1.32259717E-10
   69.8290024         1.46687357E-10
   70.0094986         1.60034916E-10
   70.1900024         1.72348830E-10
   70.3704987         1.83764171E-10
   70.5510025         1.94463695E-10
   70.7314987         2.04633283E-10
   70.9120026         2.14423007E-10
   71.0924988         2.23923741E-10
   71.2730026         2.33153941E-10
   71.4534988         2.42051379E-10
   71.6340027         2.50480386E-10
   71.8144989         2.58231492E-10
   71.9950027         2.65043654E-10
   72.1754990         2.70611505E-10
   72.3560028         2.74615164E-10
   72.5364990         2.76750595E-10
   72.7170029         2.76767081E-10
   72.8974991         2.74509915E-10
   73.0780029         2.69962774E-10
   73.2584991         2.63281397E-10
   73.4390030         2.54807148E-10
   73.6194992         2.45060722E-10
   73.8000031         2.34700037E-10
   73.9804993         2.24458868E-10
   74.1610031         2.15070975E-10
   74.3414993         2.07191139E-10
   74.5220032         2.01340805E-10
   74.7024994         1.97878922E-10
   74.8830032         1.96999250E-10
   75.0634995         1.98759703E-10
   75.2440033         2.03115344E-10
   75.4244995         2.09961340E-10
   75.6050034         2.19162355E-10
   75.7854996         2.30568190E-10
   75.9660034         2.44018722E-10
   76.1464996         2.59337718E-10
   76.3270035         2.76312528E-10
   76.5074997         2.94679059E-10
   76.6880035         3.14095305E-10
   76.8684998         3.34133721E-10
   77.0490036         3.54272361E-10
   77.2294998         3.73899772E-10
   77.4100037         3.92331667E-10
   77.5904999         4.08830220E-10
   77.7710037         4.22641699E-10
   77.9514999         4.33042796E-10
   78.1320038         4.39394854E-10
   78.3125000         4.41204073E-10
   78.4929962         4.38168002E-10
   78.6735001         4.30201486E-10
   78.8539963         4.17433282E-10
   79.0345001         4.00173283E-10
   79.2149963         3.78856169E-10
   79.3955002         3.53982926E-10
   79.5759964         3.26067617E-10
   79.7565002         2.95602154E-10
   79.9369965         2.63046085E-10
   80.1175003         2.28824848E-10
   80.2979965         1.93348532E-10
   80.4785004         1.57028363E-10
   80.6589966         1.20293844E-10
   80.8395004         8.36063718E-11
   81.0199966         4.74693965E-11
   81.2005005         1.24299538E-11
   81.3809967        -2.09238564E-11
   81.5615005        -5.19671285E-11
   81.7419968        -8.00443878E-11
   81.9225006        -1.04482714E-10
   82.1029968        -1.24606700E-10
   82.2835007        -1.39772513E-10
   82.4639969        -1.49413398E-10
   82.6445007        -1.53100060E-10
   82.8249969        -1.50603557E-10
   83.0055008        -1.41952658E-10
   83.1859970        -1.27468355E-10
   83.3665009        -1.07774754E-10
   83.5469971        -8.37799621E-11
   83.7275009        -5.66266652E-11
   83.9079971        -2.76208206E-11
   84.0885010         1.86331766E-12
   84.2689972         3.04926327E-11
   84.4495010         5.70928305E-11
   84.6299973         8.07646311E-11
   84.8105011         1.00976054E-10
   84.9909973         1.17616791E-10
   85.1715012         1.30997227E-10
   85.3519974         1.41785472E-10
   85.5325012         1.50886734E-10
   85.7129974         1.59277813E-10
   85.8935013         1.67822659E-10
   86.0739975         1.77096837E-10
   86.2545013         1.87259819E-10
   86.4349976         1.97997271E-10
   86.6155014         2.08556963E-10
   86.7959976         2.17873442E-10
   86.9765015         2.24761904E-10
   87.1569977         2.28142810E-10
   87.3375015         2.27254771E-10
   87.5179977         2.21805962E-10
   87.6985016         2.12042744E-10
   87.8789978         1.98719555E-10
   88.0595016         1.82987139E-10
   88.2399979         1.66221745E-10
   88.4205017         1.49829552E-10
   88.6009979         1.35063988E-10
   88.7815018         1.22881358E-10
   88.9619980         1.13856660E-10
   89.1425018         1.08171375E-10
   89.3229980         1.05664442E-10
   89.5035019         1.05938577E-10
   89.6839981         1.08490966E-10
   89.8645020         1.12845303E-10
   90.0449982         1.18656127E-10
   90.2255020         1.25773045E-10
   90.4059982         1.34254011E-10
   90.5865021         1.44334655E-10
   90.7669983         1.56364213E-10
   90.9475021         1.70722603E-10
   91.1279984         1.87738977E-10
   91.3085022         2.07627096E-10
   91.4889984         2.30449354E-10
   91.6695023         2.56109967E-10
   91.8499985         2.84370361E-10
   92.0305023         3.14873017E-10
   92.2109985         3.47159829E-10
   92.3915024         3.80676185E-10
   92.5719986         4.14768692E-10
   92.7525024         4.48680426E-10
   92.9329987         4.81566231E-10
   93.1135025         5.12533682E-10
   93.2939987         5.40712919E-10
   93.4745026         5.65338276E-10
   93.6549988         5.85823889E-10
   93.8355026         6.01809380E-10
   94.0159988         6.13167017E-10
   94.1965027         6.19969076E-10
   94.3769989         6.22426444E-10
   94.5575027         6.20817175E-10
   94.7379990         6.15425488E-10
   94.9185028         6.06502737E-10
   95.0989990         5.94260030E-10
   95.2795029         5.78882609E-10
   95.4599991         5.60556435E-10
   95.6405029         5.39490619E-10
   95.8209991         5.15924026E-10
   96.0015030         4.90115892E-10
   96.1819992         4.62328009E-10
   96.3625031         4.32812730E-10
   96.5429993         4.01817857E-10
   96.7235031         3.69609954E-10
   96.9039993         3.36507239E-10
   97.0845032         3.02903036E-10
   97.2649994         2.69266331E-10
   97.4455032         2.36106051E-10
   97.6259995         2.03912748E-10
   97.8065033         1.73088321E-10
   97.9869995         1.43890316E-10
   98.1675034         1.16409361E-10
   98.3479996         9.05849146E-11
   98.5285034         6.62528712E-11
   98.7089996         4.32093597E-11
   98.8895035         2.12679579E-11
   99.0699997         2.94192323E-13
   99.2505035        -1.97920152E-11
   99.4309998        -3.90448680E-11
   99.6115036        -5.75391366E-11
   99.7919998        -7.54151255E-11
   99.9725037        -9.29050240E-11
   100.153000        -1.10325936E-10
   100.333504        -1.28044367E-10
   100.514000        -1.46419710E-10
   100.694504        -1.65745515E-10
   100.875000        -1.86202720E-10
   101.055496        -2.07838191E-10
   101.236000        -2.30571603E-10
   101.416496        -2.54226556E-10
   101.597000        -2.78575218E-10
   101.777496        -3.03394115E-10
   101.958000        -3.28517491E-10
   102.138496        -3.53890112E-10
   102.319000        -3.79605680E-10
   102.499496        -4.05923406E-10
   102.680000        -4.33248881E-10
   102.860497        -4.62074212E-10
   103.041000        -4.92880237E-10
   103.221497        -5.26018007E-10
   103.402000        -5.61590940E-10
   103.582497        -5.99370997E-10
   103.763000        -6.38767650E-10
   103.943497        -6.78865297E-10
   104.124001        -7.18525406E-10
   104.304497        -7.56529561E-10
   104.485001        -7.91738730E-10
   104.665497        -8.23232260E-10
   104.846001        -8.50402415E-10
   105.026497        -8.72986516E-10
   105.207001        -8.91040852E-10
   105.387497        -9.04868791E-10
   105.568001        -9.14924358E-10
   105.748497        -9.21714982E-10
   105.929001        -9.25713950E-10
   106.109497        -9.27296073E-10
   106.290001        -9.26694554E-10
   106.470497        -9.23983223E-10
   106.651001        -9.19092358E-10
   106.831497        -9.11863085E-10
   107.012001        -9.02140140E-10
   107.192497        -8.89894380E-10
   107.373001        -8.75353456E-10
   107.553497        -8.59099125E-10
   107.734001        -8.42096504E-10
   107.914497        -8.25631175E-10
   108.095001        -8.11143930E-10
   108.275497        -7.99996902E-10
   108.456001        -7.93208277E-10
   108.636497        -7.91216093E-10
   108.817001        -7.93735577E-10
   108.997498        -7.99740718E-10
   109.178001        -8.07594103E-10
   109.358498        -8.15293610E-10
   109.539001        -8.20797375E-10
   109.719498        -8.22354407E-10
   109.900002        -8.18776047E-10
   110.080498        -8.09598055E-10
   110.261002        -7.95107258E-10
   110.441498        -7.76236575E-10
   110.622002        -7.54361906E-10
   110.802498        -7.31042282E-10
   110.983002        -7.07750414E-10
   111.163498        -6.85640156E-10
   111.344002        -6.65384525E-10
   111.524498        -6.47094989E-10
   111.705002        -6.30347829E-10
   111.885498        -6.14294338E-10
   112.066002        -5.97846828E-10
   112.246498        -5.79902404E-10
   112.427002        -5.59565339E-10
   112.607498        -5.36322153E-10
   112.788002        -5.10142040E-10
   112.968498        -4.81476747E-10
   113.149002        -4.51165938E-10
   113.329498        -4.20268043E-10
   113.510002        -3.89850013E-10
   113.690498        -3.60781544E-10
   113.871002        -3.33574862E-10
   114.051498        -3.08297360E-10
   114.232002        -2.84579860E-10
   114.412498        -2.61706656E-10
   114.593002        -2.38775444E-10
   114.773499        -2.14883694E-10
   114.954002        -1.89321642E-10
   115.134499        -1.61723898E-10
   115.315002        -1.32173328E-10
   115.495499        -1.01234139E-10
   115.676003        -6.99155941E-11
   115.856499        -3.95620134E-11
   116.037003        -1.16947606E-11
   116.217499         1.21961703E-11
   116.398003         3.08655081E-11
   116.578499         4.35088458E-11
   116.759003         4.98963891E-11
   116.939499         5.04207509E-11
   117.120003         4.60431554E-11
   117.300499         3.81452717E-11
   117.481003         2.83153744E-11
   117.661499         1.81047191E-11
   117.842003         8.80981919E-12
   118.022499         1.31311552E-12
   118.203003        -3.98684774E-12
   118.383499        -7.14688074E-12
   118.564003        -8.56515987E-12
   118.744499        -8.80942888E-12
   118.925003        -8.43284123E-12
   119.105499        -7.80230394E-12
   119.286003        -6.99138750E-12
   119.466499        -5.73058224E-12
   119.647003        -3.42568465E-12
   119.827499         7.63823195E-13
   120.008003         7.81041030E-12
   120.188499         1.86830672E-11
   120.369003         3.42061830E-11
   120.549500         5.49323885E-11
   120.730003         8.10430889E-11
   120.910500         1.12300509E-10
   121.091003         1.48067392E-10
   121.271500         1.87389701E-10
   121.452003         2.29140332E-10
   121.632500         2.72198430E-10
   121.813004         3.15610149E-10
   121.993500         3.58710339E-10
   122.174004         4.01158579E-10
   122.354500         4.42884729E-10
   122.535004         4.83955875E-10
   122.715500         5.24384980E-10
   122.896004         5.63940949E-10
   123.076500         6.01998729E-10
   123.257004         6.37483177E-10
   123.437500         6.68919975E-10
   123.617996         6.94605651E-10
   123.798500         7.12855219E-10
   123.978996         7.22294613E-10
   124.159500         7.22136406E-10
   124.339996         7.12382209E-10
   124.520500         6.93924751E-10
   124.700996         6.68506528E-10
   124.881500         6.38553821E-10
   125.061996         6.06892925E-10
   125.242500         5.76378167E-10
   125.422997         5.49501833E-10
   125.603500         5.28036948E-10
   125.783997         5.12782594E-10
   125.964500         5.03466158E-10
   126.144997         4.98831698E-10
   126.325500         4.96901909E-10
   126.505997         4.95374131E-10
   126.686501         4.92069885E-10
   126.866997         4.85368468E-10
   127.047501         4.74517592E-10
   127.227997         4.59786154E-10
   127.408501         4.42407139E-10
   127.588997         4.24341201E-10
   127.769501         4.07901102E-10
   127.949997         3.95307731E-10
   128.130493         3.88275301E-10
   128.311005         3.87697652E-10
   128.491501         3.93491267E-10
   128.671997         4.04628636E-10
   128.852493         4.19327656E-10
   129.033005         4.35374514E-10
   129.213501         4.50515319E-10
   129.393997         4.62831773E-10
   129.574493         4.71064965E-10
   129.755005         4.74805306E-10
   129.935501         4.74539352E-10
   130.115997         4.71535366E-10
   130.296494         4.67584804E-10
   130.477005         4.64652705E-10
   130.657501         4.64497579E-10
   130.837997         4.68342420E-10
   131.018494         4.76656603E-10
   131.199005         4.89101593E-10
   131.379501         5.04640718E-10
   131.559998         5.21789167E-10
   131.740494         5.38950495E-10
   131.921005         5.54760127E-10
   132.101501         5.68355807E-10
   132.281998         5.79538528E-10
   132.462494         5.88762095E-10
   132.643005         5.96988681E-10
   132.823502         6.05420547E-10
   133.003998         6.15189455E-10
   133.184494         6.27050689E-10
   133.365005         6.41163234E-10
   133.545502         6.56989851E-10
   133.725998         6.73333889E-10
   133.906494         6.88512858E-10
   134.087006         7.00620173E-10
   134.267502         7.07836179E-10
   134.447998         7.08733183E-10
   134.628494         7.02510050E-10
   134.809006         6.89130086E-10
   134.989502         6.69330258E-10
   135.169998         6.44495235E-10
   135.350494         6.16434237E-10
   135.531006         5.87090931E-10
   135.711502         5.58252888E-10
   135.891998         5.31315214E-10
   136.072495         5.07149711E-10
   136.253006         4.86098772E-10
   136.433502         4.68085126E-10
   136.613998         4.52811455E-10
   136.794495         4.39993125E-10
   136.975006         4.29566216E-10
   137.155502         4.21819329E-10
   137.335999         4.17417295E-10
   137.516495         4.17312629E-10
   137.697006         4.22556878E-10
   137.877502         4.34074249E-10
   138.057999         4.52432175E-10
   138.238495         4.77666739E-10
   138.419006         5.09195630E-10
   138.599503         5.45829160E-10
   138.779999         5.85867188E-10
   138.960495         6.27270180E-10
   139.141006         6.67856936E-10
   139.321503         7.05518033E-10
   139.501999         7.38417050E-10
   139.682495         7.65137065E-10
   139.863007         7.84782517E-10
   140.043503         7.97001687E-10
   140.223999         8.01940903E-10
   140.404495         8.00139677E-10
   140.585007         7.92375110E-10
   140.765503         7.79493414E-10
   140.945999         7.62249153E-10
   141.126495         7.41189110E-10
   141.307007         7.16604387E-10
   141.487503         6.88554880E-10
   141.667999         6.56960653E-10
   141.848495         6.21744711E-10
   142.029007         5.82975779E-10
   142.209503         5.40981648E-10
   142.389999         4.96407915E-10
   142.570496         4.50197102E-10
   142.751007         4.03499956E-10
   142.931503         3.57554319E-10
   143.112000         3.13550436E-10
   143.292496         2.72521311E-10
   143.473007         2.35273218E-10
   143.653503         2.02362474E-10
   143.834000         1.74103454E-10
   144.014496         1.50598076E-10
   144.195007         1.31766861E-10
   144.375504         1.17380439E-10
   144.556000         1.07088345E-10
   144.736496         1.00437436E-10
   144.917007         9.69038322E-11
   145.097504         9.59309299E-11
   145.278000         9.69729089E-11
   145.458496         9.95460589E-11
   145.639008         1.03267186E-10
   145.819504         1.07871226E-10
   146.000000         1.13210046E-10
   146.180496         1.19217858E-10
   146.360992         1.25879321E-10
   146.541504         1.33179259E-10
   146.722000         1.41072862E-10
   146.902496         1.49463678E-10
   147.082993         1.58198621E-10
   147.263504         1.67070469E-10
   147.444000         1.75823758E-10
   147.624496         1.84160992E-10
   147.804993         1.91752933E-10
   147.985504         1.98251984E-10
   148.166000         2.03313852E-10
   148.346497         2.06623621E-10
   148.526993         2.07920667E-10
   148.707504         2.07009840E-10
   148.888000         2.03763673E-10
   149.068497         1.98110986E-10
   149.248993         1.90021235E-10
   149.429504         1.79492018E-10
   149.610001         1.66550093E-10
   149.790497         1.51266694E-10
   149.970993         1.33788564E-10
   150.151505         1.14363512E-10
   150.332001         9.33570096E-11
   150.512497         7.12385845E-11
   150.692993         4.85237545E-11
   150.873505         2.56903058E-11
   151.054001         3.06604742E-12
   151.234497        -1.92751856E-11
   151.414993        -4.15831571E-11
   151.595505        -6.44490433E-11
   151.776001        -8.87532131E-11
   151.956497        -1.15557459E-10
   152.136993        -1.45955137E-10
   152.317505        -1.80911314E-10
   152.498001        -2.21115348E-10
   152.678497        -2.66869304E-10
   152.858994        -3.18016086E-10
   153.039505        -3.73919756E-10
   153.220001        -4.33493491E-10
   153.400497        -4.95282870E-10
   153.580994        -5.57602020E-10
   153.761505        -6.18708917E-10
   153.942001        -6.77006284E-10
   154.122498        -7.31231742E-10
   154.302994        -7.80612797E-10
   154.483505        -8.24946667E-10
   154.664001        -8.64587124E-10
   154.844498        -9.00329256E-10
   155.024994        -9.33207067E-10
   155.205505        -9.64247793E-10
   155.386002        -9.94228699E-10
   155.566498        -1.02350206E-09
   155.746994        -1.05192988E-09
   155.927505        -1.07894471E-09
   156.108002        -1.10372367E-09
   156.288498        -1.12543941E-09
   156.468994        -1.14352039E-09
   156.649506        -1.15786492E-09
   156.830002        -1.16897025E-09
   157.010498        -1.17794929E-09
   157.190994        -1.18643384E-09
   157.371506        -1.19639698E-09
   157.552002        -1.20991073E-09
   157.732498        -1.22888311E-09
   157.912994        -1.25481114E-09
   158.093506        -1.28858102E-09
   158.274002        -1.33034939E-09
   158.454498        -1.37950862E-09
   158.634995        -1.43474632E-09
   158.815506        -1.49419299E-09
   158.996002        -1.55562241E-09
   159.176498        -1.61669778E-09
   159.356995        -1.67521252E-09
   159.537506        -1.72930248E-09
   159.718002        -1.77758341E-09
   159.898499        -1.81920612E-09
   160.078995        -1.85380256E-09
   160.259506        -1.88136950E-09
   160.440002        -1.90209359E-09
   160.620499        -1.91618277E-09
   160.800995        -1.92372851E-09
   160.981506        -1.92464711E-09
   161.162003        -1.91868987E-09
   161.342499        -1.90552485E-09
   161.522995        -1.88486537E-09
   161.703506        -1.85660731E-09
   161.884003        -1.82094828E-09
   162.064499        -1.77846537E-09
   162.244995        -1.73013581E-09
   162.425507        -1.67730130E-09
   162.606003        -1.62157676E-09
   162.786499        -1.56472024E-09
   162.966995        -1.50848656E-09
   163.147507        -1.45448431E-09
   163.328003        -1.40405487E-09
   163.508499        -1.35818679E-09
   163.688995        -1.31748090E-09
   163.869507        -1.28216071E-09
   164.050003        -1.25212563E-09
   164.230499        -1.22704225E-09
   164.410995        -1.20643795E-09
   164.591507        -1.18980314E-09
   164.772003        -1.17665333E-09
   164.952499        -1.16657251E-09
   165.132996        -1.15919940E-09
   165.313507        -1.15419141E-09
   165.494003        -1.15117560E-09
   165.674500        -1.14969867E-09
   165.854996        -1.14921372E-09
   166.035507        -1.14908716E-09
   166.216003        -1.14863441E-09
   166.396500        -1.14715859E-09
   166.576996        -1.14397614E-09
   166.757507        -1.13842002E-09
   166.938004        -1.12982024E-09
   167.118500        -1.11748255E-09
   167.298996        -1.10067266E-09
   167.479507        -1.07862408E-09
   167.660004        -1.05057751E-09
   167.840500        -1.01585396E-09
   168.020996        -9.73945591E-10
   168.201508        -9.24617938E-10
   168.382004        -8.67985128E-10
   168.562500        -8.04549483E-10
   168.742996        -7.35193129E-10
   168.923492        -6.61117272E-10
   169.104004        -5.83746496E-10
   169.284500        -5.04602249E-10
   169.464996        -4.25176561E-10
   169.645493        -3.46797063E-10
   169.826004        -2.70513917E-10
   170.006500        -1.97011685E-10
   170.186996        -1.26549576E-10
   170.367493        -5.89633758E-11
   170.548004         6.26781526E-12
   170.728500         6.98968730E-11
   170.908997         1.32733866E-10
   171.089493         1.95460856E-10
   171.270004         2.58472077E-10
   171.450500         3.21787041E-10
   171.630997         3.85037835E-10
   171.811493         4.47553827E-10
   171.992004         5.08504128E-10
   172.172501         5.67081770E-10
   172.352997         6.22679797E-10
   172.533493         6.75018208E-10
   172.714005         7.24205917E-10
   172.894501         7.70721098E-10
   173.074997         8.15319923E-10
   173.255493         8.58910554E-10
   173.436005         9.02419917E-10
   173.616501         9.46679624E-10
   173.796997         9.92349536E-10
   173.977493         1.03987918E-09
   174.158005         1.08950660E-09
   174.338501         1.14127185E-09
   174.518997         1.19505172E-09
   174.699493         1.25059774E-09
   174.880005         1.30757127E-09
   175.060501         1.36558109E-09
   175.240997         1.42420764E-09
   175.421494         1.48301549E-09
   175.602005         1.54155744E-09
   175.782501         1.59936620E-09
   175.962997         1.65594660E-09
   176.143494         1.71078474E-09
   176.324005         1.76336135E-09
   176.504501         1.81318749E-09
   176.684998         1.85983795E-09
   176.865494         1.90298932E-09
   177.046005         1.94243932E-09
   177.226501         1.97811278E-09
   177.406998         2.01004124E-09
   177.587494         2.03832484E-09
   177.768005         2.06308393E-09
   177.948502         2.08441353E-09
   178.128998         2.10235096E-09
   178.309494         2.11687778E-09
   178.490005         2.12794382E-09
   178.670502         2.13552420E-09
   178.850998         2.13968887E-09
   179.031494         2.14066409E-09
   179.212006         2.13886620E-09
   179.392502         2.13489271E-09
   179.572998         2.12946083E-09
   179.753494         2.12330442E-09
   179.934006         2.11705364E-09
   180.114502         2.11110307E-09
   180.294998         2.10551021E-09
   180.475494         2.09993800E-09
   180.656006         2.09366502E-09
   180.836502         2.08565276E-09
   181.016998         2.07469641E-09
   181.197495         2.05960538E-09
   181.378006         2.03940176E-09
   181.558502         2.01348804E-09
   181.738998         1.98174943E-09
   181.919495         1.94456606E-09
   182.100006         1.90274152E-09
   182.280502         1.85734805E-09
   182.460999         1.80952764E-09
   182.641495         1.76029080E-09
   182.822006         1.71034009E-09
   183.002502         1.65997049E-09
   183.182999         1.60904678E-09
   183.363495         1.55709223E-09
   183.544006         1.50343837E-09
   183.724503         1.44742318E-09
   183.904999         1.38859246E-09
   184.085495         1.32684275E-09
   184.266006         1.26249167E-09
   184.446503         1.19624999E-09
   184.626999         1.12910903E-09
   184.807495         1.06217679E-09
   184.988007         9.96487337E-10
   185.168503         9.32827260E-10
   185.348999         8.71613837E-10
   185.529495         8.12838297E-10
   185.710007         7.56102847E-10
   185.890503         7.00721370E-10
   186.070999         6.45885179E-10
   186.251495         5.90837934E-10
   186.432007         5.35042455E-10
   186.612503         4.78289297E-10
   186.792999         4.20738860E-10
   186.973495         3.62887359E-10
   187.154007         3.05450470E-10
   187.334503         2.49183563E-10
   187.514999         1.94679078E-10
   187.695496         1.42155579E-10
   187.876007         9.12963871E-11
   188.056503         4.11665806E-11
   188.237000        -9.74446739E-12
   188.417496        -6.33700453E-11
   188.598007        -1.21792604E-10
   188.778503        -1.86909793E-10
   188.959000        -2.60091365E-10
   189.139496        -3.41895678E-10
   189.320007        -4.31903929E-10
   189.500504        -5.28710409E-10
   189.681000        -6.30078656E-10
   189.861496        -7.33237693E-10
   190.042007        -8.35274849E-10
   190.222504        -9.33543465E-10
   190.403000        -1.02602082E-09
   190.583496        -1.11154552E-09
   190.764008        -1.18989729E-09
   190.944504        -1.26170396E-09
   191.125000        -1.32821210E-09
   191.305496        -1.39094658E-09
   191.485992        -1.45134860E-09
   191.666504        -1.51044455E-09
   191.847000        -1.56860536E-09
   192.027496        -1.62544289E-09
   192.207993        -1.67986625E-09
   192.388504        -1.73027181E-09
   192.569000        -1.77484194E-09
   192.749496        -1.81189341E-09
   192.929993        -1.84021576E-09
   193.110504        -1.85932925E-09
   193.291000        -1.86961979E-09
   193.471497        -1.87232341E-09
   193.651993        -1.86936733E-09
   193.832504        -1.86310456E-09
   194.013000        -1.85598770E-09
   194.193497        -1.85024918E-09
   194.373993        -1.84763460E-09
   194.554504        -1.84922855E-09
   194.735001        -1.85538629E-09
   194.915497        -1.86577798E-09
   195.095993        -1.87952653E-09
   195.276505        -1.89540450E-09
   195.457001        -1.91207405E-09
   195.637497        -1.92831107E-09
   195.817993        -1.94321070E-09
   195.998505        -1.95631977E-09
   196.179001        -1.96769334E-09
   196.359497        -1.97784167E-09
   196.539993        -1.98759365E-09
   196.720505        -1.99787720E-09
   196.901001        -2.00945505E-09
   197.081497        -2.02266381E-09
   197.261993        -2.03722417E-09
   197.442505        -2.05215511E-09
   197.623001        -2.06582706E-09
   197.803497        -2.07615192E-09
   197.983994        -2.08086637E-09
   198.164505        -2.07786033E-09
   198.345001        -2.06547623E-09
   198.525497        -2.04271755E-09
   198.705994        -2.00937023E-09
   198.886505        -1.96596894E-09
   199.067001        -1.91368676E-09
   199.247498        -1.85412974E-09
   199.427994        -1.78909809E-09
   199.608505        -1.72033454E-09
   199.789001        -1.64931890E-09
   199.969498        -1.57708746E-09
   200.149994        -1.50415402E-09
   200.330505        -1.43048662E-09
   200.511002        -1.35558453E-09
   200.691498        -1.27863853E-09
   200.871994        -1.19875332E-09
   201.052505        -1.11522169E-09
   201.233002        -1.02776243E-09
   201.413498        -9.36707267E-10
   201.593994        -8.43076386E-10
   201.774506        -7.48515749E-10
   201.955002        -6.55094534E-10
   202.135498        -5.65022307E-10
   202.315994        -4.80302575E-10
   202.496506        -4.02430228E-10
   202.677002        -3.32157302E-10
   202.857498        -2.69386791E-10
   203.037994        -2.13193185E-10
   203.218506        -1.61974045E-10
   203.399002        -1.13693700E-10
   203.579498        -6.61909624E-11
   203.759995        -1.74948164E-11
   203.940506         3.38901546E-11
   204.121002         8.87799140E-11
   204.301498         1.47220292E-10
   204.481995         2.08530540E-10
   204.662506         2.71460104E-10
   204.843002         3.34464290E-10
   205.023499         3.96010558E-10
   205.203995         4.54883464E-10
   205.384506         5.10386344E-10
   205.565002         5.62430547E-10
   205.745499         6.11453166E-10
   205.925995         6.58220534E-10
   206.106506         7.03545888E-10
   206.287003         7.48009987E-10
   206.467499         7.91749721E-10
   206.647995         8.34377734E-10
   206.828506         8.75029993E-10
   207.009003         9.12555476E-10
   207.189499         9.45760470E-10
   207.369995         9.73665037E-10
   207.550507         9.95699523E-10
   207.731003         1.01180164E-09
   207.911499         1.02240238E-09
   208.091995         1.02831188E-09
   208.272507         1.03054731E-09
   208.453003         1.03012399E-09
   208.633499         1.02786579E-09
   208.813995         1.02425635E-09
   208.994507         1.01935915E-09
   209.175003         1.01281472E-09
   209.355499         1.00392428E-09
   209.535995         9.91804638E-10
   209.716507         9.75590830E-10
   209.897003         9.54662016E-10
   210.077499         9.28831068E-10
   210.257996         8.98471741E-10
   210.438507         8.64547323E-10
   210.619003         8.28520086E-10
   210.799500         7.92159838E-10
   210.979996         7.57276464E-10
   211.160507         7.25422222E-10
   211.341003         6.97622959E-10
   211.521500         6.74188372E-10
   211.701996         6.54633181E-10
   211.882507         6.37727926E-10
   212.063004         6.21657614E-10
   212.243500         6.04264638E-10
   212.423996         5.83328996E-10
   212.604507         5.56851176E-10
   212.785004         5.23290578E-10
   212.965500         4.81738760E-10
   213.145996         4.31999492E-10
   213.326508         3.74568182E-10
   213.507004         3.10512588E-10
   213.687500         2.41280745E-10
   213.867996         1.68456415E-10
   214.048492         9.35159034E-11
   214.229004         1.76165610E-11
   214.409500        -5.85347742E-11
   214.589996        -1.34713615E-10
   214.770493        -2.11095655E-10
   214.951004        -2.88087054E-10
   215.131500        -3.66098624E-10
   215.311996        -4.45316367E-10
   215.492493        -5.25520460E-10
   215.673004        -6.05992478E-10
   215.853500        -6.85531298E-10
   216.033997        -7.62581664E-10
   216.214493        -8.35440328E-10
   216.395004        -9.02505237E-10
   216.575500        -9.62520730E-10
   216.755997        -1.01476827E-09
   216.936493        -1.05917153E-09
   217.117004        -1.09629594E-09
   217.297501        -1.12724807E-09
   217.477997        -1.15348708E-09
   217.658493        -1.17659193E-09
   217.839005        -1.19802723E-09
   218.019501        -1.21894039E-09
   218.199997        -1.24003430E-09
   218.380493        -1.26152011E-09
   218.561005        -1.28315969E-09
   218.741501        -1.30437428E-09
   218.921997        -1.32440192E-09
   219.102493        -1.34247236E-09
   219.283005        -1.35797418E-09
   219.463501        -1.37057810E-09
   219.643997        -1.38031342E-09
   219.824493        -1.38757317E-09
   220.005005        -1.39306178E-09
   220.185501        -1.39768597E-09
   220.365997        -1.40240852E-09
   220.546494        -1.40808931E-09
   220.727005        -1.41533263E-09
   220.907501        -1.42437717E-09
   221.087997        -1.43504419E-09
   221.268494        -1.44674639E-09
   221.449005        -1.45856716E-09
   221.629501        -1.46938517E-09
   221.809998        -1.47801893E-09
   221.990494        -1.48336687E-09
   222.171005        -1.48451829E-09
   222.351501        -1.48081458E-09
   222.531998        -1.47185242E-09
   222.712494        -1.45744317E-09
   222.893005        -1.43753709E-09
   223.073502        -1.41213330E-09
   223.253998        -1.38120015E-09
   223.434494        -1.34461253E-09
   223.615005        -1.30212818E-09
   223.795502        -1.25339228E-09
   223.975998        -1.19799648E-09
   224.156494        -1.13554066E-09
   224.337006        -1.06574594E-09
   224.517502        -9.88550686E-10
   224.697998        -9.04204989E-10
   224.878494        -8.13329681E-10
   225.059006        -7.16917581E-10
   225.239502        -6.16255935E-10
   225.419998        -5.12789089E-10
   225.600494        -4.07934242E-10
   225.781006        -3.02870617E-10
   225.961502        -1.98372471E-10
   226.141998        -9.46887083E-11
   226.322495         8.48673128E-12
   226.503006         1.11948867E-10
   226.683502         2.16844723E-10
   226.863998         3.24467675E-10
   227.044495         4.36042424E-10
   227.225006         5.52525359E-10
   227.405502         6.74446499E-10
   227.585999         8.01824718E-10
   227.766495         9.34145095E-10
   227.947006         1.07042220E-09
   228.127502         1.20932420E-09
   228.307999         1.34936307E-09
   228.488495         1.48911361E-09
   228.669006         1.62742686E-09
   228.849503         1.76361858E-09
   229.029999         1.89755789E-09
   229.210495         2.02967776E-09
   229.391006         2.16086415E-09
   229.571503         2.29225283E-09
   229.751999         2.42497222E-09
   229.932495         2.55989163E-09
   230.113007         2.69741296E-09
   230.293503         2.83735768E-09
   230.473999         2.97897396E-09
   230.654495         3.12105364E-09
   230.835007         3.26213101E-09
   231.015503         3.40071749E-09
   231.195999         3.53553475E-09
   231.376495         3.66570485E-09
   231.557007         3.79084630E-09
   231.737503         3.91109944E-09
   231.917999         4.02706934E-09
   232.098495         4.13967127E-09
   232.279007         4.24999991E-09
   232.459503         4.35911174E-09
   232.639999         4.46785497E-09
   232.820496         4.57673144E-09
   233.001007         4.68580863E-09
   233.181503         4.79473261E-09
   233.362000         4.90279239E-09
   233.542496         5.00907005E-09
   233.723007         5.11262233E-09
   233.903503         5.21265253E-09
   234.084000         5.30864552E-09
   234.264496         5.40045608E-09
   234.445007         5.48828583E-09
   234.625504         5.57259972E-09
   234.806000         5.65400038E-09
   234.986496         5.73305980E-09
   235.167007         5.81015236E-09
   235.347504         5.88537619E-09
   235.528000         5.95845862E-09
   235.708496         6.02878281E-09
   235.889008         6.09541218E-09
   236.069504         6.15718809E-09
   236.250000         6.21282936E-09
   236.430496         6.26104768E-09
   236.610992         6.30067909E-09
   236.791504         6.33077990E-09
   236.972000         6.35070307E-09
   237.152496         6.36017328E-09
   237.332993         6.35929132E-09
   237.513504         6.34850617E-09
   237.694000         6.32853858E-09
   237.874496         6.30029007E-09
   238.054993         6.26470920E-09
   238.235504         6.22263929E-09
   238.416000         6.17473095E-09
   238.596497         6.12133499E-09
   238.776993         6.06249495E-09
   238.957504         5.99799055E-09
   239.138000         5.92741944E-09
   239.318497         5.85033177E-09
   239.498993         5.76638159E-09
   239.679504         5.67545433E-09
   239.860001         5.57777691E-09
   240.040497         5.47394485E-09
   240.220993         5.36488587E-09
   240.401505         5.25174038E-09
   240.582001         5.13569276E-09
   240.762497         5.01776931E-09
   240.942993         4.89866947E-09
   241.123505         4.77864104E-09
   241.304001         4.65743621E-09
   241.484497         4.53435911E-09
   241.664993         4.40839409E-09
   241.845505         4.27839186E-09
   242.026001         4.14330259E-09
   242.206497         4.00239886E-09
   242.386993         3.85544618E-09
   242.567505         3.70277853E-09
   242.748001         3.54531049E-09
   242.928497         3.38440254E-09
   243.108994         3.22168736E-09
   243.289505         3.05880321E-09
   243.470001         2.89715341E-09
   243.650497         2.73766987E-09
   243.830994         2.58067168E-09
   244.011505         2.42582865E-09
   244.192001         2.27221175E-09
   244.372498         2.11848517E-09
   244.552994         1.96312655E-09
   244.733505         1.80473703E-09
   244.914001         1.64232339E-09
   245.094498         1.47544743E-09
   245.274994         1.30437738E-09
   245.455505         1.13005216E-09
   245.636002         9.53950474E-10
   245.816498         7.77861220E-10
   245.996994         6.03595451E-10
   246.177505         4.32710451E-10
   246.358002         2.66232231E-10
   246.538498         1.04536609E-10
   246.718994        -5.27144994E-11
   246.899506        -2.06455367E-10
   247.080002        -3.58010427E-10
   247.260498        -5.08835529E-10
   247.440994        -6.60197841E-10
   247.621506        -8.12962697E-10
   247.802002        -9.67387725E-10
   247.982498        -1.12310405E-09
   248.162994        -1.27922939E-09
   248.343506        -1.43452183E-09
   248.524002        -1.58767910E-09
   248.704498        -1.73760351E-09
   248.884995        -1.88362015E-09
   249.065506        -2.02562966E-09
   249.246002        -2.16413754E-09
   249.426498        -2.30018715E-09
   249.606995        -2.43514298E-09
   249.787506        -2.57046118E-09
   249.968002        -2.70741629E-09
   250.148499        -2.84681145E-09
   250.328995        -2.98881453E-09
   250.509506        -3.13287241E-09
   250.690002        -3.27773075E-09
   250.870499        -3.42163320E-09
   251.050995        -3.56260133E-09
   251.231506        -3.69879105E-09
   251.412003        -3.82886212E-09
   251.592499        -3.95226296E-09
   251.772995        -4.06941592E-09
   251.953506        -4.18171631E-09
   252.134003        -4.29135216E-09
   252.314499        -4.40095294E-09
   252.494995        -4.51319471E-09
   252.675507        -4.63035921E-09
   252.856003        -4.75398254E-09
   253.036499        -4.88463581E-09
   253.216995        -5.02184516E-09
   253.397507        -5.16419574E-09
   253.578003        -5.30959321E-09
   253.758499        -5.45559331E-09
   253.938995        -5.59979041E-09
   254.119507        -5.74020342E-09
   254.300003        -5.87553561E-09
   254.480499        -6.00535444E-09
   254.660995        -6.13010798E-09
   254.841507        -6.25096375E-09
   255.022003        -6.36955688E-09
   255.202499        -6.48763709E-09
   255.382996        -6.60667387E-09
   255.563507        -6.72755673E-09
   255.744003        -6.85035850E-09
   255.924500        -6.97429625E-09
   256.105011        -7.09781212E-09
   256.285492        -7.21882731E-09
   256.466003        -7.33508720E-09
   256.646515        -7.44447437E-09
   256.826996        -7.54536789E-09
   257.007507        -7.63679964E-09
   257.187988        -7.71857689E-09
   257.368500        -7.79126097E-09
   257.549011        -7.85601806E-09
   257.729492        -7.91443977E-09
   257.910004        -7.96829891E-09
   258.090515        -8.01929279E-09
   258.270996        -8.06878653E-09
   258.451508        -8.11766387E-09
   258.631989        -8.16620904E-09
   258.812500        -8.21410850E-09
   258.993011        -8.26052915E-09
   259.173492        -8.30433500E-09
   259.354004        -8.34434122E-09
   259.534485        -8.37960723E-09
   259.714996        -8.40964542E-09
   259.895508        -8.43454462E-09
   260.075989        -8.45498693E-09
   260.256500        -8.47204884E-09
   260.437012        -8.48698178E-09
   260.617493        -8.50091908E-09
   260.798004        -8.51462456E-09
   260.978485        -8.52830695E-09
   261.158997        -8.54161186E-09
   261.339508        -8.55362714E-09
   261.519989        -8.56316262E-09
   261.700500        -8.56889759E-09
   261.881012        -8.56969518E-09
   262.061493        -8.56478977E-09
   262.242004        -8.55391225E-09
   262.422485        -8.53743209E-09
   262.602997        -8.51630322E-09
   262.783508        -8.49199289E-09
   262.963989        -8.46623749E-09
   263.144501        -8.44082049E-09
   263.325012        -8.41725534E-09
   263.505493        -8.39646930E-09
   263.686005        -8.37859471E-09
   263.866486        -8.36278069E-09
   264.046997        -8.34730862E-09
   264.227509        -8.32973512E-09
   264.407990        -8.30725178E-09
   264.588501        -8.27710256E-09
   264.769012        -8.23694268E-09
   264.949493        -8.18517787E-09
   265.130005        -8.12107714E-09
   265.310486        -8.04478262E-09
   265.490997        -7.95712829E-09
   265.671509        -7.85940113E-09
   265.851990        -7.75295561E-09
   266.032501        -7.63900587E-09
   266.213013        -7.51836460E-09
   266.393494        -7.39143280E-09
   266.574005        -7.25817628E-09
   266.754486        -7.11830994E-09
   266.934998        -6.97147184E-09
   267.115509        -6.81754919E-09
   267.295990        -6.65680577E-09
   267.476501        -6.49015508E-09
   267.657013        -6.31908081E-09
   267.837494        -6.14563511E-09
   268.018005        -5.97222538E-09
   268.198486        -5.80130077E-09
   268.378998        -5.63496094E-09
   268.559509        -5.47467671E-09
   268.739990        -5.32102096E-09
   268.920502        -5.17355447E-09
   269.101013        -5.03088637E-09
   269.281494        -4.89088814E-09
   269.462006        -4.75101603E-09
   269.642487        -4.60861616E-09
   269.822998        -4.46131132E-09
   270.003510        -4.30727898E-09
   270.183990        -4.14541157E-09
   270.364502        -3.97542976E-09
   270.545013        -3.79774834E-09
   270.725494        -3.61341068E-09
   270.906006        -3.42384077E-09
   271.086487        -3.23065996E-09
   271.266998        -3.03536396E-09
   271.447510        -2.83906654E-09
   271.627991        -2.64236633E-09
   271.808502        -2.44514298E-09
   271.989014        -2.24660868E-09
   272.169495        -2.04541850E-09
   272.350006        -1.83984794E-09
   272.530487        -1.62823421E-09
   272.710999        -1.40918632E-09
   272.891510        -1.18194288E-09
   273.071991        -9.46484779E-10
   273.252502        -7.03634595E-10
   273.433014        -4.54930427E-10
   273.613495        -2.02404427E-10
   273.794006         5.17127521E-11
   273.974487         3.05254322E-10
   274.154999         5.56416191E-10
   274.335510         8.03868527E-10
   274.515991         1.04677089E-09
   274.696503         1.28474098E-09
   274.877014         1.51772039E-09
   275.057495         1.74575221E-09
   275.238007         1.96889860E-09
   275.418488         2.18710161E-09
   275.598999         2.40012210E-09
   275.779510         2.60763944E-09
   275.959991         2.80931989E-09
   276.140503         3.00498204E-09
   276.321014         3.19474958E-09
   276.501495         3.37913697E-09
   276.682007         3.55914298E-09
   276.862488         3.73621711E-09
   277.042999         3.91214439E-09
   277.223511         4.08890521E-09
   277.403992         4.26853664E-09
   277.584503         4.45287274E-09
   277.765015         4.64340300E-09
   277.945496         4.84109997E-09
   278.126007         5.04631892E-09
   278.306488         5.25873745E-09
   278.487000         5.47736478E-09
   278.667511         5.70064973E-09
   278.847992         5.92660720E-09
   279.028503         6.15302431E-09
   279.209015         6.37764419E-09
   279.389496         6.59840582E-09
   279.570007         6.81365364E-09
   279.750488         7.02222014E-09
   279.931000         7.22347560E-09
   280.111511         7.41722861E-09
   280.291992         7.60363505E-09
   280.472504         7.78299558E-09
   280.653015         7.95558019E-09
   280.833496         8.12141376E-09
   281.014008         8.28018454E-09
   281.194489         8.43114645E-09
   281.375000         8.57313953E-09
   281.555511         8.70463257E-09
   281.735992         8.82391049E-09
   281.916504         8.92926622E-09
   282.096985         9.01920938E-09
   282.277496         9.09273368E-09
   282.458008         9.14950693E-09
   282.638489         9.19000076E-09
   282.819000         9.21559540E-09
   282.999512         9.22842514E-09
   283.179993         9.23120247E-09
   283.360504         9.22694809E-09
   283.540985         9.21863386E-09
   283.721497         9.20892074E-09
   283.902008         9.19991638E-09
   284.082489         9.19308274E-09
   284.263000         9.18919518E-09
   284.443512         9.18842247E-09
   284.623993         9.19052656E-09
   284.804504         9.19507936E-09
   284.984985         9.20160836E-09
   285.165497         9.20976717E-09
   285.346008         9.21942789E-09
   285.526489         9.23070420E-09
   285.707001         9.24379862E-09
   285.887512         9.25890564E-09
   286.067993         9.27595245E-09
   286.248505         9.29442123E-09
   286.428986         9.31313782E-09
   286.609497         9.33017397E-09
   286.790009         9.34287581E-09
   286.970490         9.34803701E-09
   287.151001         9.34226385E-09
   287.331512         9.32236954E-09
   287.511993         9.28589028E-09
   287.692505         9.23141119E-09
   287.872986         9.15879994E-09
   288.053497         9.06921649E-09
   288.234009         8.96497365E-09
   288.414490         8.84913742E-09
   288.595001         8.72509176E-09
   288.775513         8.59605009E-09
   288.955994         8.46460235E-09
   289.136505         8.33237657E-09
   289.316986         8.19991186E-09
   289.497498         8.06667355E-09
   289.678009         7.93128496E-09
   289.858490         7.79187737E-09
   290.039001         7.64653230E-09
   290.219513         7.49370344E-09
   290.399994         7.33264427E-09
   290.580505         7.16366033E-09
   290.760986         6.98817804E-09
   290.941498         6.80854573E-09
   291.122009         6.62766553E-09
   291.302490         6.44848441E-09
   291.483002         6.27346353E-09
   291.663513         6.10407414E-09
   291.843994         5.94052807E-09
   292.024506         5.78170356E-09
   292.204987         5.62532376E-09
   292.385498         5.46842926E-09
   292.566010         5.30791100E-09
   292.746490         5.14111642E-09
   292.927002         4.96635311E-09
   293.107513         4.78322359E-09
   293.287994         4.59271154E-09
   293.468506         4.39707248E-09
   293.648987         4.19944257E-09
   293.829498         4.00331457E-09
   294.010010         3.81198717E-09
   294.190491         3.62800590E-09
   294.371002         3.45274387E-09
   294.551514         3.28618799E-09
   294.731995         3.12697601E-09
   294.912506         2.97261216E-09
   295.092987         2.81996093E-09
   295.273499         2.66579270E-09
   295.454010         2.50737764E-09
   295.634491         2.34297159E-09
   295.815002         2.17209739E-09
   295.995514         1.99562145E-09
   296.175995         1.81556237E-09
   296.356506         1.63473746E-09
   296.536987         1.45622814E-09
   296.717499         1.28280941E-09
   296.898010         1.11643261E-09
   297.078491         9.57879664E-10
   297.259003         8.06643585E-10
   297.439514         6.61004640E-10
   297.619995         5.18366405E-10
   297.800507         3.75720843E-10
   297.980988         2.30185607E-10
   298.161499         7.95227148E-11
   298.342010        -7.74629597E-11
   298.522491        -2.40709147E-10
   298.703003        -4.08930362E-10
   298.883514        -5.79905512E-10
   299.063995        -7.50851881E-10
   299.244507        -9.18988552E-10
   299.424988        -1.08203613E-09
   299.605499        -1.23859289E-09
   299.786011        -1.38838563E-09
   299.966492        -1.53221746E-09
   300.147003        -1.67171765E-09
   300.327515        -1.80891424E-09
   300.507996        -1.94568672E-09
   300.688507        -2.08332063E-09
   300.868988        -2.22202057E-09
   301.049500        -2.36075692E-09
   301.230011        -2.49729970E-09
   301.410492        -2.62849631E-09
   301.591003        -2.75076739E-09
   301.771515        -2.86070123E-09
   301.951996        -2.95558134E-09
   302.132507        -3.03392533E-09
   302.312988        -3.09576964E-09
   302.493500        -3.14264548E-09
   302.674011        -3.17744409E-09
   302.854492        -3.20385896E-09
   303.035004        -3.22584759E-09
   303.215515        -3.24697003E-09
   303.395996        -3.26985572E-09
   303.576508        -3.29581940E-09
   303.756989        -3.32472982E-09
   303.937500        -3.35510442E-09
   304.118011        -3.38446737E-09
   304.298492        -3.40980999E-09
   304.479004        -3.42827033E-09
   304.659485        -3.43764506E-09
   304.839996        -3.43684214E-09
   305.020508        -3.42612716E-09
   305.200989        -3.40712436E-09
   305.381500        -3.38260175E-09
   305.562012        -3.35605166E-09
   305.742493        -3.33109607E-09
   305.923004        -3.31096639E-09
   306.103485        -3.29793592E-09
   306.283997        -3.29295502E-09
   306.464508        -3.29556160E-09
   306.644989        -3.30397820E-09
   306.825500        -3.31544858E-09
   307.006012        -3.32677064E-09
   307.186493        -3.33488015E-09
   307.367004        -3.33743078E-09
   307.547485        -3.33319372E-09
   307.727997        -3.32225714E-09
   307.908508        -3.30591932E-09
   308.088989        -3.28642757E-09
   308.269501        -3.26644889E-09
