  -34.5000000         0.00000000    
  -34.3195000         0.00000000    
  -34.1389999         0.00000000    
  -33.9584999        -1.13917364E-29
  -33.7779999        -4.67634495E-26
  -33.5974998        -3.09188707E-25
  -33.4169998        -2.64302462E-24
  -33.2364998        -8.02509619E-24
  -33.0559998        -1.60616468E-24
  -32.8754997         3.97962940E-23
  -32.6949997         5.60605138E-23
  -32.5144997        -1.65473811E-22
  -32.3339996        -6.73371719E-22
  -32.1534996        -6.24917737E-22
  -31.9729996         1.62323654E-21
  -31.7924995         5.90067270E-21
  -31.6119995         6.38935631E-21
  -31.4314995        -6.88950977E-21
  -31.2509995        -3.51841564E-20
  -31.0704994        -5.35387966E-20
  -30.8899994        -1.27512153E-20
  -30.7094994         1.17480856E-19
  -30.5289993         2.79696726E-19
  -30.3484993         3.00187256E-19
  -30.1679993        -2.39364776E-20
  -29.9874992        -7.19583026E-19
  -29.8069992        -1.43804191E-18
  -29.6264992        -1.46725618E-18
  -29.4459991        -9.96199073E-20
  -29.2654991         2.72730692E-18
  -29.0849991         5.88009031E-18
  -28.9044991         7.06614406E-18
  -28.7240009         3.77720157E-18
  -28.5435009        -5.04230814E-18
  -28.3630009        -1.73785253E-17
  -28.1825008        -2.76828648E-17
  -28.0020008        -2.83840145E-17
  -27.8215008        -1.33105040E-17
  -27.6410007         1.82080022E-17
  -27.4605007         5.86059515E-17
  -27.2800007         9.26578870E-17
  -27.0995007         1.02096448E-16
  -26.9190006         7.30755242E-17
  -26.7385006         3.50901266E-18
  -26.5580006        -9.32646141E-17
  -26.3775005        -1.90910321E-16
  -26.1970005        -2.58390127E-16
  -26.0165005        -2.70940111E-16
  -25.8360004        -2.18814233E-16
  -25.6555004        -1.09541755E-16
  -25.4750004         3.74329866E-17
  -25.2945004         2.00739106E-16
  -25.1140003         3.65649380E-16
  -24.9335003         5.25345398E-16
  -24.7530003         6.72618964E-16
  -24.5725002         7.85679863E-16
  -24.3920002         8.16643682E-16
  -24.2115002         6.92431594E-16
  -24.0310001         3.33785615E-16
  -23.8505001        -3.09919959E-16
  -23.6700001        -1.22083441E-15
  -23.4895000        -2.28315042E-15
  -23.3090000        -3.27782438E-15
  -23.1285000        -3.90740915E-15
  -22.9480000        -3.84613860E-15
  -22.7674999        -2.80084255E-15
  -22.5869999        -5.65061714E-16
  -22.4064999         2.94883806E-15
  -22.2259998         7.70511906E-15
  -22.0454998         1.35645626E-14
  -21.8649998         2.03173931E-14
  -21.6844997         2.77163156E-14
  -21.5039997         3.55008076E-14
  -21.3234997         4.34098456E-14
  -21.1429996         5.11863535E-14
  -20.9624996         5.85806496E-14
  -20.7819996         6.53578212E-14
  -20.6014996         7.13089256E-14
  -20.4209995         7.62630993E-14
  -20.2404995         8.00934026E-14
  -20.0599995         8.27103617E-14
  -19.8794994         8.40434018E-14
  -19.6989994         8.40158157E-14
  -19.5184994         8.25211278E-14
  -19.3379993         7.94137705E-14
  -19.1574993         7.45183741E-14
  -18.9769993         6.76588573E-14
  -18.7964993         5.87013755E-14
  -18.6159992         4.76010392E-14
  -18.4354992         3.44407357E-14
  -18.2549992         1.94549983E-14
  -18.0744991         3.03226254E-15
  -17.8939991        -1.43054276E-14
  -17.7134991        -3.19415413E-14
  -17.5330009        -4.92195904E-14
  -17.3525009        -6.55054149E-14
  -17.1720009        -8.02459499E-14
  -16.9915009        -9.30121865E-14
  -16.8110008        -1.03519840E-13
  -16.6305008        -1.11619305E-13
  -16.4500008        -1.17261385E-13
  -16.2695007        -1.20450199E-13
  -16.0890007        -1.21201104E-13
  -15.9084997        -1.19520848E-13
  -15.7279997        -1.15419867E-13
  -15.5474997        -1.08953550E-13
  -15.3669996        -1.00281159E-13
  -15.1864996        -8.97200744E-14
  -15.0059996        -7.77795661E-14
  -14.8254995        -6.51610588E-14
  -14.6450005        -5.27257884E-14
  -14.4645004        -4.14356964E-14
  -14.2840004        -3.22829837E-14
  -14.1035004        -2.62137876E-14
  -13.9230003        -2.40536435E-14
  -13.7425003        -2.64312701E-14
  -13.5620003        -3.37018248E-14
  -13.3815002        -4.58735765E-14
  -13.2010002        -6.25462749E-14
  -13.0205002        -8.28770307E-14
  -12.8400002        -1.05589406E-13
  -12.6595001        -1.29035820E-13
  -12.4790001        -1.51307135E-13
  -12.2985001        -1.70377411E-13
  -12.1180000        -1.84263168E-13
  -11.9375000        -1.91165958E-13
  -11.7570000        -1.89590355E-13
  -11.5764999        -1.78420606E-13
  -11.3959999        -1.56960328E-13
  -11.2154999        -1.24941629E-13
  -11.0349998        -8.25073110E-14
  -10.8544998        -3.01731804E-14
  -10.6739998         3.12205740E-14
  -10.4934998         1.00578590E-13
  -10.3129997         1.76619543E-13
  -10.1324997         2.57947635E-13
  -9.95199966         3.43102120E-13
  -9.77149963         4.30583168E-13
  -9.59099960         5.18843974E-13
  -9.41049957         6.06251540E-13
  -9.22999954         6.91042709E-13
  -9.04950047         7.71285271E-13
  -8.86900043         8.44871590E-13
  -8.68850040         9.09564308E-13
  -8.50800037         9.63089851E-13
  -8.32750034         1.00328469E-12
  -8.14700031         1.02826395E-12
  -7.96649981         1.03659269E-12
  -7.78599977         1.02744213E-12
  -7.60550022         1.00071145E-12
  -7.42500019         9.57095080E-13
  -7.24450016         8.98107597E-13
  -7.06400013         8.26056996E-13
  -6.88350010         7.43959256E-13
  -6.70300007         6.55434691E-13
  -6.52250004         5.64545752E-13
  -6.34200001         4.75639330E-13
  -6.16149998         3.93162147E-13
  -5.98099995         3.21484836E-13
  -5.80049992         2.64761791E-13
  -5.61999989         2.26787068E-13
  -5.43949986         2.10942578E-13
  -5.25899982         2.20126434E-13
  -5.07849979         2.56790737E-13
  -4.89799976         3.22915766E-13
  -4.71750021         4.20094840E-13
  -4.53700018         5.49480546E-13
  -4.35650015         7.11764903E-13
  -4.17600012         9.07084900E-13
  -3.99550009         1.13483734E-12
  -3.81500006         1.39348711E-12
  -3.63450003         1.68037557E-12
  -3.45400000         1.99155080E-12
  -3.27349997         2.32167779E-12
  -3.09299994         2.66407404E-12
  -2.91249990         3.01083746E-12
  -2.73200011         3.35313288E-12
  -2.55150008         3.68148957E-12
  -2.37100005         3.98623842E-12
  -2.19050002         4.25788094E-12
  -2.00999999         4.48753708E-12
  -1.82949996         4.66727091E-12
  -1.64900005         4.79035128E-12
  -1.46850002         4.85145474E-12
  -1.28799999         4.84667037E-12
  -1.10749996         4.77346938E-12
 -0.926999986         4.63052686E-12
 -0.746500015         4.41749025E-12
 -0.565999985         4.13480448E-12
 -0.385500014         3.78353425E-12
 -0.204999998         3.36528743E-12
  -2.44999994E-02     2.88230442E-12
  0.156000003         2.33756439E-12
  0.336499989         1.73498715E-12
  0.517000020         1.07963833E-12
  0.697499990         3.77813612E-13
  0.878000021        -3.62942667E-13
   1.05850005        -1.13398483E-12
   1.23899996        -1.92583428E-12
   1.41949999        -2.72853138E-12
   1.60000002        -3.53210126E-12
   1.78050005        -4.32692640E-12
   1.96099997        -5.10421349E-12
   2.14150000        -5.85634536E-12
   2.32200003        -6.57711255E-12
   2.50250006        -7.26186689E-12
   2.68300009        -7.90750104E-12
   2.86350012        -8.51224213E-12
   3.04399991        -9.07532036E-12
   3.22449994        -9.59654925E-12
   3.40499997        -1.00758542E-11
   3.58550000        -1.05129490E-11
   3.76600003        -1.09071138E-11
   3.94650006        -1.12572581E-11
   4.12699986        -1.15620803E-11
   4.30749989        -1.18205203E-11
   4.48799992        -1.20321132E-11
   4.66849995        -1.21973725E-11
   4.84899998        -1.23179496E-11
   5.02950001        -1.23966280E-11
   5.21000004        -1.24371303E-11
   5.39050007        -1.24436893E-11
   5.57100010        -1.24205993E-11
   5.75150013        -1.23717182E-11
   5.93200016        -1.22999926E-11
   6.11250019        -1.22071762E-11
   6.29300022        -1.20935692E-11
   6.47349977        -1.19579884E-11
   6.65399981        -1.17979264E-11
   6.83449984        -1.16098780E-11
   7.01499987        -1.13897407E-11
   7.19549990        -1.11334822E-11
   7.37599993        -1.08376181E-11
   7.55649996        -1.04996897E-11
   7.73699999        -1.01185371E-11
   7.91750002        -9.69426709E-12
   8.09799957        -9.22796995E-12
   8.27849960        -8.72125289E-12
   8.45899963        -8.17565286E-12
   8.63949966        -7.59208842E-12
   8.81999969        -6.97054870E-12
   9.00049973        -6.30987970E-12
   9.18099976        -5.60795681E-12
   9.36149979        -4.86197367E-12
   9.54199982        -4.06885940E-12
   9.72249985        -3.22584190E-12
   9.90299988        -2.33080374E-12
   10.0834999        -1.38275264E-12
   10.2639999        -3.82020099E-13
   10.4445000         6.69561899E-13
   10.6250000         1.76863428E-12
   10.8055000         2.91044771E-12
   10.9860001         4.08891410E-12
   11.1665001         5.29704796E-12
   11.3470001         6.52709874E-12
   11.5275002         7.77091499E-12
   11.7080002         9.02016135E-12
   11.8885002         1.02663442E-11
   12.0690002         1.15008567E-11
   12.2495003         1.27147260E-11
   12.4300003         1.38985811E-11
   12.6105003         1.50423302E-11
   12.7910004         1.61352268E-11
   12.9715004         1.71656560E-11
   13.1520004         1.81215251E-11
   13.3325005         1.89903267E-11
   13.5129995         1.97595638E-11
   13.6934996         2.04171437E-11
   13.8739996         2.09518462E-11
   14.0544996         2.13537764E-11
   14.2349997         2.16147794E-11
   14.4154997         2.17286727E-11
   14.5959997         2.16913727E-11
   14.7764997         2.15008306E-11
   14.9569998         2.11566095E-11
   15.1374998         2.06594603E-11
   15.3179998         2.00106737E-11
   15.4984999         1.92116149E-11
   15.6789999         1.82631583E-11
   15.8594999         1.71655745E-11
   16.0400009         1.59184905E-11
   16.2205009         1.45210866E-11
   16.4009991         1.29724642E-11
   16.5814991         1.12719755E-11
   16.7619991         9.41966817E-12
   16.9424992         7.41643292E-12
   17.1229992         5.26416714E-12
   17.3034992         2.96578972E-12
   17.4839993         5.25183087E-13
   17.6644993        -2.05299341E-12
   17.8449993        -4.76344355E-12
   18.0254993        -7.60045932E-12
   18.2059994        -1.05581637E-11
   18.3864994        -1.36307172E-11
   18.5669994        -1.68123224E-11
   18.7474995        -2.00974012E-11
   18.9279995        -2.34801744E-11
   19.1084995        -2.69545202E-11
   19.2889996        -3.05135466E-11
   19.4694996        -3.41490551E-11
   19.6499996        -3.78512360E-11
   19.8304996        -4.16084910E-11
   20.0109997        -4.54072023E-11
   20.1914997        -4.92318616E-11
   20.3719997        -5.30651009E-11
   20.5524998        -5.68879666E-11
   20.7329998        -6.06800443E-11
   20.9134998        -6.44198514E-11
   21.0939999        -6.80848850E-11
   21.2744999        -7.16522050E-11
   21.4549999        -7.50986218E-11
   21.6355000        -7.84010148E-11
   21.8160000        -8.15367773E-11
   21.9965000        -8.44837533E-11
   22.1770000        -8.72203074E-11
   22.3575001        -8.97251787E-11
   22.5380001        -9.19771481E-11
   22.7185001        -9.39550104E-11
   22.8990002        -9.56373453E-11
   23.0795002        -9.70027184E-11
   23.2600002        -9.80302090E-11
   23.4405003        -9.86999510E-11
   23.6210003        -9.89940768E-11
   23.8015003        -9.88973695E-11
   23.9820004        -9.83978385E-11
   24.1625004        -9.74873030E-11
   24.3430004        -9.61614122E-11
   24.5235004        -9.44194445E-11
   24.7040005        -9.22642795E-11
   24.8845005        -8.97014338E-11
   25.0650005        -8.67386510E-11
   25.2455006        -8.33851252E-11
   25.4260006        -7.96509317E-11
   25.6065006        -7.55463261E-11
   25.7870007        -7.10814879E-11
   25.9675007        -6.62665478E-11
   26.1480007        -6.11113798E-11
   26.3285007        -5.56263993E-11
   26.5090008        -4.98224725E-11
   26.6895008        -4.37113817E-11
   26.8700008        -3.73059014E-11
   27.0505009        -3.06195035E-11
   27.2310009        -2.36656736E-11
   27.4115009        -1.64572661E-11
   27.5919991        -9.00575621E-12
   27.7724991        -1.32028037E-12
   27.9529991         6.59267909E-12
   28.1334991         1.47297608E-11
   28.3139992         2.30903525E-11
   28.4944992         3.16762623E-11
   28.6749992         4.04910758E-11
   28.8554993         4.95393587E-11
   29.0359993         5.88257984E-11
   29.2164993         6.83543708E-11
   29.3969994         7.81275600E-11
   29.5774994         8.81458170E-11
   29.7579994         9.84068382E-11
   29.9384995         1.08905537E-10
   30.1189995         1.19634080E-10
   30.2994995         1.30581795E-10
   30.4799995         1.41735554E-10
   30.6604996         1.53080479E-10
   30.8409996         1.64599528E-10
   31.0214996         1.76274162E-10
   31.2019997         1.88083882E-10
   31.3824997         2.00006178E-10
   31.5629997         2.12016238E-10
   31.7434998         2.24086472E-10
   31.9239998         2.36186598E-10
   32.1044998         2.48283588E-10
   32.2849998         2.60341942E-10
   32.4654999         2.72324080E-10
   32.6459999         2.84191060E-10
   32.8264999         2.95902913E-10
   33.0070000         3.07419701E-10
   33.1875000         3.18701843E-10
   33.3680000         3.29710786E-10
   33.5485001         3.40409589E-10
   33.7290001         3.50763030E-10
   33.9095001         3.60737967E-10
   34.0900002         3.70303427E-10
   34.2705002         3.79430126E-10
   34.4510002         3.88090615E-10
   34.6315002         3.96258776E-10
   34.8120003         4.03909628E-10
   34.9925003         4.11019330E-10
   35.1730003         4.17565232E-10
   35.3535004         4.23526159E-10
   35.5340004         4.28883040E-10
   35.7145004         4.33619224E-10
   35.8950005         4.37721165E-10
   36.0755005         4.41178816E-10
   36.2560005         4.43985709E-10
   36.4365005         4.46139015E-10
   36.6170006         4.47639148E-10
   36.7975006         4.48489357E-10
   36.9780006         4.48695137E-10
   37.1585007         4.48263648E-10
   37.3390007         4.47203274E-10
   37.5195007         4.45523174E-10
   37.7000008         4.43233450E-10
   37.8805008         4.40345316E-10
   38.0610008         4.36871206E-10
   38.2415009         4.32825581E-10
   38.4220009         4.28224983E-10
   38.6025009         4.23088675E-10
   38.7830009         4.17438584E-10
   38.9635010         4.11298884E-10
   39.1440010         4.04696027E-10
   39.3245010         3.97657685E-10
   39.5050011         3.90212029E-10
   39.6855011         3.82387427E-10
   39.8660011         3.74211523E-10
   40.0465012         3.65711073E-10
   40.2270012         3.56912305E-10
   40.4075012         3.47840895E-10
   40.5880013         3.38523015E-10
   40.7685013         3.28985644E-10
   40.9490013         3.19257454E-10
   41.1295013         3.09369030E-10
   41.3100014         2.99352793E-10
   41.4905014         2.89242519E-10
   41.6710014         2.79072487E-10
   41.8515015         2.68876116E-10
   42.0320015         2.58685101E-10
   42.2125015         2.48528170E-10
   42.3930016         2.38430498E-10
   42.5735016         2.28413538E-10
   42.7540016         2.18494986E-10
   42.9345016         2.08689302E-10
   43.1150017         1.99007769E-10
   43.2955017         1.89458935E-10
   43.4760017         1.80048504E-10
   43.6565018         1.70779446E-10
   43.8370018         1.61651414E-10
   44.0175018         1.52660412E-10
   44.1980019         1.43798654E-10
   44.3785019         1.35053968E-10
   44.5589981         1.26410202E-10
   44.7394981         1.17847149E-10
   44.9199982         1.09340696E-10
   45.1004982         1.00863637E-10
   45.2809982         9.23860433E-11
   45.4614983         8.38759340E-11
   45.6419983         7.53000162E-11
   45.8224983         6.66244837E-11
   46.0029984         5.78155301E-11
   46.1834984         4.88402860E-11
   46.3639984         3.96672695E-11
   46.5444984         3.02672817E-11
   46.7249985         2.06134051E-11
   46.9054985         1.06824497E-11
   47.0859985         4.54650613E-13
   47.2664986        -1.00852078E-11
   47.4469986        -2.09476152E-11
   47.6274986        -3.21383441E-11
   47.8079987        -4.36585386E-11
   47.9884987        -5.55055030E-11
   48.1689987        -6.76729714E-11
   48.3494987        -8.01520100E-11
   48.5299988        -9.29315028E-11
   48.7104988        -1.05998481E-10
   48.8909988        -1.19337609E-10
   49.0714989        -1.32931374E-10
   49.2519989        -1.46759160E-10
   49.4324989        -1.60797473E-10
   49.6129990        -1.75019776E-10
   49.7934990        -1.89397512E-10
   49.9739990        -2.03901146E-10
   50.1544991        -2.18501772E-10
   50.3349991        -2.33172509E-10
   50.5154991        -2.47889764E-10
   50.6959991        -2.62634081E-10
   50.8764992        -2.77390666E-10
   51.0569992        -2.92148888E-10
   51.2374992        -3.06901421E-10
   51.4179993        -3.21643850E-10
   51.5984993        -3.36373207E-10
   51.7789993        -3.51087076E-10
   51.9594994        -3.65783515E-10
   52.1399994        -3.80459858E-10
   52.3204994        -3.95113414E-10
   52.5009995        -4.09741546E-10
   52.6814995        -4.24342117E-10
   52.8619995        -4.38913905E-10
   53.0424995        -4.53457272E-10
   53.2229996        -4.67973438E-10
   53.4034996        -4.82464291E-10
   53.5839996        -4.96930941E-10
   53.7644997        -5.11373000E-10
   53.9449997        -5.25786137E-10
   54.1254997        -5.40161693E-10
   54.3059998        -5.54485624E-10
   54.4864998        -5.68737890E-10
   54.6669998        -5.82894455E-10
   54.8474998        -5.96927119E-10
   55.0279999        -6.10804907E-10
   55.2084999        -6.24495622E-10
   55.3889999        -6.37966679E-10
   55.5695000        -6.51185494E-10
   55.7500000        -6.64119648E-10
   55.9305000        -6.76737555E-10
   56.1110001        -6.89007851E-10
   56.2915001        -7.00900005E-10
   56.4720001        -7.12384263E-10
   56.6525002        -7.23432536E-10
   56.8330002        -7.34018013E-10
   57.0135002        -7.44116546E-10
   57.1940002        -7.53706209E-10
   57.3745003        -7.62768015E-10
   57.5550003        -7.71285369E-10
   57.7355003        -7.79244724E-10
   57.9160004        -7.86634702E-10
   58.0965004        -7.93446586E-10
   58.2770004        -7.99673883E-10
   58.4575005        -8.05311873E-10
   58.6380005        -8.10357614E-10
   58.8185005        -8.14809942E-10
   58.9990005        -8.18669299E-10
   59.1795006        -8.21937629E-10
   59.3600006        -8.24618207E-10
   59.5405006        -8.26715252E-10
   59.7210007        -8.28233870E-10
   59.9015007        -8.29178504E-10
   60.0820007        -8.29552427E-10
   60.2625008        -8.29357139E-10
   60.4430008        -8.28591085E-10
   60.6235008        -8.27249769E-10
   60.8040009        -8.25326030E-10
   60.9845009        -8.22811097E-10
   61.1650009        -8.19694923E-10
   61.3455009        -8.15968570E-10
   61.5260010        -8.11624101E-10
   61.7065010        -8.06656131E-10
   61.8870010        -8.01061328E-10
   62.0675011        -7.94837862E-10
   62.2480011        -7.87985233E-10
   62.4285011        -7.80502829E-10
   62.6090012        -7.72389264E-10
   62.7895012        -7.63642594E-10
   62.9700012        -7.54259988E-10
   63.1505013        -7.44238782E-10
   63.3310013        -7.33576866E-10
   63.5115013        -7.22275240E-10
   63.6920013        -7.10338233E-10
   63.8725014        -6.97775004E-10
   64.0530014        -6.84600265E-10
   64.2334976        -6.70834333E-10
   64.4140015        -6.56502686E-10
   64.5944977        -6.41634967E-10
   64.7750015        -6.26262986E-10
   64.9554977        -6.10419271E-10
   65.1360016        -5.94135852E-10
   65.3164978        -5.77442094E-10
   65.4970016        -5.60364699E-10
   65.6774979        -5.42927536E-10
   65.8580017        -5.25152422E-10
   66.0384979        -5.07059561E-10
   66.2190018        -4.88669216E-10
   66.3994980        -4.70001926E-10
   66.5800018        -4.51079396E-10
   66.7604980        -4.31923441E-10
   66.9410019        -4.12555573E-10
   67.1214981        -3.92995692E-10
   67.3020020        -3.73261366E-10
   67.4824982        -3.53367224E-10
   67.6630020        -3.33323286E-10
   67.8434982        -3.13136239E-10
   68.0240021        -2.92809332E-10
   68.2044983        -2.72343287E-10
   68.3850021        -2.51738130E-10
   68.5654984        -2.30994127E-10
   68.7460022        -2.10112996E-10
   68.9264984        -1.89099875E-10
   69.1070023        -1.67963504E-10
   69.2874985        -1.46717291E-10
   69.4680023        -1.25379360E-10
   69.6484985        -1.03971901E-10
   69.8290024        -8.25213994E-11
   70.0094986        -6.10570830E-11
   70.1900024        -3.96107591E-11
   70.3704987        -1.82155662E-11
   70.5510025         3.09379215E-12
   70.7314987         2.42819029E-11
   70.9120026         4.53133538E-11
   71.0924988         6.61523544E-11
   71.2730026         8.67635477E-11
   71.4534988         1.07111896E-10
   71.6340027         1.27163280E-10
   71.8144989         1.46883963E-10
   71.9950027         1.66241215E-10
   72.1754990         1.85203325E-10
   72.3560028         2.03739248E-10
   72.5364990         2.21818994E-10
   72.7170029         2.39413794E-10
   72.8974991         2.56496824E-10
   73.0780029         2.73043366E-10
   73.2584991         2.89032021E-10
   73.4390030         3.04444581E-10
   73.6194992         3.19266336E-10
   73.8000031         3.33486405E-10
   73.9804993         3.47096962E-10
   74.1610031         3.60092678E-10
   74.3414993         3.72470055E-10
   74.5220032         3.84226040E-10
   74.7024994         3.95358052E-10
   74.8830032         4.05862566E-10
   75.0634995         4.15735835E-10
   75.2440033         4.24973695E-10
   75.4244995         4.33572289E-10
   75.6050034         4.41528814E-10
   75.7854996         4.48842824E-10
   75.9660034         4.55516236E-10
   76.1464996         4.61554128E-10
   76.3270035         4.66964301E-10
   76.5074997         4.71756190E-10
   76.6880035         4.75939677E-10
   76.8684998         4.79523754E-10
   77.0490036         4.82515583E-10
   77.2294998         4.84919604E-10
   77.4100037         4.86736762E-10
   77.5904999         4.87966167E-10
   77.7710037         4.88605378E-10
   77.9514999         4.88652174E-10
   78.1320038         4.88105723E-10
   78.3125000         4.86967910E-10
   78.4929962         4.85244511E-10
   78.6735001         4.82945017E-10
   78.8539963         4.80083584E-10
   79.0345001         4.76677919E-10
   79.2149963         4.72749506E-10
   79.3955002         4.68322936E-10
   79.5759964         4.63425492E-10
   79.7565002         4.58086652E-10
   79.9369965         4.52338639E-10
   80.1175003         4.46216092E-10
   80.2979965         4.39756342E-10
   80.4785004         4.32998831E-10
   80.6589966         4.25986274E-10
   80.8395004         4.18762663E-10
   81.0199966         4.11373408E-10
   81.2005005         4.03863609E-10
   81.3809967         3.96277705E-10
   81.5615005         3.88657634E-10
   81.7419968         3.81042670E-10
   81.9225006         3.73468145E-10
   82.1029968         3.65965730E-10
   82.2835007         3.58563512E-10
   82.4639969         3.51286000E-10
   82.6445007         3.44154122E-10
   82.8249969         3.37185335E-10
   83.0055008         3.30393685E-10
   83.1859970         3.23789301E-10
   83.3665009         3.17378540E-10
   83.5469971         3.11164011E-10
   83.7275009         3.05145076E-10
   83.9079971         2.99317987E-10
   84.0885010         2.93677138E-10
   84.2689972         2.88214730E-10
   84.4495010         2.82921991E-10
   84.6299973         2.77788376E-10
   84.8105011         2.72801837E-10
   84.9909973         2.67947858E-10
   85.1715012         2.63208871E-10
   85.3519974         2.58563920E-10
   85.5325012         2.53987664E-10
   85.7129974         2.49450849E-10
   85.8935013         2.44919973E-10
   86.0739975         2.40358150E-10
   86.2545013         2.35725883E-10
   86.4349976         2.30982330E-10
   86.6155014         2.26086871E-10
   86.7959976         2.21000454E-10
   86.9765015         2.15687052E-10
   87.1569977         2.10115092E-10
   87.3375015         2.04257375E-10
   87.5179977         1.98092057E-10
   87.6985016         1.91602026E-10
   87.8789978         1.84774557E-10
   88.0595016         1.77600351E-10
   88.2399979         1.70073899E-10
   88.4205017         1.62192731E-10
   88.6009979         1.53957513E-10
   88.7815018         1.45372728E-10
   88.9619980         1.36446091E-10
   89.1425018         1.27188621E-10
   89.3229980         1.17614363E-10
   89.5035019         1.07739116E-10
   89.6839981         9.75796458E-11
   89.8645020         8.71528336E-11
   90.0449982         7.64746114E-11
   90.2255020         6.55599811E-11
   90.4059982         5.44228274E-11
   90.5865021         4.30759733E-11
   90.7669983         3.15322213E-11
   90.9475021         1.98042607E-11
   91.1279984         7.90551392E-12
   91.3085022        -4.14977558E-12
   91.4889984        -1.63459420E-11
   91.6695023        -2.86663523E-11
   91.8499985        -4.10929103E-11
   92.0305023        -5.36066434E-11
   92.2109985        -6.61876803E-11
   92.3915024        -7.88156901E-11
   92.5719986        -9.14695403E-11
   92.7525024        -1.04127658E-10
   92.9329987        -1.16767221E-10
   93.1135025        -1.29363784E-10
   93.2939987        -1.41890624E-10
   93.4745026        -1.54317364E-10
   93.6549988        -1.66610503E-10
   93.8355026        -1.78732834E-10
   94.0159988        -1.90643779E-10
   94.1965027        -2.02300940E-10
   94.3769989        -2.13661283E-10
   94.5575027        -2.24682328E-10
   94.7379990        -2.35323594E-10
   94.9185028        -2.45547249E-10
   95.0989990        -2.55318405E-10
   95.2795029        -2.64605032E-10
   95.4599991        -2.73377349E-10
   95.6405029        -2.81607626E-10
   95.8209991        -2.89269747E-10
   96.0015030        -2.96339203E-10
   96.1819992        -3.02793901E-10
   96.3625031        -3.08614551E-10
   96.5429993        -3.13786330E-10
   96.7235031        -3.18299581E-10
   96.9039993        -3.22151361E-10
   97.0845032        -3.25345917E-10
   97.2649994        -3.27896377E-10
   97.4455032        -3.29824057E-10
   97.6259995        -3.31158961E-10
   97.8065033        -3.31939226E-10
   97.9869995        -3.32209760E-10
   98.1675034        -3.32021771E-10
   98.3479996        -3.31430938E-10
   98.5285034        -3.30496769E-10
   98.7089996        -3.29281130E-10
   98.8895035        -3.27847888E-10
   99.0699997        -3.26262517E-10
   99.2505035        -3.24590965E-10
   99.4309998        -3.22899069E-10
   99.6115036        -3.21251664E-10
   99.7919998        -3.19710536E-10
   99.9725037        -3.18332805E-10
   100.153000        -3.17168930E-10
   100.333504        -3.16260768E-10
   100.514000        -3.15640430E-10
   100.694504        -3.15329429E-10
   100.875000        -3.15338700E-10
   101.055496        -3.15669657E-10
   101.236000        -3.16314364E-10
   101.416496        -3.17258109E-10
   101.597000        -3.18479826E-10
   101.777496        -3.19953314E-10
   101.958000        -3.21648208E-10
   102.138496        -3.23530563E-10
   102.319000        -3.25563659E-10
   102.499496        -3.27708138E-10
   102.680000        -3.29923588E-10
   102.860497        -3.32169153E-10
   103.041000        -3.34404837E-10
   103.221497        -3.36593392E-10
   103.402000        -3.38701095E-10
   103.582497        -3.40699163E-10
   103.763000        -3.42564616E-10
   103.943497        -3.44280243E-10
   104.124001        -3.45834611E-10
   104.304497        -3.47220780E-10
   104.485001        -3.48435031E-10
   104.665497        -3.49475782E-10
   104.846001        -3.50341589E-10
   105.026497        -3.51030732E-10
   105.207001        -3.51540130E-10
   105.387497        -3.51866036E-10
   105.568001        -3.52004315E-10
   105.748497        -3.51951329E-10
   105.929001        -3.51704582E-10
   106.109497        -3.51262852E-10
   106.290001        -3.50626084E-10
   106.470497        -3.49794249E-10
   106.651001        -3.48766627E-10
   106.831497        -3.47539941E-10
   107.012001        -3.46108087E-10
   107.192497        -3.44461848E-10
   107.373001        -3.42589651E-10
   107.553497        -3.40478562E-10
   107.734001        -3.38116396E-10
   107.914497        -3.35493411E-10
   108.095001        -3.32603611E-10
   108.275497        -3.29445665E-10
   108.456001        -3.26023264E-10
   108.636497        -3.22343957E-10
   108.817001        -3.18418292E-10
   108.997498        -3.14258564E-10
   109.178001        -3.09876652E-10
   109.358498        -3.05283715E-10
   109.539001        -3.00488606E-10
   109.719498        -2.95499097E-10
   109.900002        -2.90321156E-10
   110.080498        -2.84961360E-10
   110.261002        -2.79426898E-10
   110.441498        -2.73727735E-10
   110.622002        -2.67876887E-10
   110.802498        -2.61891120E-10
   110.983002        -2.55789889E-10
   111.163498        -2.49595095E-10
   111.344002        -2.43329690E-10
   111.524498        -2.37016934E-10
   111.705002        -2.30679073E-10
   111.885498        -2.24337757E-10
   112.066002        -2.18014273E-10
   112.246498        -2.11730466E-10
   112.427002        -2.05509817E-10
   112.607498        -1.99378056E-10
   112.788002        -1.93363714E-10
   112.968498        -1.87497934E-10
   113.149002        -1.81813176E-10
   113.329498        -1.76342468E-10
   113.510002        -1.71117051E-10
   113.690498        -1.66165123E-10
   113.871002        -1.61510347E-10
   114.051498        -1.57171096E-10
   114.232002        -1.53159638E-10
   114.412498        -1.49482385E-10
   114.593002        -1.46140391E-10
   114.773499        -1.43130008E-10
   114.954002        -1.40443684E-10
   115.134499        -1.38071388E-10
   115.315002        -1.36001502E-10
   115.495499        -1.34221662E-10
   115.676003        -1.32719294E-10
   115.856499        -1.31481381E-10
   116.037003        -1.30494934E-10
   116.217499        -1.29745964E-10
   116.398003        -1.29218095E-10
   116.578499        -1.28891869E-10
   116.759003        -1.28743585E-10
   116.939499        -1.28743502E-10
   117.120003        -1.28856176E-10
   117.300499        -1.29039987E-10
   117.481003        -1.29247099E-10
   117.661499        -1.29425790E-10
   117.842003        -1.29521255E-10
   118.022499        -1.29478719E-10
   118.203003        -1.29244684E-10
   118.383499        -1.28770286E-10
   118.564003        -1.28012323E-10
   118.744499        -1.26934685E-10
   118.925003        -1.25508340E-10
   119.105499        -1.23711846E-10
   119.286003        -1.21529314E-10
   119.466499        -1.18950669E-10
   119.647003        -1.15970546E-10
   119.827499        -1.12588348E-10
   120.008003        -1.08808157E-10
   120.188499        -1.04640858E-10
   120.369003        -1.00105139E-10
   120.549500        -9.52294910E-11
   120.730003        -9.00533398E-11
   120.910500        -8.46276035E-11
   121.091003        -7.90141286E-11
   121.271500        -7.32831434E-11
   121.452003        -6.75104972E-11
   121.632500        -6.17737389E-11
   121.813004        -5.61478850E-11
   121.993500        -5.07013424E-11
   122.174004        -4.54935707E-11
   122.354500        -4.05735029E-11
   122.535004        -3.59792612E-11
   122.715500        -3.17396179E-11
   122.896004        -2.78759134E-11
   123.076500        -2.44041887E-11
   123.257004        -2.13378430E-11
   123.437500        -1.86883582E-11
   123.617996        -1.64664636E-11
   123.798500        -1.46809405E-11
   123.978996        -1.33377649E-11
   124.159500        -1.24375553E-11
   124.339996        -1.19737267E-11
   124.520500        -1.19310221E-11
   124.700996        -1.22846993E-11
   124.881500        -1.30001053E-11
   125.061996        -1.40347473E-11
   125.242500        -1.53395456E-11
   125.422997        -1.68619788E-11
   125.603500        -1.85493218E-11
   125.783997        -2.03514150E-11
   125.964500        -2.22229509E-11
   126.144997        -2.41260172E-11
   126.325500        -2.60298328E-11
   126.505997        -2.79121361E-11
   126.686501        -2.97570510E-11
   126.866997        -3.15560841E-11
   127.047501        -3.33049838E-11
   127.227997        -3.50041073E-11
   127.408501        -3.66572397E-11
   127.588997        -3.82714971E-11
   127.769501        -3.98566007E-11
   127.949997        -4.14252764E-11
   128.130493        -4.29917595E-11
   128.311005        -4.45723146E-11
   128.491501        -4.61843168E-11
   128.671997        -4.78443604E-11
   128.852493        -4.95671212E-11
   129.033005        -5.13652003E-11
   129.213501        -5.32466987E-11
   129.393997        -5.52138890E-11
   129.574493        -5.72625940E-11
   129.755005        -5.93799385E-11
   129.935501        -6.15443321E-11
   130.115997        -6.37241232E-11
   130.296494        -6.58782265E-11
   130.477005        -6.79561685E-11
   130.657501        -6.98993849E-11
   130.837997        -7.16439338E-11
   131.018494        -7.31216129E-11
   131.199005        -7.42628598E-11
   131.379501        -7.50003670E-11
   131.559998        -7.52700333E-11
   131.740494        -7.50137036E-11
   131.921005        -7.41802522E-11
   132.101501        -7.27260474E-11
   132.281998        -7.06152775E-11
   132.462494        -6.78190767E-11
   132.643005        -6.43147827E-11
   132.823502        -6.00843889E-11
   133.003998        -5.51140591E-11
   133.184494        -4.93923097E-11
   133.365005        -4.29101581E-11
   133.545502        -3.56613697E-11
   133.725998        -2.76432349E-11
   133.906494        -1.88577851E-11
   134.087006        -9.31274242E-12
   134.267502         9.77432545E-13
   134.447998         1.19913437E-11
   134.628494         2.37008139E-11
   134.809006         3.60715624E-11
   134.989502         4.90655294E-11
   135.169998         6.26403096E-11
   135.350494         7.67521324E-11
   135.531006         9.13555134E-11
   135.711502         1.06403955E-10
   135.891998         1.21850169E-10
   136.072495         1.37644382E-10
   136.253006         1.53734539E-10
   136.433502         1.70066614E-10
   136.613998         1.86581903E-10
   136.794495         2.03218636E-10
   136.975006         2.19912019E-10
   137.155502         2.36594022E-10
   137.335999         2.53195881E-10
   137.516495         2.69648970E-10
   137.697006         2.85886231E-10
   137.877502         3.01844438E-10
   138.057999         3.17465720E-10
   138.238495         3.32697675E-10
   138.419006         3.47494256E-10
   138.599503         3.61815050E-10
   138.779999         3.75624476E-10
   138.960495         3.88890531E-10
   139.141006         4.01584876E-10
   139.321503         4.13681478E-10
   139.501999         4.25156882E-10
   139.682495         4.35991326E-10
   139.863007         4.46168408E-10
   140.043503         4.55676580E-10
   140.223999         4.64509098E-10
   140.404495         4.72664519E-10
   140.585007         4.80145090E-10
   140.765503         4.86956586E-10
   140.945999         4.93106334E-10
   141.126495         4.98602104E-10
   141.307007         5.03450504E-10
   141.487503         5.07655473E-10
   141.667999         5.11217513E-10
   141.848495         5.14134180E-10
   142.029007         5.16398868E-10
   142.209503         5.18002363E-10
   142.389999         5.18934007E-10
   142.570496         5.19182086E-10
   142.751007         5.18735388E-10
   142.931503         5.17583643E-10
   143.112000         5.15716803E-10
   143.292496         5.13125986E-10
   143.473007         5.09801257E-10
   143.653503         5.05731568E-10
   143.834000         5.00903985E-10
   144.014496         4.95303187E-10
   144.195007         4.88912189E-10
   144.375504         4.81713225E-10
   144.556000         4.73689143E-10
   144.736496         4.64825345E-10
   144.917007         4.55110116E-10
   145.097504         4.44536741E-10
   145.278000         4.33102526E-10
   145.458496         4.20809665E-10
   145.639008         4.07663930E-10
   145.819504         3.93673566E-10
   146.000000         3.78849341E-10
   146.180496         3.63202635E-10
   146.360992         3.46745438E-10
   146.541504         3.29490102E-10
   146.722000         3.11449588E-10
   146.902496         2.92638025E-10
   147.082993         2.73071898E-10
   147.263504         2.52770471E-10
   147.444000         2.31757627E-10
   147.624496         2.10062245E-10
   147.804993         1.87718577E-10
   147.985504         1.64765979E-10
   148.166000         1.41248305E-10
   148.346497         1.17212948E-10
   148.526993         9.27100410E-11
   148.707504         6.77906273E-11
   148.888000         4.25074143E-11
   149.068497         1.69136493E-11
   149.248993        -8.93595441E-12
   149.429504        -3.49859378E-11
   149.610001        -6.11789994E-11
   149.790497        -8.74577216E-11
   149.970993        -1.13764040E-10
   150.151505        -1.40040646E-10
   150.332001        -1.66232195E-10
   150.512497        -1.92285896E-10
   150.692993        -2.18152052E-10
   150.873505        -2.43784687E-10
   151.054001        -2.69141209E-10
   151.234497        -2.94182290E-10
   151.414993        -3.18871485E-10
   151.595505        -3.43174794E-10
   151.776001        -3.67059882E-10
   151.956497        -3.90495747E-10
   152.136993        -4.13452467E-10
   152.317505        -4.35900427E-10
   152.498001        -4.57810734E-10
   152.678497        -4.79155382E-10
   152.858994        -4.99907948E-10
   153.039505        -5.20043675E-10
   153.220001        -5.39541301E-10
   153.400497        -5.58382229E-10
   153.580994        -5.76551640E-10
   153.761505        -5.94037319E-10
   153.942001        -6.10829332E-10
   154.122498        -6.26918850E-10
   154.302994        -6.42297993E-10
   154.483505        -6.56958599E-10
   154.664001        -6.70892453E-10
   154.844498        -6.84091561E-10
   155.024994        -6.96548541E-10
   155.205505        -7.08257009E-10
   155.386002        -7.19211968E-10
   155.566498        -7.29410032E-10
   155.746994        -7.38849371E-10
   155.927505        -7.47530038E-10
   156.108002        -7.55452756E-10
   156.288498        -7.62619801E-10
   156.468994        -7.69033615E-10
   156.649506        -7.74696252E-10
   156.830002        -7.79609155E-10
   157.010498        -7.83771492E-10
   157.190994        -7.87180598E-10
   157.371506        -7.89831311E-10
   157.552002        -7.91716026E-10
   157.732498        -7.92826194E-10
   157.912994        -7.93152821E-10
   158.093506        -7.92687527E-10
   158.274002        -7.91423094E-10
   158.454498        -7.89353805E-10
   158.634995        -7.86474330E-10
   158.815506        -7.82779064E-10
   158.996002        -7.78260900E-10
   159.176498        -7.72910014E-10
   159.356995        -7.66713859E-10
   159.537506        -7.59657781E-10
   159.718002        -7.51725571E-10
   159.898499        -7.42901796E-10
   160.078995        -7.33174077E-10
   160.259506        -7.22534699E-10
   160.440002        -7.10982551E-10
   160.620499        -6.98525737E-10
   160.800995        -6.85180301E-10
   160.981506        -6.70972444E-10
   161.162003        -6.55936028E-10
   161.342499        -6.40113074E-10
   161.522995        -6.23551322E-10
   161.703506        -6.06303563E-10
   161.884003        -5.88426363E-10
   162.064499        -5.69980230E-10
   162.244995        -5.51028945E-10
   162.425507        -5.31641287E-10
   162.606003        -5.11891307E-10
   162.786499        -4.91858054E-10
   162.966995        -4.71626349E-10
   163.147507        -4.51283982E-10
   163.328003        -4.30920327E-10
   163.508499        -4.10622480E-10
   163.688995        -3.90472710E-10
   163.869507        -3.70544956E-10
   164.050003        -3.50903279E-10
   164.230499        -3.31600941E-10
   164.410995        -3.12680437E-10
   164.591507        -2.94175850E-10
   164.772003        -2.76113743E-10
   164.952499        -2.58516847E-10
   165.132996        -2.41405035E-10
   165.313507        -2.24797111E-10
   165.494003        -2.08711742E-10
   165.674500        -1.93167246E-10
   165.854996        -1.78180040E-10
   166.035507        -1.63764405E-10
   166.216003        -1.49930027E-10
   166.396500        -1.36680972E-10
   166.576996        -1.24015895E-10
   166.757507        -1.11927190E-10
   166.938004        -1.00403026E-10
   167.118500        -8.94280275E-11
   167.298996        -7.89854362E-11
   167.479507        -6.90594595E-11
   167.660004        -5.96357894E-11
   167.840500        -5.07011932E-11
   168.020996        -4.22441665E-11
   168.201508        -3.42524238E-11
   168.382004        -2.67105192E-11
   168.562500        -1.95992823E-11
   168.742996        -1.28933296E-11
   168.923492        -6.56194587E-12
   169.104004        -5.68488453E-13
   169.284500         5.12618550E-12
   169.464996         1.05643116E-11
   169.645493         1.57862612E-11
   169.826004         2.08305144E-11
   170.006500         2.57309573E-11
   170.186996         3.05166309E-11
   170.367493         3.52116461E-11
   170.548004         3.98362038E-11
   170.728500         4.44067838E-11
   170.908997         4.89398383E-11
   171.089493         5.34528082E-11
   171.270004         5.79655005E-11
   171.450500         6.25026836E-11
   171.630997         6.70941427E-11
   171.811493         7.17735177E-11
   171.992004         7.65794511E-11
   172.172501         8.15521747E-11
   172.352997         8.67324615E-11
   172.533493         9.21603002E-11
   172.714005         9.78735287E-11
   172.894501         1.03905856E-10
   173.074997         1.10288507E-10
   173.255493         1.17048621E-10
   173.436005         1.24209906E-10
   173.616501         1.31792813E-10
   173.796997         1.39815215E-10
   173.977493         1.48291796E-10
   174.158005         1.57234462E-10
   174.338501         1.66652914E-10
   174.518997         1.76554313E-10
   174.699493         1.86943405E-10
   174.880005         1.97823216E-10
   175.060501         2.09193649E-10
   175.240997         2.21052301E-10
   175.421494         2.33393499E-10
   175.602005         2.46207610E-10
   175.782501         2.59481325E-10
   175.962997         2.73197021E-10
   176.143494         2.87333490E-10
   176.324005         3.01865449E-10
   176.504501         3.16765031E-10
   176.684998         3.32001371E-10
   176.865494         3.47541468E-10
   177.046005         3.63350905E-10
   177.226501         3.79393628E-10
   177.406998         3.95632638E-10
   177.587494         4.12030993E-10
   177.768005         4.28550695E-10
   177.948502         4.45153442E-10
   178.128998         4.61799821E-10
   178.309494         4.78448003E-10
   178.490005         4.95052388E-10
   178.670502         5.11563514E-10
   178.850998         5.27926647E-10
   179.031494         5.44081613E-10
   179.212006         5.59963964E-10
   179.392502         5.75505532E-10
   179.572998         5.90636262E-10
   179.753494         6.05286488E-10
   179.934006         6.19386931E-10
   180.114502         6.32872144E-10
   180.294998         6.45679898E-10
   180.475494         6.57751520E-10
   180.656006         6.69031275E-10
   180.836502         6.79466261E-10
   181.016998         6.89005963E-10
   181.197495         6.97599645E-10
   181.378006         7.05197345E-10
   181.558502         7.11749049E-10
   181.738998         7.17205573E-10
   181.919495         7.21519788E-10
   182.100006         7.24649341E-10
   182.280502         7.26559424E-10
   182.460999         7.27226113E-10
   182.641495         7.26638527E-10
   182.822006         7.24801552E-10
   183.002502         7.21735005E-10
   183.182999         7.17473858E-10
   183.363495         7.12064130E-10
   183.544006         7.05560832E-10
   183.724503         6.98024472E-10
   183.904999         6.89516777E-10
   184.085495         6.80098311E-10
   184.266006         6.69827749E-10
   184.446503         6.58760047E-10
   184.626999         6.46948828E-10
   184.807495         6.34446107E-10
   184.988007         6.21305618E-10
   185.168503         6.07583428E-10
   185.348999         5.93339045E-10
   185.529495         5.78635084E-10
   185.710007         5.63536273E-10
   185.890503         5.48106172E-10
   186.070999         5.32404731E-10
   186.251495         5.16483689E-10
   186.432007         5.00384012E-10
   186.612503         4.84134566E-10
   186.792999         4.67750672E-10
   186.973495         4.51236243E-10
   187.154007         4.34586117E-10
   187.334503         4.17790913E-10
   187.514999         4.00840583E-10
   187.695496         3.83728244E-10
   187.876007         3.66452729E-10
   188.056503         3.49019397E-10
   188.237000         3.31439542E-10
   188.417496         3.13728959E-10
   188.598007         2.95904912E-10
   188.778503         2.77983775E-10
   188.959000         2.59978483E-10
   189.139496         2.41897224E-10
   189.320007         2.23743427E-10
   189.500504         2.05516729E-10
   189.681000         1.87214702E-10
   189.861496         1.68836084E-10
   190.042007         1.50382942E-10
   190.222504         1.31863520E-10
   190.403000         1.13293513E-10
   190.583496         9.46964174E-11
   190.764008         7.61029573E-11
   190.944504         5.75484313E-11
   191.125000         3.90707293E-11
   191.305496         2.07065701E-11
   191.485992         2.49007434E-12
   191.666504        -1.55490325E-11
   191.847000        -3.33865262E-11
   192.027496        -5.10028374E-11
   192.207993        -6.83824039E-11
   192.388504        -8.55126525E-11
   192.569000        -1.02382172E-10
   192.749496        -1.18980853E-10
   192.929993        -1.35298481E-10
   193.110504        -1.51325716E-10
   193.291000        -1.67053121E-10
   193.471497        -1.82472537E-10
   193.651993        -1.97576136E-10
   193.832504        -2.12357201E-10
   194.013000        -2.26809682E-10
   194.193497        -2.40928250E-10
   194.373993        -2.54707866E-10
   194.554504        -2.68143951E-10
   194.735001        -2.81231399E-10
   194.915497        -2.93965297E-10
   195.095993        -3.06340064E-10
   195.276505        -3.18348070E-10
   195.457001        -3.29981015E-10
   195.637497        -3.41227546E-10
   195.817993        -3.52073731E-10
   195.998505        -3.62501890E-10
   196.179001        -3.72490816E-10
   196.359497        -3.82014947E-10
   196.539993        -3.91044530E-10
   196.720505        -3.99545647E-10
   196.901001        -4.07481604E-10
   197.081497        -4.14812656E-10
   197.261993        -4.21499391E-10
   197.442505        -4.27502894E-10
   197.623001        -4.32787084E-10
   197.803497        -4.37319708E-10
   197.983994        -4.41072429E-10
   198.164505        -4.44021153E-10
   198.345001        -4.46144816E-10
   198.525497        -4.47424070E-10
   198.705994        -4.47841209E-10
   198.886505        -4.47378606E-10
   199.067001        -4.46019499E-10
   199.247498        -4.43749704E-10
   199.427994        -4.40558812E-10
   199.608505        -4.36443021E-10
   199.789001        -4.31408437E-10
   199.969498        -4.25471436E-10
   200.149994        -4.18661744E-10
   200.330505        -4.11021245E-10
   200.511002        -4.02603978E-10
   200.691498        -3.93472005E-10
   200.871994        -3.83693327E-10
   201.052505        -3.73337083E-10
   201.233002        -3.62469194E-10
   201.413498        -3.51148360E-10
   201.593994        -3.39423267E-10
   201.774506        -3.27331329E-10
   201.955002        -3.14898163E-10
   202.135498        -3.02138758E-10
   202.315994        -2.89060081E-10
   202.496506        -2.75663520E-10
   202.677002        -2.61947103E-10
   202.857498        -2.47907445E-10
   203.037994        -2.33540520E-10
   203.218506        -2.18840696E-10
   203.399002        -2.03800157E-10
   203.579498        -1.88406915E-10
   203.759995        -1.72643719E-10
   203.940506        -1.56487601E-10
   204.121002        -1.39910569E-10
   204.301498        -1.22882149E-10
   204.481995        -1.05372197E-10
   204.662506        -8.73549705E-11
   204.843002        -6.88131219E-11
   205.023499        -4.97408989E-11
   205.203995        -3.01470827E-11
   205.384506        -1.00556768E-11
   205.565002         1.04944794E-11
   205.745499         3.14515983E-11
   205.925995         5.27530554E-11
   206.106506         7.43293344E-11
   206.287003         9.61059843E-11
   206.467499         1.18006577E-10
   206.647995         1.39953868E-10
   206.828506         1.61870503E-10
   207.009003         1.83678517E-10
   207.189499         2.05300055E-10
   207.369995         2.26655320E-10
   207.550507         2.47664417E-10
   207.731003         2.68247535E-10
   207.911499         2.88327001E-10
   208.091995         3.07829345E-10
   208.272507         3.26687982E-10
   208.453003         3.44845652E-10
   208.633499         3.62256530E-10
   208.813995         3.78886533E-10
   208.994507         3.94713262E-10
   209.175003         4.09725032E-10
   209.355499         4.23920316E-10
   209.535995         4.37304526E-10
   209.716507         4.49888959E-10
   209.897003         4.61690491E-10
   210.077499         4.72729800E-10
   210.257996         4.83032503E-10
   210.438507         4.92627383E-10
   210.619003         5.01548247E-10
   210.799500         5.09831177E-10
   210.979996         5.17515752E-10
   211.160507         5.24641997E-10
   211.341003         5.31248268E-10
   211.521500         5.37370648E-10
   211.701996         5.43039558E-10
   211.882507         5.48280199E-10
   212.063004         5.53109725E-10
   212.243500         5.57539959E-10
   212.423996         5.61577118E-10
   212.604507         5.65223646E-10
   212.785004         5.68479763E-10
   212.965500         5.71346359E-10
   213.145996         5.73825043E-10
   213.326508         5.75919590E-10
   213.507004         5.77636439E-10
   213.687500         5.78984416E-10
   213.867996         5.79972292E-10
   214.048492         5.80609449E-10
   214.229004         5.80903936E-10
   214.409500         5.80861692E-10
   214.589996         5.80488158E-10
   214.770493         5.79787940E-10
   214.951004         5.78767201E-10
   215.131500         5.77435988E-10
   215.311996         5.75810233E-10
   215.492493         5.73914360E-10
   215.673004         5.71781900E-10
   215.853500         5.69455094E-10
   216.033997         5.66985681E-10
   216.214493         5.64431446E-10
   216.395004         5.61853564E-10
   216.575500         5.59313706E-10
   216.755997         5.56870272E-10
   216.936493         5.54576052E-10
   217.117004         5.52476231E-10
   217.297501         5.50608226E-10
   217.477997         5.49002011E-10
   217.658493         5.47681234E-10
   217.839005         5.46665269E-10
   218.019501         5.45971435E-10
   218.199997         5.45614998E-10
   218.380493         5.45610723E-10
   218.561005         5.45971213E-10
   218.741501         5.46704348E-10
   218.921997         5.47811962E-10
   219.102493         5.49285561E-10
   219.283005         5.51105550E-10
   219.463501         5.53237622E-10
   219.643997         5.55637203E-10
   219.824493         5.58248503E-10
   220.005005         5.61010460E-10
   220.185501         5.63861569E-10
   220.365997         5.66744207E-10
   220.546494         5.69612968E-10
   220.727005         5.72433934E-10
   220.907501         5.75189896E-10
   221.087997         5.77877135E-10
   221.268494         5.80505422E-10
   221.449005         5.83092075E-10
   221.629501         5.85659632E-10
   221.809998         5.88230020E-10
   221.990494         5.90823057E-10
   222.171005         5.93454452E-10
   222.351501         5.96136751E-10
   222.531998         5.98879890E-10
   222.712494         6.01695749E-10
   222.893005         6.04598260E-10
   223.073502         6.07607686E-10
   223.253998         6.10749895E-10
   223.434494         6.14057083E-10
   223.615005         6.17562945E-10
   223.795502         6.21303842E-10
   223.975998         6.25310748E-10
   224.156494         6.29609920E-10
   224.337006         6.34218289E-10
   224.517502         6.39146180E-10
   224.697998         6.44394815E-10
   224.878494         6.49961751E-10
   225.059006         6.55842547E-10
   225.239502         6.62034427E-10
   225.419998         6.68539335E-10
   225.600494         6.75364153E-10
   225.781006         6.82523149E-10
   225.961502         6.90036028E-10
   226.141998         6.97927105E-10
   226.322495         7.06223746E-10
   226.503006         7.14953041E-10
   226.683502         7.24144578E-10
   226.863998         7.33829886E-10
   227.044495         7.44041717E-10
   227.225006         7.54818708E-10
   227.405502         7.66206709E-10
   227.585999         7.78259901E-10
   227.766495         7.91042676E-10
   227.947006         8.04628753E-10
   228.127502         8.19100787E-10
   228.307999         8.34549652E-10
   228.488495         8.51066662E-10
   228.669006         8.68749239E-10
   228.849503         8.87690144E-10
   229.029999         9.07979358E-10
   229.210495         9.29700705E-10
   229.391006         9.52930512E-10
   229.571503         9.77733561E-10
   229.751999         1.00416619E-09
   229.932495         1.03226871E-09
   230.113007         1.06206854E-09
   230.293503         1.09357678E-09
   230.473999         1.12678444E-09
   230.654495         1.16166110E-09
   230.835007         1.19815724E-09
   231.015503         1.23620059E-09
   231.195999         1.27569966E-09
   231.376495         1.31654665E-09
   231.557007         1.35861722E-09
   231.737503         1.40177914E-09
   231.917999         1.44589274E-09
   232.098495         1.49081292E-09
   232.279007         1.53639701E-09
   232.459503         1.58249902E-09
   232.639999         1.62897384E-09
   232.820496         1.67567449E-09
   233.001007         1.72245607E-09
   233.181503         1.76916981E-09
   233.362000         1.81566751E-09
   233.542496         1.86180171E-09
   233.723007         1.90742577E-09
   233.903503         1.95240113E-09
   234.084000         1.99659556E-09
   234.264496         2.03989026E-09
   234.445007         2.08217799E-09
   234.625504         2.12336415E-09
   234.806000         2.16336993E-09
   234.986496         2.20212892E-09
   235.167007         2.23958385E-09
   235.347504         2.27568742E-09
   235.528000         2.31039876E-09
   235.708496         2.34368169E-09
   235.889008         2.37550446E-09
   236.069504         2.40584019E-09
   236.250000         2.43466380E-09
   236.430496         2.46195797E-09
   236.610992         2.48770893E-09
   236.791504         2.51190824E-09
   236.972000         2.53455235E-09
   237.152496         2.55563726E-09
   237.332993         2.57515897E-09
   237.513504         2.59310662E-09
   237.694000         2.60946176E-09
   237.874496         2.62419331E-09
   238.054993         2.63725419E-09
   238.235504         2.64858424E-09
   238.416000         2.65810707E-09
   238.596497         2.66573696E-09
   238.776993         2.67137668E-09
   238.957504         2.67492406E-09
   239.138000         2.67627742E-09
   239.318497         2.67533329E-09
   239.498993         2.67199685E-09
   239.679504         2.66617639E-09
   239.860001         2.65778821E-09
   240.040497         2.64675437E-09
   240.220993         2.63300404E-09
   240.401505         2.61647282E-09
   240.582001         2.59709876E-09
   240.762497         2.57482524E-09
   240.942993         2.54959587E-09
   241.123505         2.52136090E-09
   241.304001         2.49007104E-09
   241.484497         2.45568099E-09
   241.664993         2.41814946E-09
   241.845505         2.37743780E-09
   242.026001         2.33350650E-09
   242.206497         2.28632113E-09
   242.386993         2.23584395E-09
   242.567505         2.18203389E-09
   242.748001         2.12484697E-09
   242.928497         2.06423034E-09
   243.108994         2.00012829E-09
   243.289505         1.93247596E-09
   243.470001         1.86120375E-09
   243.650497         1.78623505E-09
   243.830994         1.70749404E-09
   244.011505         1.62490243E-09
   244.192001         1.53838631E-09
   244.372498         1.44787282E-09
   244.552994         1.35330025E-09
   244.733505         1.25461053E-09
   244.914001         1.15175869E-09
   245.094498         1.04470732E-09
   245.274994         9.33432887E-10
   245.455505         8.17916068E-10
   245.636002         6.98152369E-10
   245.816498         5.74144898E-10
   245.996994         4.45906256E-10
   246.177505         3.13459730E-10
   246.358002         1.76839848E-10
   246.538498         3.60919766E-11
   246.718994        -1.08727055E-10
   246.899506        -2.57549010E-10
   247.080002        -4.10297518E-10
   247.260498        -5.66886760E-10
   247.440994        -7.27227334E-10
   247.621506        -8.91227758E-10
   247.802002        -1.05880149E-09
   247.982498        -1.22986377E-09
   248.162994        -1.40434042E-09
   248.343506        -1.58216440E-09
   248.524002        -1.76328763E-09
   248.704498        -1.94766558E-09
   248.884995        -2.13527529E-09
   249.065506        -2.32609798E-09
   249.246002        -2.52013477E-09
   249.426498        -2.71739320E-09
   249.606995        -2.91788993E-09
   249.787506        -3.12164872E-09
   249.968002        -3.32870176E-09
   250.148499        -3.53907925E-09
   250.328995        -3.75281850E-09
   250.509506        -3.96995414E-09
   250.690002        -4.19051194E-09
   250.870499        -4.41451542E-09
   251.050995        -4.64197347E-09
   251.231506        -4.87288077E-09
   251.412003        -5.10721199E-09
   251.592499        -5.34492139E-09
   251.772995        -5.58594238E-09
   251.953506        -5.83018078E-09
   252.134003        -6.07752515E-09
   252.314499        -6.32783914E-09
   252.494995        -6.58097044E-09
   252.675507        -6.83674806E-09
   252.856003        -7.09497927E-09
   253.036499        -7.35546513E-09
   253.216995        -7.61798891E-09
   253.397507        -7.88231880E-09
   253.578003        -8.14822076E-09
   253.758499        -8.41544523E-09
   253.938995        -8.68373373E-09
   254.119507        -8.95282604E-09
   254.300003        -9.22245746E-09
   254.480499        -9.49236156E-09
   254.660995        -9.76226833E-09
   254.841507        -1.00319113E-08
   255.022003        -1.03010258E-08
   255.202499        -1.05693534E-08
   255.382996        -1.08366338E-08
   255.563507        -1.11026131E-08
   255.744003        -1.13670540E-08
   255.924500        -1.16297096E-08
   256.105011        -1.18903438E-08
   256.285492        -1.21487362E-08
   256.466003        -1.24046684E-08
   256.646515        -1.26579289E-08
   256.826996        -1.29083242E-08
   257.007507        -1.31556703E-08
   257.187988        -1.33997879E-08
   257.368500        -1.36405136E-08
   257.549011        -1.38776830E-08
   257.729492        -1.41111354E-08
   257.910004        -1.43407091E-08
   258.090515        -1.45662362E-08
   258.270996        -1.47875419E-08
   258.451508        -1.50044475E-08
   258.631989        -1.52167630E-08
   258.812500        -1.54242930E-08
   258.993011        -1.56268314E-08
   259.173492        -1.58241793E-08
   259.354004        -1.60161253E-08
   259.534485        -1.62024509E-08
   259.714996        -1.63829377E-08
   259.895508        -1.65573564E-08
   260.075989        -1.67254690E-08
   260.256500        -1.68870269E-08
   260.437012        -1.70417760E-08
   260.617493        -1.71894428E-08
   260.798004        -1.73297554E-08
   260.978485        -1.74624333E-08
   261.158997        -1.75871993E-08
   261.339508        -1.77037851E-08
   261.519989        -1.78119279E-08
   261.700500        -1.79113879E-08
   261.881012        -1.80019324E-08
   262.061493        -1.80833570E-08
   262.242004        -1.81554594E-08
   262.422485        -1.82180564E-08
   262.602997        -1.82709634E-08
   262.783508        -1.83140045E-08
   262.963989        -1.83469986E-08
   263.144501        -1.83697644E-08
   263.325012        -1.83821367E-08
   263.505493        -1.83839415E-08
   263.686005        -1.83750242E-08
   263.866486        -1.83552604E-08
   264.046997        -1.83245277E-08
   264.227509        -1.82827531E-08
   264.407990        -1.82298869E-08
   264.588501        -1.81659097E-08
   264.769012        -1.80908248E-08
   264.949493        -1.80046626E-08
   265.130005        -1.79074675E-08
   265.310486        -1.77992998E-08
   265.490997        -1.76802217E-08
   265.671509        -1.75503043E-08
   265.851990        -1.74096257E-08
   266.032501        -1.72582570E-08
   266.213013        -1.70962853E-08
   266.393494        -1.69238064E-08
   266.574005        -1.67409233E-08
   266.754486        -1.65477552E-08
   266.934998        -1.63444280E-08
   267.115509        -1.61310840E-08
   267.295990        -1.59078724E-08
   267.476501        -1.56749422E-08
   267.657013        -1.54324411E-08
   267.837494        -1.51805182E-08
   268.018005        -1.49193120E-08
   268.198486        -1.46489567E-08
   268.378998        -1.43695758E-08
   268.559509        -1.40812908E-08
   268.739990        -1.37842147E-08
   268.920502        -1.34784663E-08
   269.101013        -1.31641595E-08
   269.281494        -1.28414186E-08
   269.462006        -1.25103714E-08
   269.642487        -1.21711645E-08
   269.822998        -1.18239480E-08
   270.003510        -1.14688827E-08
   270.183990        -1.11061418E-08
   270.364502        -1.07358957E-08
   270.545013        -1.03583320E-08
   270.725494        -9.97362104E-09
   270.906006        -9.58194324E-09
   271.086487        -9.18347531E-09
   271.266998        -8.77839490E-09
   271.447510        -8.36687608E-09
   271.627991        -7.94910449E-09
   271.808502        -7.52527729E-09
   271.989014        -7.09559922E-09
   272.169495        -6.66029853E-09
   272.350006        -6.21962259E-09
   272.530487        -5.77384629E-09
   272.710999        -5.32326228E-09
   272.891510        -4.86818141E-09
   273.071991        -4.40892611E-09
   273.252502        -3.94583166E-09
   273.433014        -3.47923135E-09
   273.613495        -3.00945913E-09
   273.794006        -2.53683541E-09
   273.974487        -2.06168571E-09
   274.154999        -1.58431479E-09
   274.335510        -1.10503418E-09
   274.515991        -6.24140684E-10
   274.696503        -1.41949896E-10
   274.877014         3.41224882E-10
   275.057495         8.25052415E-10
   275.238007         1.30919886E-09
   275.418488         1.79331028E-09
   275.598999         2.27703678E-09
   275.779510         2.76001244E-09
   275.959991         3.24187965E-09
   276.140503         3.72228293E-09
   276.321014         4.20086810E-09
   276.501495         4.67729455E-09
   276.682007         5.15121679E-09
   276.862488         5.62229996E-09
   277.042999         6.09020567E-09
   277.223511         6.55458976E-09
   277.403992         7.01510094E-09
   277.584503         7.47139062E-09
   277.765015         7.92308796E-09
   277.945496         8.36982927E-09
   278.126007         8.81124329E-09
   278.306488         9.24696941E-09
   278.487000         9.67665592E-09
   278.667511         1.00999644E-08
   278.847992         1.05165840E-08
   279.028503         1.09262182E-08
   279.209015         1.13286029E-08
   279.389496         1.17234880E-08
   279.570007         1.21106476E-08
   279.750488         1.24898749E-08
   279.931000         1.28609701E-08
   280.111511         1.32237439E-08
   280.291992         1.35780178E-08
   280.472504         1.39236178E-08
   280.653015         1.42603698E-08
   280.833496         1.45881174E-08
   281.014008         1.49066981E-08
   281.194489         1.52159672E-08
   281.375000         1.55157895E-08
   281.555511         1.58060462E-08
   281.735992         1.60866271E-08
   281.916504         1.63574452E-08
   282.096985         1.66184240E-08
   282.277496         1.68694854E-08
   282.458008         1.71105707E-08
   282.638489         1.73416197E-08
   282.819000         1.75625576E-08
   282.999512         1.77733170E-08
   283.179993         1.79738144E-08
   283.360504         1.81639681E-08
   283.540985         1.83436857E-08
   283.721497         1.85128783E-08
   283.902008         1.86714573E-08
   284.082489         1.88193336E-08
   284.263000         1.89564382E-08
   284.443512         1.90827052E-08
   284.623993         1.91980867E-08
   284.804504         1.93025418E-08
   284.984985         1.93960457E-08
   285.165497         1.94785787E-08
   285.346008         1.95501269E-08
   285.526489         1.96106864E-08
   285.707001         1.96602556E-08
   285.887512         1.96988275E-08
   286.067993         1.97264036E-08
   286.248505         1.97429966E-08
   286.428986         1.97486241E-08
   286.609497         1.97433216E-08
   286.790009         1.97271337E-08
   286.970490         1.97001224E-08
   287.151001         1.96623802E-08
   287.331512         1.96139887E-08
   287.511993         1.95550633E-08
   287.692505         1.94857215E-08
   287.872986         1.94060892E-08
   288.053497         1.93162926E-08
   288.234009         1.92164560E-08
   288.414490         1.91067251E-08
   288.595001         1.89872189E-08
   288.775513         1.88580813E-08
   288.955994         1.87194562E-08
   289.136505         1.85714946E-08
   289.316986         1.84143634E-08
   289.497498         1.82482349E-08
   289.678009         1.80733046E-08
   289.858490         1.78897839E-08
   290.039001         1.76978840E-08
   290.219513         1.74978450E-08
   290.399994         1.72899046E-08
   290.580505         1.70743100E-08
   290.760986         1.68513079E-08
   290.941498         1.66211489E-08
   291.122009         1.63840959E-08
   291.302490         1.61403921E-08
   291.483002         1.58902971E-08
   291.663513         1.56340718E-08
   291.843994         1.53719757E-08
   292.024506         1.51042752E-08
   292.204987         1.48312447E-08
   292.385498         1.45531622E-08
   292.566010         1.42703094E-08
   292.746490         1.39829712E-08
   292.927002         1.36914418E-08
   293.107513         1.33960016E-08
   293.287994         1.30969360E-08
   293.468506         1.27945254E-08
   293.648987         1.24890338E-08
   293.829498         1.21807222E-08
   294.010010         1.18698402E-08
   294.190491         1.15566285E-08
   294.371002         1.12413296E-08
   294.551514         1.09241807E-08
   294.731995         1.06054161E-08
   294.912506         1.02852793E-08
   295.092987         9.96400829E-09
   295.273499         9.64184643E-09
   295.454010         9.31903532E-09
   295.634491         8.99581387E-09
   295.815002         8.67241834E-09
   295.995514         8.34907876E-09
   296.175995         8.02601807E-09
   296.356506         7.70345121E-09
   296.536987         7.38158867E-09
   296.717499         7.06063608E-09
   296.898010         6.74080081E-09
   297.078491         6.42228848E-09
   297.259003         6.10531403E-09
   297.439514         5.79009507E-09
   297.619995         5.47686207E-09
   297.800507         5.16584997E-09
   297.980988         4.85730078E-09
   298.161499         4.55145566E-09
   298.342010         4.24855795E-09
   298.522491         3.94883948E-09
   298.703003         3.65252384E-09
   298.883514         3.35982064E-09
   299.063995         3.07092662E-09
   299.244507         2.78602119E-09
   299.424988         2.50526866E-09
   299.605499         2.22881646E-09
   299.786011         1.95679650E-09
   299.966492         1.68932857E-09
   300.147003         1.42651890E-09
   300.327515         1.16845544E-09
   300.507996         9.15221177E-10
   300.688507         6.66881217E-10
   300.868988         4.23489244E-10
   301.049500         1.85088098E-10
   301.230011        -4.82944865E-11
   301.410492        -2.76638323E-10
   301.591003        -4.99938146E-10
   301.771515        -7.18193949E-10
   301.951996        -9.31414945E-10
   302.132507        -1.13961074E-09
   302.312988        -1.34279665E-09
   302.493500        -1.54098234E-09
   302.674011        -1.73416925E-09
   302.854492        -1.92236049E-09
   303.035004        -2.10554574E-09
   303.215515        -2.28371078E-09
   303.395996        -2.45683451E-09
   303.576508        -2.62489208E-09
   303.756989        -2.78785417E-09
   303.937500        -2.94568969E-09
   304.118011        -3.09837067E-09
   304.298492        -3.24586824E-09
   304.479004        -3.38816353E-09
   304.659485        -3.52523810E-09
   304.839996        -3.65708219E-09
   305.020508        -3.78369158E-09
   305.200989        -3.90506738E-09
   305.381500        -4.02121270E-09
   305.562012        -4.13213108E-09
   305.742493        -4.23782209E-09
   305.923004        -4.33828662E-09
   306.103485        -4.43352022E-09
   306.283997        -4.52351534E-09
   306.464508        -4.60826355E-09
   306.644989        -4.68775418E-09
   306.825500        -4.76197926E-09
   307.006012        -4.83093077E-09
   307.186493        -4.89460561E-09
   307.367004        -4.95300601E-09
   307.547485        -5.00613639E-09
   307.727997        -5.05400788E-09
   307.908508        -5.09663689E-09
   308.088989        -5.13404386E-09
   308.269501        -5.16625587E-09
