D0    Platform 2 km seds.
3.81  1.5   2.5   4     6.2   6.6   7.3   8.2
1.94  0.0   1.2   2.1   3.6   3.7   4.0   4.7
0.92  1.02  2.1   2.4   2.8   2.9   3.1   3.4
0     0     1     1     12    13    9           36
D1    Platform 11.5 km seds.
3.81  1.5   2.5   4.9   6.2   6.6   7.3   8.2
1.94  0     1.2   2.8   3.6   3.7   4     4.7
0.92  1.02  2.1   2.6   2.8   2.9   3.1   3.4
0     0     1.5   10.   10.5  11    8           41
D2    Platform 10 km seds.
3.81  1.5   2.5   4.9   6.2   6.6   7.3   8.2
1.94  0     1.2   2.8   3.6   3.7   4     4.7
0.92  1.02  2.1   2.6   2.8   2.9   3.1   3.4
0     0     1.5   8.5   10    13    8           41
D3    Platform 38 km, 5 km seds.
3.81  1.5   2.5   4.1   6.2   6.6   7.3   8.2
1.94  0     1.2   2.2   3.6   3.7   4     4.7
0.92  1.02  2.1   2.4   2.8   2.9   3.1   3.4
0     0     1     4     12    13    8           38
D4    Platform 46 km, 5 km seds.
3.81  1.5   2.5   4.1   6.2   6.6   7.3   8.2
1.94  0     1.2   2.2   3.6   3.7   4     4.7
0.92  1.02  2.1   2.4   2.8   2.9   3.1   3.4
0.0   0.0   1.0   4.0   15.0  16.0  10.0        46
D5    thick Platform 2 km seds.
3.81  1.5   2.5   4     6.2   6.6   7.3   8.2
1.94  0.0   1.2   2.1   3.6   3.7   4.0   4.7
0.92  1.02  2.1   2.4   2.8   2.9   3.1   3.4
0     0     1     1     16    17    11          46
D6    Platform 2 km seds.
3.81  1.5   2.5   4     6.2   6.6   7.3   8.2
1.94  0.0   1.2   2.1   3.6   3.7   4.0   4.7
0.92  1.02  2.1   2.4   2.8   2.9   3.1   3.4
0     0     1     1     15    15    9           41
D7    Platform 4 km seds.
3.81  1.5   2.5   4.1   6.2   6.6   7.3   8.2
1.94  0.0   1.2   2.2   3.6   3.7   4.0   4.7
0.92  1.02  2.1   2.4   2.8   2.9   3.1   3.4
0     0     1     3     14    14    9           41
D8     thick Platform 3 km seds.
3.81  1.5   2.5   4     6.2   6.6   7.3   8.2
1.94  0.0   1.2   2.1   3.6   3.7   4.0   4.7
0.92  1.02  2.1   2.4   2.8   2.9   3.1   3.4
0     0     1      2    16    16    11          46
D9    Platform 1 km seds.
3.81  1.5   2.5   4     6.2   6.6   7.3   8.2
1.94  0.0   1.2   2.1   3.6   3.7   4.0   4.7
0.92  1.02  2.1   2.4   2.8   2.9   3.1   3.4
0     0     1     0     16    15    9           41
DA     Platform 6 km seds.
3.81  1.5   2.5   4.2   6.2   6.6   7.3   8.2
1.94  0.0   1.2   2.4   3.6   3.7   4.0   4.7
0.92  1.02  2.1   2.4   2.8   2.9   3.1   3.4
0     0     1.5   4.5   13    13    9           41
DB     Platform 3 km seds.
3.81  1.5   2.5   4     6.2   6.6   7.3   8.2
1.94  0.0   1.2   2.1   3.6   3.7   4.0   4.7
0.92  1.02  2.1   2.4   2.8   2.9   3.1   3.4
0     0     1       2.0 15    14    9           41
DC    Platform 0.5 km seds.
3.81  1.5   2.5   4     6.2   6.6   7.3   8.2
1.94  0.0   1.2   2.1   3.6   3.7   4.0   4.7
0.92  1.02  2.1   2.4   2.8   2.9   3.1   3.4
0     0     0.5   0.    15.5   16   9           41
DD     Platform 5.0 km seds.
3.81  1.5   2.5   4.1   6.2   6.6   7.3   8.2
1.94  0.0   1.2   2.2   3.6   3.7   4.0   4.7
0.92  1.02  2.1   2.4   2.8   2.9   3.1   3.4
0     0     1.0   4.0   14    13      9         41
DE    thick Platform 1 km seds.
3.81  1.5   2.5   4     6.2   6.6   7.3   8.2
1.94  0.0   1.2   2.1   3.6   3.7   4.0   4.7
0.92  1.02  2.1   2.4   2.8   2.9   3.1   3.4
0     0     1     0     17    17    11          46
DF    thick Platform 0 km seds.
3.81  1.5   2.5   4     6.2   6.6   7.3   8.2
1.94  0.0   1.2   2.1   3.6   3.7   4.0   4.7
0.92  1.02  2.1   2.4   2.8   2.9   3.1   3.4
0     0     0.    0     17    17    16          50
DG    thin Platform 1 km seds.
3.81  1.5   2.5   4     6.2   6.6   7.3   8.2
1.94  0.0   1.2   2.1   3.6   3.7   4.0   4.7
0.92  1.02  2.1   2.4   2.8   2.9   3.1   3.4
0     0     1     0     10    10    10          31
DH    thin Platform 4 km seds.
3.81  1.5   2.5   4.1   6.2   6.6   7.3   8.2
1.94  0.0   1.2   2.2   3.6   3.7   4.0   4.7
0.92  1.02  2.1   2.4   2.8   2.9   3.1   3.4
0     0     1.0   3.0   10    10    10          34
DJ    thin Platform 8 km seds.
3.81  1.5   2.5   4.5   6.2   6.6   7.3   8.2
1.94  0.0   1.2   2.6   3.6   3.7   4.0   4.7
0.92  1.02  2.1   2.5   2.8   2.9   3.1   3.4
0     0     1.5   6.5   8     9     9           34
DK    Platform 46 km, 7 km seds.
3.81  1.5   2.5   4.4   6.2   6.6   7.3   8.2
1.94  0     1.2   2.6   3.6   3.7   4     4.7
0.92  1.02  2.1   2.5   2.8   2.9   3.1   3.4
0.0   0.0   1.5   5.5   14.0  15.0  10.0        46
DL     Platform 8 km seds.
3.81  1.5   2.5   4.5   6.2   6.6   7.3   8.2
1.94  0.0   1.2   2.6   3.6   3.7   4.0   4.7
0.92  1.02  2.1   2.5   2.8   2.9   3.1   3.4
0     0     1.5   6.5   11    11    11          41
DM    thin Platform 10 km seds.
3.81  1.5   2.5   4.9   6.2   6.6   7.3   8.2
1.94  0.0   1.2   2.8   3.6   3.7   4.0   4.7
0.92  1.02  2.1   2.6   2.8   2.9   3.1   3.4
0     0     1.5   8.5   8     8     8           34
DN    thin Platform 6 km seds.
3.81  1.5   2.5   4.2   6.2   6.6   7.3   8.2
1.94  0.0   1.2   2.4   3.6   3.7   4.0   4.7
0.92  1.02  2.1   2.4   2.8   2.9   3.1   3.4
0     0     1.5   4.5   9     9     10          34
DP    thin Platform 7.5 km seds.
3.81  1.5   2.5   4     6.2   6.6   7.3   8.2
1.94  0.0   1.2   2.1   3.6   3.7   4.0   4.7
0.92  1.02  2.1   2.4   2.8   2.9   3.1   3.4
0     0     1.0   6.5   10.   10.   10.5        38
DQ    thin Platform 3.5 km seds.
3.81  1.5   2.5   4.2   6.2   6.6   7.3   8.2
1.94  0.0   1.2   2.4   3.6   3.7   4.0   4.7
0.92  1.02  2.1   2.4   2.8   2.9   3.1   3.4
0     0     1.0   2.5   11    11    10.5        36
DR    thin Platform 1 km seds.
3.81  1.5   2.5   4.2   6.2   6.6   7.3   8.2
1.94  0.0   1.2   2.4   3.6   3.7   4.0   4.7
0.92  1.02  2.1   2.4   2.8   2.9   3.1   3.4
0     0     1.0   0.0   12    12    11          36
DS    thick Platform 3 km seds.
3.81  1.5   2.5   4     6.2   6.6   7.3   8.2
1.94  0.0   1.2   2.1   3.6   3.7   4.0   4.7
0.92  1.02  2.1   2.4   2.8   2.9   3.1   3.4
0     0     1     2     16    16    15          50
DT    thin Platform 0.5 km seds.
3.81  1.5   2.5   4.2   6.2   6.6   7.3   8.2
1.94  0.0   1.2   2.4   3.6   3.7   4.0   4.7
0.92  1.02  2.1   2.4   2.8   2.9   3.1   3.4
0     0     0.5   0.0   12    13.5  12          38
DU    thick Platform 0.5 km seds.
3.81  1.5   2.5   4     6.2   6.6   7.3   8.2
1.94  0.0   1.2   2.1   3.6   3.7   4.0   4.7
0.92  1.02  2.1   2.4   2.8   2.9   3.1   3.4
0     0     0.5   0     17.5  17    11          46
DV    thin Platform 6.5 km seds.
3.81  1.5   2.5   4.4   6.2   6.6   7.3   8.2
1.94  0.0   1.2   2.5   3.6   3.7   4.0   4.7
0.92  1.02  2.1   2.5   2.8   2.9   3.1   3.4
0     0     1.0   5.5   10.   10.5  11          38
DW    thin Platform 6.5 km seds.
3.81  1.5   2.5   4.3   6.2   6.6   7.3   8.2
1.94  0.0   1.2   2.4   3.6   3.7   4.0   4.7
0.92  1.02  2.1   2.4   2.8   2.9   3.1   3.4
0     0     1.    5.5   9     9.5   9           34
DX    Platform 9 km seds.
3.81  1.5   2.5   4.9   6.2   6.6   7.3   8.2
1.94  0     1.2   2.8   3.6   3.7   4     4.7
0.92  1.02  2.1   2.6   2.8   2.9   3.1   3.4
0     0     1.5   7.5   11    13    8           41
DY    thin Platform 5 km seds.
3.81  1.5   2.5   4.1   6.2   6.6   7.3   8.2
1.94  0.0   1.2   2.2   3.6   3.7   4.0   4.7
0.92  1.02  2.1   2.4   2.8   2.9   3.1   3.4
0     0     1.    4.    8     9     9           31
DZ    Platform 46 km, 8 km seds.
3.81  1.5   2.5   4.5   6.2   6.6   7.3   8.2
1.94  0     1.2   2.6   3.6   3.7   4     4.7
0.92  1.02  2.1   2.5   2.8   2.9   3.1   3.4
0.0   0.0   1.5   6.5   14.0  14.0  10.0        46
E1    thin Platform 2.5 km seds.
3.81  1.5   2.5   4.2   6.2   6.6   7.3   8.2
1.94  0.0   1.2   2.4   3.6   3.7   4.0   4.7
0.92  1.02  2.1   2.4   2.8   2.9   3.1   3.4
0     0     1.0   1.5   10    10.5  11          34
E2    thin Platform 0.0 km seds.
3.81  1.5   2.5   4.2   6.2   6.6   7.3   8.2
1.94  0.0   1.2   2.4   3.6   3.7   4.0   4.7
0.92  1.02  2.1   2.4   2.8   2.9   3.1   3.4
0     0     0.0   0.0   10    10.   11          31
F2     Archean 0.5 km ice, no seds.
3.81  1.5   3.8   4     6.2   6.4   6.8   8.2
1.94  0.0   2.1   2.1   3.6   3.6   3.8   4.7
0.92  1.02  2.3   2.4   2.8   2.85  2.95  3.4
0.5   0     0     0     13    12    12          37.5
F3     Archean 1 km ice, no seds.
3.81  1.5   3.8   4     6.2   6.4   6.8   8.2
1.94  0     2.1   2.1   3.6   3.6   3.8   4.7
0.92  1.02  2.3   2.4   2.8   2.85  2.95  3.4
1     0     0     0     13    12    12          38
F4    Archean 1.5 km ice, no seds.
3.81  1.5   3.8   4.0   6.2   6.4   6.8   8.2
1.94  0     2.1   2.1   3.6   3.6   3.8   4.7
0.92  1.02  2.3   2.4   2.8   2.85  2.95  3.4
1.5   0.0   0.0   0.0   13.0  12.0  12.0        38.5
F5    Archean 2.0 km ice, no seds.
3.81  1.5   3.8   4     6.2   6.4   6.8   8.2
1.94  0.0   2.1   2.1   3.6   3.6   3.8   4.7
0.92  1.02  2.3   2.4   2.8   2.85  2.95  3.4
2     0     0     0     13    12    12          39
F6    Archean 2.5 km ice, no seds.
3.81  1.5   3.8   4     6.2   6.4   6.8   8.2
1.94  0     2.1   2.1   3.6   3.6   3.8   4.7
0.92  1.02  2.3   2.4   2.8   2.85  2.95  3.4
2.5   0     0     0     13    12    12          39.5
F7    Archean 3.0 km ice, no seds.
3.81  1.5   3.8   4.0   6.2   6.4   6.8   8.2
1.94  0     2.1   2.1   3.6   3.6   3.8   4.7
0.92  1.02  2.3   2.4   2.8   2.85  2.95  3.4
3     0     0     0     13.0  12.0  12.0        40
F8    Archean 3.5 km ice, no seds.
3.81  1.5   3.8   4     6.2   6.4   6.8   8.2
1.94  0.0   2.1   2.1   3.6   3.6   3.8   4.7
0.92  1.02  2.3   2.4   2.8   2.85  2.95  3.4
3.5   0     0     0     13    12    12          40.5
F9    Archean 4.0 km ice, no seds.
3.81  1.5   3.8   4     6.2   6.4   6.8   8.2
1.94  0     2.1   2.1   3.6   3.6   3.8   4.7
0.92  1.02  2.3   2.4   2.8   2.85  2.95  3.4
4     0     0     0     13    12    12          41
FA    Archean 3.0 km ice, 2.5km seds.
3.81  1.5   3.8   4.0   6.2   6.4   6.8   8.2
1.94  0     2.1   2.1   3.6   3.6   3.8   4.7
0.92  1.02  2.3   2.4   2.8   2.85  2.95  3.4
3     0     1.5   1     11.0  11.5  12.0        40
FB     Archean 0.5 km ice, 1.5 seds.
3.81  1.5   3.8   4     6.2   6.4   6.8   8.2
1.94  0.0   2.1   2.1   3.6   3.6   3.8   4.7
0.92  1.02  2.3   2.4   2.8   2.85  2.95  3.4
0.5   0     0.5   1     12    12    12          38
FC     Archean 3 km ice, 1.5 seds.
3.81  1.5   3.8   4     6.2   6.4   6.8   8.2
1.94  0.0   2.1   2.1   3.6   3.6   3.8   4.7
0.92  1.02  2.3   2.4   2.8   2.85  2.95  3.4
3     0     0.25  1.25  11.5  12    12          40
FD    Archean 1.5 km ice, 1.5km seds.
3.81  1.5   3.8   4.0   6.2   6.4   6.8   8.2
1.94  0     2.1   2.1   3.6   3.6   3.8   4.7
0.92  1.02  2.3   2.4   2.8   2.85  2.95  3.4
1.5   0     0.5   1     11.0  12    12.0        38
FF    Archean 2.5 km ice, 1.5km seds.
3.81  1.5   3.8   4.0   6.2   6.4   6.8   8.2
1.94  0     2.1   2.1   3.6   3.6   3.8   4.7
0.92  1.02  2.3   2.4   2.8   2.85  2.95  3.4
2.5   0     0.5   1     12.0  12    12.0        40
FG    Archean 3.5 km ice, 2.5km seds.
3.81  1.5   3.8   4.0   6.2   6.4   6.8   8.2
1.94  0     2.1   2.1   3.6   3.6   3.8   4.7
0.92  1.02  2.3   2.4   2.8   2.85  2.95  3.4
3.5   0     1.5   1     11.0  11.0  12.0        40
FH    Archean 2.5 km ice, 2.5km seds.
3.81  1.5   3.8   4.0   6.2   6.4   6.8   8.2
1.94  0     2.1   2.1   3.6   3.6   3.8   4.7
0.92  1.02  2.3   2.4   2.8   2.85  2.95  3.4
2.5   0     1.5   1     12.0  11.0  12.0        40
FJ    Archean 1.5 km ice, 0.5km seds.
3.81  1.5   3.8   4.0   6.2   6.4   6.8   8.2
1.94  0     2.1   2.1   3.6   3.6   3.8   4.7
0.92  1.02  2.3   2.4   2.8   2.85  2.95  3.4
1.5   0     0.5   0     13.0  12    13.0        40
FK     Archean 3.5 km ice, 1.5 seds.
3.81  1.5   3.8   4     6.2   6.4   6.8   8.2
1.94  0.0   2.1   2.1   3.6   3.6   3.8   4.7
0.92  1.02  2.3   2.4   2.8   2.85  2.95  3.4
3.5   0     0.25  1.25  11    11    11          38
FL     Archean 1 km ice, 1.5 seds.
3.81  1.5   3.8   4     6.2   6.4   6.8   8.2
1.94  0.0   2.1   2.1   3.6   3.6   3.8   4.7
0.92  1.02  2.3   2.4   2.8   2.85  2.95  3.4
1.0   0     0.5   1     11.5  12    12          38
FM    Archean 2.5 km ice, 1.0km seds.
3.81  1.5   3.8   4.0   6.2   6.4   6.8   8.2
1.94  0     2.1   2.1   3.6   3.6   3.8   4.7
0.92  1.02  2.3   2.4   2.8   2.85  2.95  3.4
2.5   0     0.5   0.5   12.0  12.   12.0        39.5
FN    Archean 3.0 km ice, 1.0km seds.
3.81  1.5   3.8   4.0   6.2   6.4   6.8   8.2
1.94  0     2.1   2.1   3.6   3.6   3.8   4.7
0.92  1.02  2.3   2.4   2.8   2.85  2.95  3.4
3.0   0     0.5   0.5   12.0  12.   12.0        40
FP    Archean 2.0 km ice, 1.0km seds.
3.81  1.5   3.8   4.0   6.2   6.4   6.8   8.2
1.94  0     2.1   2.1   3.6   3.6   3.8   4.7
0.92  1.02  2.3   2.4   2.8   2.85  2.95  3.4
2.0   0     0.5   0.5   12.0  12.   12.0        39
FQ    Archean 1.5 km ice, 1.0km seds.
3.81  1.5   3.8   4.0   6.2   6.4   6.8   8.2
1.94  0     2.1   2.1   3.6   3.6   3.8   4.7
0.92  1.02  2.3   2.4   2.8   2.85  2.95  3.4
1.5   0     0.5   0.5   12.0  12.   12.0        38.5
G0    Archean 1 km seds., Hudson Platform
3.81  1.5   2.5   4.0   6.2   6.4   6.8   8.2
1.94  0     1.2   2.1   3.6   3.6   3.8   4.7
0.92  1.02  2.1   2.4   2.8   2.85  2.95  3.4
0     0     1.0   0     13    12    13          39
G1    Archean, no seds.
3.81  1.5   2.5   4.0   6.2   6.4   6.8   8.2
1.94  0     1.2   2.1   3.6   3.6   3.8   4.7
0.92  1.02  2.1   2.4   2.8   2.85  2.95  3.4
0.0   0     0     0     13    12    12          37
G2     Archean 0.5 km seds.
3.81  1.5   2.5   4.0   6.2   6.4   6.8   8.2
1.94  0     1.2   2.1   3.6   3.6   3.8   4.7
0.92  1.02  2.1   2.4   2.8   2.85  2.95  3.4
0.0   0.0   0.5   0     12.5  13.0  13.0        39
G3     Archean 2.0 km seds.
3.81  1.5   2.5   4.0   6.2   6.4   6.8   8.2
1.94  0     1.2   2.1   3.6   3.6   3.8   4.7
0.92  1.02  2.1   2.4   2.8   2.85  2.95  3.4
0.0   0.0   1     1     13    13    13          41
G4     Archean 3.5 km seds.
3.81  1.5   2.5   4.0   6.2   6.4   6.8   8.2
1.94  0     1.2   2.1   3.6   3.6   3.8   4.7
0.92  1.02  2.1   2.4   2.8   2.85  2.95  3.4
0.0   0.0   1     2.5   12.0  12.5  13.0        41
G5     Archean 6.5 km seds.
3.81  1.5   2.5   4.2   6.2   6.4   6.8   8.2
1.94  0     1.2   2.4   3.6   3.6   3.8   4.7
0.92  1.02  2.1   2.4   2.8   2.85  2.95  3.4
0.0   0.0   1.5   5.0   9.5   12.0  13.0        41
G6     Archean, no seds.
3.81  1.5   2.5   4.0   6.2   6.4   6.8   8.2
1.94  0     1.2   2.1   3.6   3.6   3.8   4.7
0.92  1.02  2.1   2.4   2.8   2.85  2.95  3.4
0.0   0.0   0     0     15.   15.0  15.0        45
G7     Archean, no seds.
3.81  1.5   2.5   4.0   6.2   6.4   6.8   8.2
1.94  0     1.2   2.1   3.6   3.6   3.8   4.7
0.92  1.02  2.1   2.4   2.8   2.85  2.95  3.4
0.0   0.0   0     0     16.   17.0  17.0        50
G8     Archean, 1km seds.
3.81  1.5   2.5   4.0   6.2   6.4   6.8   8.2
1.94  0     1.2   2.1   3.6   3.6   3.8   4.7
0.92  1.02  2.1   2.4   2.8   2.85  2.95  3.4
0.0   0.0   1     0     14.   15.0  15.0        45
G9    thin custal Archean 0.1 km seds., South American
3.81  1.5   2.5   4.0   6.2   6.4   6.8   8.2
1.94  0     1.2   2.1   3.6   3.6   3.8   4.7
0.92  1.02  2.1   2.4   2.8   2.85  2.95  3.4
0     0     0.1   0     10    10    10.9        31
GA     thin costal Archean 3.5 km seds., South America
3.81  1.5   2.5   4.0   6.2   6.4   6.8   8.2
1.94  0     1.2   2.1   3.6   3.6   3.8   4.7
0.92  1.02  2.1   2.4   2.8   2.85  2.95  3.4
0.0   0.0   1     2.5   8.5   9     9           30
GB     thin Archean 2.0 km seds.
3.81  1.5   2.5   4.0   6.2   6.4   6.8   8.2
1.94  0     1.2   2.1   3.6   3.6   3.8   4.7
0.92  1.02  2.1   2.4   2.8   2.85  2.95  3.4
0.0   0.0   1     1     10    11    11          34
GC    thin custal Archean 0.0 km seds., Australia
3.81  1.5   2.5   4.0   6.2   6.4   6.8   8.2
1.94  0     1.2   2.1   3.6   3.6   3.8   4.7
0.92  1.02  2.1   2.4   2.8   2.85  2.95  3.4
0     0     0.0   0.0   11    11    11.         33
GD     thick Archean 3.5 km seds.
3.81    1.5     2.5     4.0     6.2     6.4     6.8     8.2
1.94    0       1.2     2.1     3.6     3.6     3.8     4.7
0.92    1.02    2.1     2.4     2.8     2.85    2.95    3.4
0.0     0.0     1       2.5     14.0    14.5    15.0        47
GE      Archean, no seds.
3.81    1.5     2.5     4.0     6.2     6.4     6.8     8.2
1.94    0       1.2     2.1     3.6     3.6     3.8     4.7
0.92    1.02    2.1     2.4     2.8     2.85    2.95    3.4
0.0     0       0       0       14.5    14      13          41.5
GF      Archean, 0.5km seds.
3.81    1.5     2.5     4.0     6.2     6.4     6.8     8.2
1.94    0       1.2     2.1     3.6     3.6     3.8     4.7
0.92    1.02    2.1     2.4     2.8     2.85    2.95    3.4
0.0     0       0.5     0       15      14.5    13.5        43.5
GG     thin Archean 3.5 km seds.
3.81    1.5     2.5     4.0     6.2     6.4     6.8     8.2
1.94    0       1.2     2.1     3.6     3.6     3.8     4.7
0.92    1.02    2.1     2.4     2.8     2.85    2.95    3.4
0.0     0.0     1       2.5     10.5    11      10          35
GH     thin Archean 0.5 km seds.
3.81    1.5     2.5     4.0     6.2     6.4     6.8     8.2
1.94    0       1.2     2.1     3.6     3.6     3.8     4.7
0.92    1.02    2.1     2.4     2.8     2.85    2.95    3.4
0.0     0.0     0.5     0       11.5    12      11          35
GJ     Archean, 8km seds.
3.81    1.5     2.5     4.5     6.2     6.4     6.8     8.2
1.94    0       1.2     2.6     3.6     3.6     3.8     4.7
0.92    1.02    2.1     2.5     2.8     2.85    2.95    3.4
0.0     0.0     1.5     6.5      9.     12.0    12.0        41
GK     Archean, 4.5km seds.
3.81    1.5     2.5     4.1     6.2     6.4     6.8     8.2
1.94    0       1.2     2.1     3.6     3.6     3.8     4.7
0.92    1.02    2.1     2.4     2.8     2.85    2.95    3.4
0.0     0.0     1.      3.5      10.5   13.0    13.0        41
GL     Archean, 5.5km seds.
3.81    1.5     2.5     4.1     6.2     6.4     6.8     8.2
1.94    0       1.2     2.3     3.6     3.6     3.8     4.7
0.92    1.02    2.1     2.4     2.8     2.85    2.95    3.4
0.0     0.0     1.5     4.0      10.5   12.0    13.0        41
GM     thin Archean 5. km seds.
3.81    1.5     2.5     4.1     6.2     6.4     6.8     8.2
1.94    0       1.2     2.2     3.6     3.6     3.8     4.7
0.92    1.02    2.1     2.4     2.8     2.85    2.95    3.4
0.0     0.0     1       4.0     10.0    10.      10.         35
GN     thin Archean 4.5. km seds.
3.81    1.5     2.5     4.1     6.2     6.4     6.8     8.2
1.94    0       1.2     2.1     3.6     3.6     3.8     4.7
0.92    1.02    2.1     2.4     2.8     2.85    2.95    3.4
0.0     0.0     1       3.5     10.5     10      10.          35
GP     thick Archean 5 km seds.
3.81    1.5     2.5     4.1     6.2     6.4     6.8     8.2
1.94    0       1.2     2.2     3.6     3.6     3.8     4.7
0.92    1.02    2.1     2.4     2.8     2.85    2.95    3.4
0.0     0.0     1       4.      13.5    14.0    14.5        47
GQ    thin custal Archean 1.0 km seds., South American
3.81  1.5   2.5   4.0   6.2   6.4   6.8   8.2
1.94  0     1.2   2.1   3.6   3.6   3.8   4.7
0.92  1.02  2.1   2.4   2.8   2.85  2.95  3.4
0     0     0.5   0.5   10    10    10.         31
H0      early/mid  Proter., Finland thick, no seds.
3.81    1.5     2.5     4.0     6.2     6.6     7.1     8.2
1.94    0       1.2     2.1     3.6     3.7     3.9     4.7
0.92    1.02    2.1     2.4     2.8     2.9     3.05    3.4
0.0     0.0     0       0       16      17      17          50
H1      early/mid  Proter., no seds.
3.81    1.5     2.5     4.0     6.2     6.6     7.1     8.2
1.94    0       1.2     2.1     3.6     3.7     3.9     4.7
0.92    1.02    2.1     2.4     2.8     2.9     3.05    3.4
0.0     0.0     0       0       14      14      12          40
H2      early/mid  Proter. shield, Finland, no seds.
3.81    1.5     2.5     4.0     6.2     6.6     7.1     8.2
1.94    0       1.2     2.1     3.6     3.7     3.9     4.7
0.92    1.02    2.1     2.4     2.8     2.9     3.05    3.4
0.0     0.0     0       0       15      16      14          45
H3      early/mid  Proter. shield, Finland, 0.5 km seds.
3.81    1.5     2.5     4.0     6.2     6.6     7.1     8.2
1.94    0       1.2     2.1     3.6     3.7     3.9     4.7
0.92    1.02    2.1     2.4     2.8     2.9     3.05    3.4
0.0     0.0     0.5     0       15      16      14          45.5
H4      early/mid  Proter. shield, Africa, 1.5 km seds.
3.81    1.5     2.5     4.0     6.2     6.6     7.1     8.2
1.94    0       1.2     2.1     3.6     3.7     3.9     4.7
0.92    1.02    2.1     2.4     2.8     2.9     3.05    3.4
0.0     0.0     1       0.5     15      15      15          46.5
H5      early/mid  Proter. shield, Africa, 3 km seds.
3.81    1.5     2.5     4.0     6.2     6.6     7.1     8.2
1.94    0       1.2     2.1     3.6     3.7     3.9     4.7
0.92    1.02    2.1     2.4     2.8     2.9     3.05    3.4
0.0     0.0     1.0     2.0     15      15      15          48
H6      early/mid  Proter., U.S., 1.5 km seds.
3.81    1.5     2.5     4.0     6.2     6.6     7.1     8.2
1.94    0       1.2     2.1     3.6     3.7     3.9     4.7
0.92    1.02    2.1     2.4     2.8     2.9     3.05    3.4
0.0     0.0     1.0     0.5     17      17      16          51.5
H7      early/mid  Proter. shield, Austr., 1.5 km seds.
3.81    1.5     2.5     4.0     6.2     6.6     7.1     8.2
1.94    0       1.2     2.1     3.6     3.7     3.9     4.7
0.92    1.02    2.1     2.4     2.8     2.9     3.05    3.4
0.0     0.0     1       0.5     12      12      12.5        38
H8      early/mid  Proter. shield, Austr., 3 km seds.
3.81    1.5     2.5     4.0     6.2     6.6     7.1     8.2
1.94    0       1.2     2.1     3.6     3.7     3.9     4.7
0.92    1.02    2.1     2.4     2.8     2.9     3.05    3.4
0.0     0.0     1.0     2.0     11      12      12          38
H9      thin early/mid  Proter., no seds.
3.81    1.5     2.5     4.0     6.2     6.6     7.1     8.2
1.94    0       1.2     2.1     3.6     3.7     3.9     4.7
0.92    1.02    2.1     2.4     2.8     2.9     3.05    3.4
0.0     0.0     0       0       12      12      11          35
HA      early/mid  Proter. shield, Austr., 0.5 km seds.
3.81    1.5     2.5     4.0     6.2     6.6     7.1     8.2
1.94    0       1.2     2.1     3.6     3.7     3.9     4.7
0.92    1.02    2.1     2.4     2.8     2.9     3.05    3.4
0.0     0.0     0.5     0.0     12      12.5    13          38
HB    early/mid  Proter. shield, Austr., 4 km seds.
3.81  1.5   2.5   4.1   6.2   6.6   7.1   8.2
1.94  0     1.2   2.1   3.6   3.7   3.9   4.7
0.92  1.02  2.1   2.4   2.8   2.9   3.05  3.4
0.0   0.0   1.0   3.0   11    11    12          38
HC    early/mid  Proter. shield, Austr., 3 km seds.
3.81  1.5   2.5   4.0   6.2   6.6   7.1   8.2
1.94  0     1.2   2.1   3.6   3.7   3.9   4.7
0.92  1.02  2.1   2.4   2.8   2.9   3.05  3.4
0.0   0.0   1.0   2.0   13    13    14          43
HD      early/mid  Proter., U.S., 4.0 km seds.
3.81    1.5     2.5     4.0     6.2     6.6     7.1     8.2
1.94    0       1.2     2.1     3.6     3.7     3.9     4.7
0.92    1.02    2.1     2.4     2.8     2.9     3.05    3.4
0.0     0.0     1.0     3.0     15      15      16          50
I1    late Proter., no seds.
3.81  1.5   2.5   4     6.2   6.6   7.2   8.2
1.94  0.0   1.2   2.1   3.6   3.7   4.0   4.7
0.92  1.02  2.1   2.4   2.8   2.9   3.1   3.4
0     0     0     0     15    15    13          43
I2    late Proter., 1 km seds.
3.81  1.5   2.5   4     6.2   6.6   7.3   8.2
1.94  0     1.2   2.1   3.6   3.7   4     4.7
0.92  1.02  2.1   2.4   2.8   2.9   3.1   3.4
0     0     1.0   0     13    12    12          38
I3    late Proter., 3.5 km seds.
3.81  1.5   2.5   4     6.2   6.6   7.3   8.2
1.94  0     1.2   2.1   3.6   3.7   4     4.7
0.92  1.02  2.1   2.4   2.8   2.9   3.1   3.4
0     0     1     2.5   13    12    12.5        41
I4    late Proter., 2 km seds.
3.81  1.5   2.5   4     6.2   6.6   7.3   8.2
1.94  0     1.2   2.1   3.6   3.7   4     4.7
0.92  1.02  2.1   2.4   2.8   2.9   3.1   3.4
0     0     1     1     13    12    12          39
I5    late Proter., 5 km seds.
3.81  1.5   2.5   4.1   6.2   6.6   7.3   8.2
1.94  0     1.2   2.2   3.6   3.7   4     4.7
0.92  1.02  2.1   2.4   2.8   2.9   3.1   3.4
0     0     1     4     13    12    12          42
I6    late Proter., 6 km seds.
3.81  1.5   2.5   4.2   6.2   6.6   7.3   8.2
1.94  0     1.2   2.4   3.6   3.7   4     4.7
0.92  1.02  2.1   2.4   2.8   2.9   3.1   3.4
0     0     1.5         4.5   12    12    12          42
I7    late Proter., 1 km seds.
3.81  1.5   2.5   4     6.2   6.6   7.3   8.2
1.94  0     1.2   2.1   3.6   3.7   4     4.7
0.92  1.02  2.1   2.4   2.8   2.9   3.1   3.4
0     0     1     0     13    14    14          42
I8    late Proter., 7 km seds.
3.81  1.5   2.5   4.4   6.2   6.6   7.3   8.2
1.94  0     1.2   2.5   3.6   3.7   4     4.7
0.92  1.02  2.1   2.5   2.8   2.9   3.1   3.4
0     0     1.5         5.5   13    12    11          43
I9    late Proter.., 9 km seds.
3.81  1.5   2.5   4.9   6.2   6.6   7.3   8.2
1.94  0     1.2   2.8   3.6   3.7   4     4.7
0.92  1.02  2.1   2.6   2.8   2.9   3.1   3.4
0     0     1.5         7.5   11    12    12          44
IA    thin late Proter., 3.5 km seds.
3.81  1.5   2.5   4     6.2   6.6   7.3   8.2
1.94  0     1.2   2.1   3.6   3.7   4     4.7
0.92  1.02  2.1   2.4   2.8   2.9   3.1   3.4
0     0     1     2.5   11    10    11.5        36
IB    thin late Proter., 2 km seds.
3.81  1.5   2.5   4     6.2   6.6   7.3   8.2
1.94  0     1.2   2.1   3.6   3.7   4     4.7
0.92  1.02  2.1   2.4   2.8   2.9   3.1   3.4
0     0     1     1     11    11    10          34
IC    thin late Proter., 7 km seds.
3.81  1.5   2.5   4.4   6.2   6.6   7.3   8.2
1.94  0     1.2   2.5   3.6   3.7   4     4.7
0.92  1.02  2.1   2.5   2.8   2.9   3.1   3.4
0     0     1.5         5.5   10    10    9           36
ID    late Proter., 5 km seds.
3.81  1.5   2.5   4.1   6.2   6.6   7.3   8.2
1.94  0     1.2   2.2   3.6   3.7   4     4.7
0.92  1.02  2.1   2.4   2.8   2.9   3.1   3.4
0     0     1     4     11    10    10          36
IE    late Proter., no seds.
3.81  1.5   2.5   4     6.2   6.6   7.2   8.2
1.94  0.0   1.2   2.1   3.6   3.7   4.0   4.7
0.92  1.02  2.1   2.4   2.8   2.9   3.1   3.4
0     0     0     0     12    13    11          36
IF    thin late Proter., 1 km seds.
3.81  1.5   2.5   4     6.2   6.6   7.2   8.2
1.94  0.0   1.2   2.1   3.6   3.7   4.0   4.7
0.92  1.02  2.1   2.4   2.8   2.9   3.1   3.4
0     0     1     0     11    10    10          32
IG    very thin late Proter., no seds.
3.81  1.5   2.5   4     6.2   6.6   7.2   8.2
1.94  0.0   1.2   2.1   3.6   3.7   4.0   4.7
0.92  1.02  2.1   2.4   2.8   2.9   3.1   3.4
0     0     0     0     8     8     7           23
IH    thin late Proter., 3.5 km seds.
3.81  1.5   2.5   4     6.2   6.6   7.2   8.2
1.94  0.0   1.2   2.1   3.6   3.7   4.0   4.7
0.92  1.02  2.1   2.4   2.8   2.9   3.1   3.4
0     0     1     2.5   10    9.5   9           32
IJ    very thin late Proter., 2 km seds.
3.81  1.5   2.5   4     6.2   6.6   7.3   8.2
1.94  0     1.2   2.1   3.6   3.7   4     4.7
0.92  1.02  2.1   2.4   2.8   2.9   3.1   3.4
0     0     1     1     8     8     9           27
IK    thin late Proter., 1 km seds.
3.81  1.5   2.5   4     6.2   6.6   7.2   8.2
1.94  0.0   1.2   2.1   3.6   3.7   4.0   4.7
0.92  1.02  2.1   2.4   2.8   2.9   3.1   3.4
0     0     1     0     12    11    11          35
IL    thin late Proter., 3.5 km seds.
3.81  1.5   2.5   4     6.2   6.6   7.2   8.2
1.94  0.0   1.2   2.1   3.6   3.7   4.0   4.7
0.92  1.02  2.1   2.4   2.8   2.9   3.1   3.4
0     0     1     2.5   10    10.5  10          34
IM    late Proter., 8 km seds.
3.81  1.5   2.5   4.5   6.2   6.6   7.3   8.2
1.94  0     1.2   2.6   3.6   3.7   4     4.7
0.92  1.02  2.1   2.5   2.8   2.9   3.1   3.4
0     0     1.5         6.5   12    10    10          40
IN    very thin late Proter., 3.5 km seds.
3.81  1.5   2.5   4     6.2   6.6   7.3   8.2
1.94  0     1.2   2.1   3.6   3.7   4     4.7
0.92  1.02  2.1   2.4   2.8   2.9   3.1   3.4
0     0     1     2.5   7     7.5   9           27
IO    late Proter., 0 km seds.
3.81  1.5   2.5   4     6.2   6.6   7.3   8.2
1.94  0     1.2   2.1   3.6   3.7   4     4.7
0.92  1.02  2.1   2.4   2.8   2.9   3.1   3.4
0     0     0     0     14    13    13          40
IP    late Proter., 2.5 km seds.
3.81  1.5   2.5   4     6.2   6.6   7.3   8.2
1.94  0     1.2   2.1   3.6   3.7   4     4.7
0.92  1.02  2.1   2.4   2.8   2.9   3.1   3.4
0     0     1     1.5   13    13    12.5        41
K1    forearc, New Zealand, 2 km seds.
3.81  1.5   2.5   4     6     6.6   7.2   8
1.94  0     1.2   2.1   3.5   3.7   4     4.6
0.92  1.02  2.1   2.4   2.7   2.90  3.05  3.3
0     0     1     1     16    8     9           35
K2    forearc, New Zealand, 0.7 km seds.
3.81  1.5   2.5   4     6     6.6   7.2   8
1.94  0     1.2   2.1   3.5   3.7   4     4.6
0.92  1.02  2.1   2.4   2.7   2.9   3.05  3.3
0     0     0.7   0.    14.3  9     11          35
K3    forearc, New Zealand, 3 km seds.
3.81  1.5   2.5   4     6     6.6   7.2   8
1.94  0     1.2   2.1   3.5   3.7   4     4.6
0.92  1.02  2.1   2.4   2.7   2.9   3.05  3.3
0     0     1     2     13    11    10          37
K4    forearc, New Zealand, 5 km seds.
3.81  1.5   2.5   4.1   6     6.6   7.2   8
1.94  0     1.2   2.2   3.5   3.7   4     4.6
0.92  1.02  2.1   2.4   2.7   2.9   3.05  3.3
0     0     1     4     11    7     9           32
L1    continental arc, Kamchatka, Cascades, 2 km seds.
3.81  1.5   2.5   4.0   6.0   6.6   7.2   8.0
1.94  0     1.2   2.1   3.5   3.7   4     4.6
0.92  1.02  2.1   2.4   2.7   2.9   3.1   3.35
0.0   0.0   1.0   1.0   10.0  17.0  12.0        41
L2    thin continental arc, Mexico, 2 km seds.
3.81  1.5   2.5   4.0   6.0   6.6   7.2   8.0
1.94  0     1.2   2.1   3.5   3.7   4     4.6
0.92  1.02  2.1   2.4   2.7   2.9   3.1   3.3
0.0   0.0   1.0   1.0   9.0   12.0  11.0        34
L3    continental arc, Southern Andes, 0.2 km seds.
3.81  1.5   2.5   4.0   6.0   6.6   7.2   8.0
1.94  0     1.2   2.1   3.5   3.7   4     4.6
0.92  1.02  2.1   2.4   2.7   2.9   3.1   3.35
0.0   0.0   0.2   0     10.8  17.0  12.0        40
L4    thin continental arc, Central America, 3.5 km seds.
3.81  1.5   2.5   4.0   6.0   6.6   7.2   8.0
1.94  0     1.2   2.1   3.5   3.7   4     4.6
0.92  1.02  2.1   2.4   2.7   2.9   3.1   3.3
0.0   0.0   1.0   2.5   8.0   10.0  10.0        31.5
L5    thick continental arc, Southern Andes, 2.0 km seds.
3.81  1.5   2.5   4.0   6.0   6.6   7.2   8.0
1.94  0     1.2   2.1   3.5   3.7   4     4.6
0.92  1.02  2.1   2.4   2.7   2.9   3.1   3.35
0.0   0.0   1.0   1.0   14.5  16.0  17.0        49.5
L6    continental arc, Cordilleras, 7.0 km seds.
3.81  1.5   2.5   4.4   6.0   6.6   7.2   8.0
1.94  0     1.2   2.5   3.5   3.7   4     4.6
0.92  1.02  2.1   2.5   2.7   2.9   3.1   3.35
0.0   0.0   1.5   5.5   9.0   9.0   10.0        35
L7    continental arc, Cordilleras, 5.0 km seds.
3.81  1.5   2.5   4.1   6.0   6.6   7.2   8.0
1.94  0     1.2   2.2   3.5   3.7   4     4.6
0.92  1.02  2.1   2.4   2.7   2.9   3.1   3.35
0.0   0.0   1.0   4      7.0   7.0   7.5        26.5
L8    thin continental arc, Cordilleras, 0.5 km seds.
3.81  1.5   2.5   4.1   6.0   6.6   7.2   8.0
1.94  0     1.2   2.2   3.5   3.7   4     4.6
0.92  1.02  2.1   2.4   2.7   2.9   3.1   3.35
0.0   0.0   0.5   0     10.5  11.0  12.0        34
L9    continental arc, Cordilleras, 5.0 km seds.
3.81  1.5   2.5   4.1   6.0   6.6   7.2   8.0
1.94  0     1.2   2.2   3.5   3.7   4     4.6
0.92  1.02  2.1   2.4   2.7   2.9   3.1   3.35
0.0   0.0   1.0   4     11.0  10.0  10.0        36
LA    very thin continental arc, Cordilleras, 1.0 km seds.
3.81  1.5   2.5   4.1   6.0   6.6   7.2   8.0
1.94  0     1.2   2.2   3.5   3.7   4     4.6
0.92  1.02  2.1   2.4   2.7   2.9   3.1   3.35
0.0   0.0   1.0   0     8.0   8.0   8.0         25.0
LB    thin continental arc, Central America, 3.5 km seds.
3.81  1.5   2.5   4.0   6.0   6.6   7.2   8.0
1.94  0     1.2   2.1   3.5   3.7   4     4.6
0.92  1.02  2.1   2.4   2.7   2.9   3.1   3.3
0.0   0.0   1.0   2.5   7.0   8.0   8.0         26.5
LC    continental arc, Cordilleras, 1.0 km seds.
3.81  1.5   2.5   4.0   6.0   6.6   7.2   8.0
1.94  0     1.2   2.1   3.5   3.7   4     4.6
0.92  1.02  2.1   2.4   2.7   2.9   3.1   3.35
0.0   0.0   1     0     10.0  14.0  12.0        37
LD    very thin continental arc, Cordilleras, 2.0 km seds.
3.81  1.5   2.5   4.1   6.0   6.6   7.2   8.0
1.94  0     1.2   2.2   3.5   3.7   4     4.6
0.92  1.02  2.1   2.4   2.7   2.9   3.1   3.35
0.0   0.0   2.0   0     8.0   9.0   9.0         28.0
LE    continental arc, Cordilleras, 6.0 km seds.
3.81  1.5   2.5   4.2   6.0   6.6   7.2   8.0
1.94  0     1.2   2.4   3.5   3.7   4     4.6
0.92  1.02  2.1   2.4   2.7   2.9   3.1   3.35
0.0   0.0   1.5   4.5   6.5   7.0   7.0         26.5
LF    continental arc, South America, 3 km seds.
3.81  1.5   2.5   4.0   6.0   6.6   7.2   8.0
1.94  0     1.2   2.1   3.5   3.7   4     4.6
0.92  1.02  2.1   2.4   2.7   2.9   3.1   3.35
0.0   0.0   1.0   2.0    9.0  11.0  11.0        34
M1    extended crust, 3 km seds.
3.81  1.5   2.5   4.4   6.1   6.3   6.6   8
1.94  0.0   1.2   2.5   3.5   3.6   3.6   4.6
0.92  1.02  2.1   2.5   2.75  2.8   2.9   3.3
0     0     1     2     8     10    10          31
M2    extended crust, 2 km seds.
3.81  1.5   2.5   4.4   6.1   6.3   6.6   8
1.94  0.0   1.2   2.5   3.5   3.6   3.6   4.6
0.92  1.02  2.1   2.5   2.75  2.8   2.9   3.3
0     0     1     1     9     10    10          31
M3    extended crust, 1.5 km seds.
3.81  1.5   2.5   4.4   6.1   6.3   6.6   8
1.94  0.0   1.2   2.5   3.5   3.6   3.6   4.6
0.92  1.02  2.1   2.5   2.75  2.8   2.9   3.3
0     0     1.0   0.5      9.5      10    10          31
M4    medium thick extended crust, 3 km seds.
3.81  1.5   2.5   4.4   6.1   6.3   6.6   8
1.94  0.0   1.2   2.5   3.5   3.6   3.6   4.6
0.92  1.02  2.1   2.5   2.75  2.8   2.9   3.3
0     0     1     2     10    11    11          35
M5    extended crust, 0.5 km seds.
3.81  1.5   2.5   4.4   6.1   6.3   6.6   8
1.94  0.0   1.2   2.5   3.5   3.6   3.6   4.6
0.92  1.02  2.1   2.5   2.75  2.8   2.9   3.3
0     0     0.5   0     10    10    10.5        31
M6    extended crust, 6 km seds.
3.81  1.5   2.5   4.4   6.1   6.3   6.6   8
1.94  0.0   1.2   2.6   3.5   3.6   3.6   4.6
0.92  1.02  2.1   2.5   2.75  2.8   2.9   3.3
0     0     1     5     8     8     9           31
M7    medium thick extended crust, 0.5 km seds.
3.81  1.5   2.5   4.4   6.1   6.3   6.6   8
1.94  0.0   1.2   2.5   3.5   3.6   3.6   4.6
0.92  1.02  2.1   2.5   2.75  2.8   2.9   3.3
0     0     0.5   0     11.5  11.5  11.5        35
M8    thick extended crust, 1.5 km seds.
3.81  1.5   2.5   4.4   6.1   6.3   6.6   8
1.94  0.0   1.2   2.5   3.5   3.6   3.6   4.6
0.92  1.02  2.1   2.5   2.75  2.8   2.9   3.3
0     0     1.0   0.5   11.5  12    12          37
M9    thick extended crust, 0.5 km seds.
3.81  1.5   2.5   4.4   6.1   6.3   6.6   8
1.94  0.0   1.2   2.5   3.5   3.6   3.6   4.6
0.92  1.02  2.1   2.5   2.75  2.8   2.9   3.3
0     0     0.5   0     12.5  13.5  13.5        40
MB    thick extended crust, 7 km seds.
3.81  1.5   2.5   4.6   6.1   6.3   6.6   8
1.94  0.0   1.2   2.6   3.5   3.6   3.6   4.6
0.92  1.02  2.1   2.5   2.75  2.8   2.9   3.3
0     0     1.5   6.5   11    11    11          41
MC    thick extended crust, 5.5 km seds.
3.81  1.5   2.5   4.5   6.1   6.3   6.6   8
1.94  0.0   1.2   2.6   3.5   3.6   3.6   4.6
0.92  1.02  2.1   2.5   2.75  2.8   2.9   3.3
0     0     1     4.5   11.5  11    12          40
MD    thin extended crust, 1.5 km seds.
3.81  1.5   2.5   4.4   6.1   6.3   6.6   8
1.94  0.0   1.2   2.5   3.5   3.6   3.6   4.6
0.92  1.02  2.1   2.5   2.75  2.8   2.9   3.3
0     0     1.0   0.5   11    11    11          34.5
ME    very thin extended crust, 1.5 km seds.
3.81  1.5   2.5   4.4   6.1   6.3   6.6   8
1.94  0.0   1.2   2.5   3.5   3.6   3.6   4.6
0.92  1.02  2.1   2.5   2.75  2.8   2.9   3.3
0     0     1.0   0.5   9     8.5   8.5         27.5
MF    thick extended crust, 1.5 km seds.
3.81  1.5   2.5   4.4   6.1   6.3   6.6   8
1.94  0.0   1.2   2.5   3.5   3.6   3.6   4.6
0.92  1.02  2.1   2.5   2.75  2.8   2.9   3.3
0     0     1     0.5   12.5  13    13          40
MG    very thin extended crust, 0.5 km seds.
3.81  1.5   2.5   4.4   6.1   6.3   6.6   8
1.94  0.0   1.2   2.5   3.5   3.6   3.6   4.6
0.92  1.02  2.1   2.5   2.75  2.8   2.9   3.3
0     0     0.5   0     9     9     9           27.5
MH    extended crust, 4 km seds.
3.81  1.5   2.5   4.4   6.1   6.3   6.6   8
1.94  0.0   1.2   2.5   3.5   3.6   3.6   4.6
0.92  1.02  2.1   2.5   2.75  2.8   2.9   3.3
0     0     1     3     8      9    10          31
N1    highly extended crust, 1 km ice, 0.5 km seds
3.81  1.5   3.8   4.7   6.1   6.3   6.6   7.9
1.94  0     2.1   2.7   3.5   3.6   3.6   4.5
0.92  1.02  2.3   2.5   2.75  2.8   2.9   3.25
1.0   0.0   0.5   0.0   9.0   8.0   8.0         26.5
N2    highly extended crust, 0.5 km ice
3.81  1.5   3.8   4.7   6.1   6.3   6.6   7.9
1.94  0     2.1   2.7   3.5   3.6   3.6   4.5
0.92  1.02  2.3   2.5   2.75  2.8   2.9   3.25
0.5   0.0   1.0   1.5   9.0   7.0   7.0         26
N3    highly extended crust, 1 km ice
3.81  1.5   3.8   4.7   6.1   6.3   6.6   7.9
1.94  0.0   2.1   2.7   3.5   3.6   3.6   4.5
0.92  1.02  2.3   2.5   2.75  2.8   2.9   3.25
1     0     1     1.5   9     7     7           26.5
N4    highly extended crust, 1.5 km ice
3.81  1.5   3.8   4.7   6.1   6.3   6.6   7.9
1.94  0     2.1   2.7   3.5   3.6   3.6   4.5
0.92  1.02  2.3   2.5   2.75  2.8   2.9   3.25
1.5   0     1     1.5   9     7     6           26
N5    highly extended crust, 2 km ice
3.81  1.5   3.8   4.7   6.1   6.3   6.6   7.9
1.94  0     2.1   2.7   3.5   3.6   3.6   4.5
0.92  1.02  2.3   2.5   2.75  2.8   2.9   3.25
2.0   0.0   1.0   1.5   9.0   7.0   6.0         26.5
N6    highly extended crust, 2.5 km ice
3.81  1.5   3.8   4.7   6.1   6.3   6.6   7.9
1.94  0.0   2.1   2.7   3.5   3.6   3.6   4.5
0.92  1.02  2.3   2.5   2.75  2.8   2.9   3.25
2.5   0     1     1.5   9     6     6           26
N7    highly extended crust, 3 km ice
3.81  1.5   3.8   4.7   6.1   6.3   6.6   7.9
1.94  0     2.1   2.7   3.5   3.6   3.6   4.5
0.92  1.02  2.3   2.5   2.75  2.8   2.9   3.25
3     0     1     1.5   9     6     6           26.5
N8    highly extended crust, 1.5 km ice
3.81  1.5   3.8   4.7   6.1   6.3   6.6   7.9
1.94  0     2.1   2.7   3.5   3.6   3.6   4.5
0.92  1.02  2.3   2.5   2.75  2.8   2.9   3.25
1.5   0     0.5   0     9     8     8           27.
NA    highly extended crust, 0.25 km ice, 0.5km sediments
3.81  1.5   3.8   4.7   6.1   6.3   6.6   7.9
1.94  0     2.1   2.7   3.5   3.6   3.6   4.5
0.92  1.02  2.3   2.5   2.75  2.8   2.9   3.25
0.25  0     0.5   0     8.5   8.5   8.75        26.5
NB    highly extended crust, 0.5 km ice, 0.5km sediments
3.81  1.5   3.8   4.7   6.1   6.3   6.6   7.9
1.94  0     2.1   2.7   3.5   3.6   3.6   4.5
0.92  1.02  2.3   2.5   2.75  2.8   2.9   3.25
0.5   0     0.5   0     8.5   8.5   9           27
NC    highly extended crust, 2 km ice, 0.5km sediments
3.81  1.5   3.8   4.7   6.1   6.3   6.6   7.9
1.94  0     2.1   2.7   3.5   3.6   3.6   4.5
0.92  1.02  2.3   2.5   2.75  2.8   2.9   3.25
2.0   0     0.5   0     8.    8.    8.          26.5
ND    highly extended crust, 2.5 km ice, 0.5km sediments
3.81  1.5   3.8   4.7   6.1   6.3   6.6   7.9
1.94  0     2.1   2.7   3.5   3.6   3.6   4.5
0.92  1.02  2.3   2.5   2.75  2.8   2.9   3.25
2.5   0     0.5   0     8.    8.    8           27
NE    highly extended crust, 2.5 km ice, 5.0km sediments
3.81  1.5   3.8   4.7   6.1   6.3   6.6   7.9
1.94  0     2.1   2.7   3.5   3.6   3.6   4.5
0.92  1.02  2.3   2.5   2.75  2.8   2.9   3.25
2.5   0     1.0   4     7.    6.5   6.5         27.5
NF    highly extended crust, 3.5 km ice
3.81  1.5   3.8   4.7   6.1   6.3   6.6   7.9
1.94  0     2.1   2.7   3.5   3.6   3.6   4.5
0.92  1.02  2.3   2.5   2.75  2.8   2.9   3.25
3.5   0     1     1.5   9     6     6           27.
NG    highly extended crust, 2.5 km ice
3.81  1.5   3.8   4.7   6.1   6.3   6.6   7.9
1.94  0.0   2.1   2.7   3.5   3.6   3.6   4.5
0.92  1.02  2.3   2.5   2.75  2.8   2.9   3.25
2.5   0     0.5   1.    9     7     6           26
NH    highly extended crust, 1.5 km ice
3.81  1.5   3.8   4.7   6.1   6.3   6.6   7.9
1.94  0     2.1   2.7   3.5   3.6   3.6   4.5
0.92  1.02  2.3   2.5   2.75  2.8   2.9   3.25
1.5   0     0.5   1.    9     8     6           26
NJ    highly extended crust, 2.0 km ice
3.81  1.5   3.8   4.7   6.1   6.3   6.6   7.9
1.94  0     2.1   2.7   3.5   3.6   3.6   4.5
0.92  1.02  2.3   2.5   2.75  2.8   2.9   3.25
2.0   0     0.5   1.    9     8     6           26.5
NK    highly extended crust, 2.5 km ice
3.81  1.5   3.8   4.7   6.1   6.3   6.6   7.9
1.94  0.0   2.1   2.7   3.5   3.6   3.6   4.5
0.92  1.02  2.3   2.5   2.75  2.8   2.9   3.25
2.5   0     0.5   3.    8     6     6           26
NL    highly extended crust, 3 km ice
3.81  1.5   3.8   4.7   6.1   6.3   6.6   7.9
1.94  0     2.1   2.7   3.5   3.6   3.6   4.5
0.92  1.02  2.3   2.5   2.75  2.8   2.9   3.25
3     0     1     2.5   8     6     6           26.5
P1    orogen/46km, Urals, Tethian Orogen, 2 km seds.
3.81  1.5   2.5   4     6.1   6.3   7.2   8
1.94  0     1.2   2.1   3.5   3.6   4     4.6
0.92  1.02  2.1   2.4   2.75  2.8   3.1   3.35
0     0     1     1     20    20    4           46
P2    orogen/38km, Alps and Foreland, 2 km seds.
3.81  1.5   2.5   4.0   6.1   6.3   7.2   8
1.94  0     1.2   2.1   3.5   3.6   4     4.6
0.92  1.02  2.1   2.4   2.75  2.8   3.1   3.3
0     0     1     1     14    15    7           38
P3    orogen/50km, Urals, Tethian Orogen, 6 km seds.
3.81  1.5   2.5   4.2   6.1   6.3   7.2   8
1.94  0     1.2   2.4   3.5   3.6   4     4.6
0.92  1.02  2.1   2.4   2.75  2.8   3.1   3.35
0     0     1.5   4.5   20    20    4           50
P4    orogen/50km, Urals, Tethian Orogen, Rockies 1 km seds.
3.81  1.5   2.5   4     6.1   6.3   7.2   8
1.94  0     1.2   2.1   3.5   3.6   4     4.6
0.92  1.02  2.1   2.4   2.75  2.8   3.1   3.35
0     0     1     0       20  20    9           50
P5    orogen/45km, Orogen, 4 km seds.
3.81  1.5   2.5   4.1   6.1   6.3   7.2   8
1.94  0     1.2   2.2   3.5   3.6   4     4.6
0.92  1.02  2.1   2.4   2.75  2.8   3.1   3.35
0     0     1     3       18  16    7           45
P6    orogen/43km, Orogen, 0.5 km seds.
3.81  1.5   2.5   4.0   6.1   6.3   7.2   8
1.94  0     1.2   2.1   3.5   3.6   4     4.6
0.92  1.02  2.1   2.4   2.75  2.8   3.1   3.35
0     0     0.5   0       18  16    8.5         43
P7    orogen/50km, Urals, Tethian Orogen, 3 km seds.
3.81  1.5   2.5   4.0   6.1   6.3   7.2   8
1.94  0     1.2   2.1   3.5   3.6   4     4.6
0.92  1.02  2.1   2.4   2.75  2.8   3.1   3.35
0     0     1.0   2.0   20    20    10          53
P8    orogen/46km, Orogen, 7 km seds.
3.81  1.5   2.5   4.4   6.1   6.3   7.2   8
1.94  0     1.2   2.6   3.5   3.6   4     4.6
0.92  1.02  2.1   2.5   2.75  2.8   3.1   3.35
0     0     1.5   5.5      15 15    7           44
P9    orogen/50km, Rockies, 4 km seds.
3.81  1.5   2.5   4.1   6.1   6.3   7.2   8
1.94  0     1.2   2.2   3.5   3.6   4     4.6
0.92  1.02  2.1   2.4   2.75  2.8   3.1   3.35
0     0     1.0   3.0   19    20    7           50
PA    thin orogen/38km, Urals, Tethian Orogen, 0.5 km seds.
3.81  1.5   2.5   4.0   6.1   6.3   7.2   8
1.94  0     1.2   2.1   3.5   3.6   4     4.6
0.92  1.02  2.1   2.4   2.75  2.8   3.1   3.35
0     0     0.5   0     13.5  14    10          38
PB    orogen/43km, Orogen, 2 km seds.
3.81  1.5   2.5   4.0   6.1   6.3   7.2   8
1.94  0     1.2   2.1   3.5   3.6   4     4.6
0.92  1.02  2.1   2.4   2.75  2.8   3.1   3.35
0     0     1     1       17  16    8           43
PC    orogen/45km, Orogen, 1 km seds.
3.81  1.5   2.5   4.0   6.1   6.3   7.2   8
1.94  0     1.2   2.1   3.5   3.6   4     4.6
0.92  1.02  2.1   2.4   2.75  2.8   3.1   3.35
0     0     1     0       18  17    9           45
PD    orogen/50km, Tibet, 2 km seds.
3.81  1.5   2.5   4.0   6.1   6.3   7.2   8
1.94  0     1.2   2.1   3.5   3.6   4     4.6
0.92  1.02  2.1   2.4   2.75  2.8   3.1   3.35
0     0     1.0   1.0   20    20    8           50
PE    orogen/50km, Tibet, 0.5 km seds.
3.81  1.5   2.5   4.0   6.1   6.3   7.2   8
1.94  0     1.2   2.1   3.5   3.6   4     4.6
0.92  1.02  2.1   2.4   2.75  2.8   3.1   3.35
0     0     0.5   0     20    20    9.5         50
PG    orogen/55km, Tibet, 2.5 km seds.
3.81  1.5   2.5   4.0   6.1   6.3   7.2   8
1.94  0     1.2   2.1   3.5   3.6   4     4.6
0.92  1.02  2.1   2.4   2.75  2.8   3.1   3.35
0     0     1.0   1.5   20.5  21    11          55
PH    orogen/46km, Orogen, 3.5 km seds.
3.81  1.5   2.5   4.0   6.1   6.3   7.2   8
1.94  0     1.2   2.1   3.5   3.6   4     4.6
0.92  1.02  2.1   2.4   2.75  2.8   3.1   3.35
0     0     1.5   2       17  16.5  9           46
PJ    orogen/55km, Tibet, 4.5 km seds.
3.81  1.5   2.5   4.1   6.1   6.3   7.2   8
1.94  0     1.2   2.1   3.5   3.6   4     4.6
0.92  1.02  2.1   2.4   2.75  2.8   3.1   3.35
0     0     1.0   3.5   20.5  20    10          55
PK    orogen/44km, Orogen, 6 km seds.
3.81  1.5   2.5   4.3   6.1   6.3   7.2   8
1.94  0     1.2   2.5   3.5   3.6   4     4.6
0.92  1.02  2.1   2.4   2.75  2.8   3.1   3.35
0     0     1.5   4.5      16 15    7           44
PL    orogen/48km, Orogen, 5.0 km seds.
3.81  1.5   2.5   4.1   6.1   6.3   7.2   8
1.94  0     1.2   2.2   3.5   3.6   4     4.6
0.92  1.02  2.1   2.4   2.75  2.8   3.1   3.35
0     0     1.5   3.5      17 17.   9           48
O1    Orogen/40 km 0.25 km ice
3.81  1.5   3.8   4.3   6.1   6.6   7.2   7.9
1.94  0     2.1   2.5   3.5   3.8   4     4.5
0.92  1.02  2.3   2.5   2.75  2.9   3.1   3.3
0.25  0     0.5   0     19    12    6.25        38
O2    Orogen/40 km 0.5 km ice
3.81  1.5   3.8   4.3   6.1   6.6   7.2   7.9
1.94  0     2.1   2.5   3.5   3.8   4     4.5
0.92  1.02  2.3   2.5   2.75  2.9   3.1   3.3
0.5   0     0.5   0     19    12    6           38
O3    Orogen/40 km 1 km ice
3.81  1.5   3.8   4.3   6.1   6.6   7.2   7.9
1.94  0     2.1   2.5   3.5   3.8   4     4.5
0.92  1.02  2.3   2.5   2.75  2.9   3.1   3.3
1     0     0.5   0     19    12    6           38.5
O4    Orogen/40 km 1.5 ice
3.81  1.5   3.8   4.3   6.1   6.6   7.2   7.9
1.94  0     2.1   2.5   3.5   3.8   4     4.5
0.92  1.02  2.3   2.5   2.75  2.9   3.1   3.3
1.5   0     0.5   0     19    12    6           39
O5    Orogen/40 km 2 km ice
3.81  1.5   3.8   4.3   6.1   6.6   7.2   7.9
1.94  0     2.1   2.5   3.5   3.8   4     4.5
0.92  1.02  2.3   2.5   2.75  2.9   3.1   3.3
2     0     0.5   0     19    12    5.5         39
O6    Orogen/40 km 2.5 ice
3.81  1.5   3.8   4.3   6.1   6.6   7.2   7.9
1.94  0     2.1   2.5   3.5   3.8   4     4.5
0.92  1.02  2.3   2.5   2.75  2.9   3.1   3.3
2.5   0     0.5   0     19    12    5.5         39.5
O7    Orogen/40 km 3 km ice
3.81  1.5   3.8   4.3   6.1   6.6   7.2   7.9
1.94  0     2.1   2.5   3.5   3.8   4     4.5
0.92  1.02  2.3   2.5   2.75  2.9   3.1   3.3
3     0     1     0     19    12    5           40
O9    Orogen/40 km 2 km ice, 2.5 km seds
3.81  1.5   3.8   4.3   6.1   6.6   7.2   7.9
1.94  0     2.1   2.5   3.5   3.8   4     4.5
0.92  1.02  2.3   2.5   2.75  2.9   3.1   3.3
2     0     0.5   2     18    12    5.5         40
OA    Orogen, km 0.5 km ice, 1 km seds
3.81  1.5   3.8   4.3   6.1   6.6   7.2   7.9
1.94  0     2.1   2.5   3.5   3.8   4     4.5
0.92  1.02  2.3   2.5   2.75  2.9   3.1   3.3
0.5   0     0.5   0.5   18.5  12    6           38
OB    Orogen, km 1 km ice, 1 km seds
3.81  1.5   3.8   4.3   6.1   6.6   7.2   7.9
1.94  0     2.1   2.5   3.5   3.8   4     4.5
0.92  1.02  2.3   2.5   2.75  2.9   3.1   3.3
1.0   0     0.5   0.5   18    12    6           38
OC    Orogen/40 km 3 km ice, 2.5 km seds
3.81  1.5   3.8   4.3   6.1   6.6   7.2   7.9
1.94  0     2.1   2.5   3.5   3.8   4     4.5
0.92  1.02  2.3   2.5   2.75  2.9   3.1   3.3
3     0     0.5   2     17.5  12    5           40
OF    Orogen/40 km 2.5 km ice, 1 km seds
3.81  1.5   3.8   4.3   6.1   6.6   7.2   7.9
1.94  0     2.1   2.5   3.5   3.8   4     4.5
0.92  1.02  2.3   2.5   2.75  2.9   3.1   3.3
2.5   0     1     0     19    12.5  5           40
OG    Orogen/40 km 3.0 ice, 0.5 km seds
3.81  1.5   3.8   4.3   6.1   6.6   7.2   7.9
1.94  0     2.1   2.5   3.5   3.8   4     4.5
0.92  1.02  2.3   2.5   2.75  2.9   3.1   3.3
3.0   0     0.5   0     19    12    5.5         40
OH    Orogen/40 km 2.5 km ice, 2.5 km seds
3.81  1.5   3.8   4.3   6.1   6.6   7.2   7.9
1.94  0     2.1   2.5   3.5   3.8   4     4.5
0.92  1.02  2.3   2.5   2.75  2.9   3.1   3.3
2.2   0     0.5   2     17.8  12    5.5         40
Q0    orogen/46km no ice, Rockies, Tarim Basin, 4 km seds.
3.81  1.5   2.5   4.1   6.1   6.6   7.2   7.9
1.94  0     1.1   2.2   3.5   3.8   4     4.5
0.92  1.02  2.1   2.4   2.75  2.9   3.1   3.3
0     0     1     3     22    16    4           46
Q1    orogen/39km no ice, Appalachians, North Andes
3.81  1.5   2.5   4.1   6.1   6.6   7.2   7.9
1.94  0     1.2   2.2   3.5   3.8   4     4.5
0.92  1.02  2.1   2.4   2.75  2.9   3.1   3.3
0     0     1     3     19    12    4           39
Q2    orogen/39km no ice, Appalachians, North Andes, 0.5 km seds.
3.81  1.5   2.5   4.1   6.1   6.6   7.2   7.9
1.94  0     1.2   2.2   3.5   3.8   4     4.5
0.92  1.02  2.1   2.4   2.75  2.9   3.1   3.3
0     0     0.5     0.0 19    12    7.5         39
Q3    orogen/43km no ice, Appalachians, 3 km seds.
3.81  1.5   2.5   4.1   6.1   6.6   7.2   7.9
1.94  0     1.2   2.2   3.5   3.8   4     4.5
0.92  1.02  2.1   2.4   2.75  2.9   3.1   3.3
0     0     1     2     18    14    8           43
Q4    orogen/43km no ice, Tethian Belt, 5 km seds.
3.81  1.5   2.5   4.2   6.1   6.6   7.2   7.9
1.94  0     1.2   2.4   3.5   3.8   4     4.5
0.92  1.02  2.1   2.4   2.75  2.9   3.1   3.3
0     0     1     4     16    14    8           43
Q5    orogen/36km no ice, Andes, 3 km seds.
3.81  1.5   2.5   4.1   6.1   6.6   7.2   7.9
1.94  0     1.2   2.2   3.5   3.8   4     4.5
0.92  1.02  2.1   2.4   2.75  2.9   3.1   3.3
0     0     1     2     13    13    7           36
Q6    orogen/41.5km no ice, cordilleras, 1.5 km seds.
3.81  1.5   2.5   4.1   6.1   6.6   7.2   7.9
1.94  0     1.2   2.2   3.5   3.8   4     4.5
0.92  1.02  2.1   2.4   2.75  2.9   3.1   3.3
0     0     1     0.5   14    14    12          41.5
Q7    orogen/32km no ice, Tethian Belt, 3 km seds.
3.81  1.5   2.5   4.2   6.1   6.6   7.2   7.9
1.94  0     1.2   2.4   3.5   3.8   4     4.5
0.92  1.02  2.1   2.4   2.75  2.9   3.1   3.3
0     0     1     2     12    11    6           32
Q8    orogen/36km no ice, Tethian Belt, 5 km seds.
3.81  1.5   2.5   4.2   6.1   6.6   7.2   7.9
1.94  0     1.2   2.4   3.5   3.8   4     4.5
0.92  1.02  2.1   2.4   2.75  2.9   3.1   3.3
0     0     1     4     13    11    7           36
Q9    orogen/41km no ice, cordilleras, 0.25 km seds.
3.81  1.5   2.5   4.1   6.1   6.6   7.2   7.9
1.94  0     1.2   2.2   3.5   3.8   4     4.5
0.92  1.02  2.1   2.4   2.75  2.9   3.1   3.3
0     0     0.25  0     14.75 14    12          41
QA    orogen/39km no ice, Cordilleras, 2.5 km seds.
3.81  1.5   2.5   4.1   6.1   6.6   7.2   7.9
1.94  0     1.2   2.2   3.5   3.8   4     4.5
0.92  1.02  2.1   2.4   2.75  2.9   3.1   3.3
0     0     0.5     2.0 17.5  12    7           39
R0    orogen/60km Tibet Transition, 1 km seds.
3.81  1.5   2.5   4     6     6.4   7.1   8
1.94  0     1.2   2.1   3.5   3.7   3.9   4.6
0.92  1.02  2.1   2.4   2.7   2.85  3.05  3.35
0     0     0.5   0.5   18    20    21          60
R1    orogen/70km Tibet, 1 km seds.
3.81  1.5   2.5   4     6     6.4   7.1   8
1.94  0     1.2   2.1   3.5   3.7   3.9   4.6
0.92  1.02  2.1   2.4   2.7   2.85  3.1   3.45
0     0     0.5   0.5   21    24    24          70
R2    orogen/65km Bolivia, 0.5 km seds.
3.81  1.5   2.5   4     6     6.4   7.1   8
1.94  0     1.2   2.1   3.5   3.7   3.9   4.6
0.92  1.02  2.1   2.4   2.7   2.85  3.1   3.45
0     0     0.5   0     20.5  22    22          65
R3    orogen/70km Chile, 1 km seds.
3.81  1.5   2.5   4     6     6.4   7.1   8
1.94  0     1.2   2.1   3.5   3.7   3.9   4.6
0.92  1.02  2.1   2.4   2.7   2.85  3.1   3.45
0     0     0.5   0.5   21    24    24          70
R4    orogen/55km Tibet Transition, 0 km seds.
3.81  1.5   2.5   4     6     6.4   7.1   8
1.94  0     1.2   2.1   3.5   3.7   3.9   4.6
0.92  1.02  2.1   2.4   2.7   2.85  3.1   3.45
0     0     0.0   0.0   19    18    18          55
R5    orogen/75km Tibet, 0 km seds.
3.81  1.5   2.5   4     6     6.4   7.1   8
1.94  0     1.2   2.1   3.5   3.7   3.9   4.6
0.92  1.02  2.1   2.4   2.7   2.85  3.1   3.45
0     0     0.0   0.0   25    25    25          75
R6    orogen/60km Tibet Transition, 3 km seds.
3.81  1.5   2.5   4.0   6     6.4   7.1   8
1.94  0     1.2   2.1   3.5   3.7   3.9   4.6
0.92  1.02  2.1   2.4   2.7   2.85  3.05  3.35
0     0     1     2     18    19    20          60
R7    orogen/70km Chile, 3 km seds.
3.81  1.5   2.5   4.0   6     6.4   7.1   8
1.94  0     1.2   2.1   3.5   3.7   3.9   4.6
0.92  1.02  2.1   2.4   2.7   2.85  3.1   3.45
0     0     1     2     21    23    23          70
R8    orogen/55km Andean Transition, 5 km seds.
3.81  1.5   2.5   4.2   6     6.4   7.1   8
1.94  0     1.2   2.4   3.5   3.7   3.9   4.6
0.92  1.02  2.1   2.4   2.7   2.85  3.1   3.45
0     0     1     4     16    17    17          55
R9    orogen/55km Tibet Transition, 1 km seds.
3.81  1.5   2.5   4     6     6.4   7.1   8
1.94  0     1.2   2.1   3.5   3.7   3.9   4.6
0.92  1.02  2.1   2.4   2.7   2.85  3.1   3.45
0     0     0.5   0.5   18    18    18          55
RA    orogen/65km Tibet, 1.0 km seds.
3.81  1.5   2.5   4     6     6.4   7.1   8
1.94  0     1.2   2.1   3.5   3.7   3.9   4.6
0.92  1.02  2.1   2.4   2.7   2.85  3.1   3.45
0     0     1.0   0     20.0  22    22          65
RB    orogen/60km Tibet Transition, 0 km seds.
3.81  1.5   2.5   4     6     6.4   7.1   8
1.94  0     1.2   2.1   3.5   3.7   3.9   4.6
0.92  1.02  2.1   2.4   2.7   2.85  3.05  3.35
0     0     0.0   0.0   20    20    20          60
RC    orogen/65km Tibet, 4.5 km seds.
3.81  1.5   2.5   4.2   6     6.4   7.1   8
1.94  0     1.2   2.4   3.5   3.7   3.9   4.6
0.92  1.02  2.1   2.4   2.7   2.85  3.1   3.45
0     0     1.0   3.5   20.0  20    20.5        65
RD    orogen/70km Tibet, no seds.
3.81  1.5   2.5   4     6     6.4   7.1   8
1.94  0     1.2   2.1   3.5   3.7   3.9   4.6
0.92  1.02  2.1   2.4   2.7   2.85  3.1   3.45
0     0     0     0     22    24    24          70
RE    orogen/60km Tibet, 2.5 km seds.
3.81  1.5   2.5   4     6     6.4   7.1   8
1.94  0     1.2   2.1   3.5   3.7   3.9   4.6
0.92  1.02  2.1   2.4   2.7   2.85  3.1   3.45
0     0     1.0   1.5   18.5  19    20          60
T4    Margin /shield  transition, East Siberia, 2 km seds.
3.81  1.5   2.5   4     6     6.6   7.2   8.2
1.94  0     1.2   2.1   3.4   3.7   4     4.7
0.92  1.02  2.1   2.4   2.7   2.9   3.1   3.4
0     0     1     1     10    10    10          32
T5    Margin /shield  transition, 5 km seds.
3.81  1.5   2.5   4.1   6     6.6   7.2   8.2
1.94  0     1.2   2.2   3.4   3.7   4     4.7
0.92  1.02  2.1   2.4   2.7   2.9   3.1   3.4
0     0     1     4     9     9     9           32
T6    Margin /shield  transition, 1 km seds.
3.81  1.5   2.5   4     6     6.6   7.2   8.2
1.94  0     1.2   2.1   3.4   3.7   4     4.7
0.92  1.02  2.1   2.4   2.7   2.9   3.1   3.4
0     0     1.0     0   10    11    10          32
T7    Margin /shield  transition, 3.5 km seds.
3.81  1.5   2.5   4     6     6.6   7.2   8.2
1.94  0     1.2   2.1   3.4   3.7   4     4.7
0.92  1.02  2.1   2.4   2.7   2.9   3.1   3.4
0     0     1       2.5 9     9.5   10          32
T8    Margin /shield  transition, 8.0 km seds.
3.81  1.5   2.5   4.5   6     6.6   7.2   8.2
1.94  0     1.2   2.7   3.4   3.7   4     4.7
0.92  1.02  2.1   2.5   2.7   2.9   3.1   3.4
0     0     1.5     6.5       8     8     8           32
T9    thin Margin /shield  transition, 1 km seds.
3.81  1.5   2.5   4     6     6.6   7.2   8.2
1.94  0     1.2   2.1   3.4   3.7   4     4.7
0.92  1.02  2.1   2.4   2.7   2.9   3.1   3.4
0     0     1.0     0   8     9     9           27
TA    thin Margin /shield  transition, 2 km seds.
3.81  1.5   2.5   4     6     6.6   7.2   8.2
1.94  0     1.2   2.1   3.4   3.7   4     4.7
0.92  1.02  2.1   2.4   2.7   2.9   3.1   3.4
0     0     1.0     1   8     8     9           27
TB    Margin /shield  transition, 6 km seds.
3.81  1.5   2.5   4.2   6     6.6   7.2   8.2
1.94  0     1.2   2.4   3.4   3.7   4     4.7
0.92  1.02  2.1   2.4   2.7   2.9   3.1   3.4
0     0     1.5   4.5   8     8     8           30
TC    thick Margin /shield  transition, East Siberia, 2 km seds.
3.81  1.5   2.5   4     6     6.6   7.2   8.2
1.94  0     1.2   2.1   3.4   3.7   4     4.7
0.92  1.02  2.1   2.4   2.7   2.9   3.1   3.4
0     0     1     1     11    11    11          35
TD    thick Margin /shield  transition, East Siberia, 3.5 km seds.
3.81  1.5   2.5   4     6     6.6   7.2   8.2
1.94  0     1.2   2.1   3.4   3.7   4     4.7
0.92  1.02  2.1   2.4   2.7   2.9   3.1   3.4
0     0     1     2.5   10    10.5  11          35
TE    thick Margin /shield  transition, East Siberia, 5.5 km seds.
3.81  1.5   2.5   4.1   6     6.6   7.2   8.2
1.94  0     1.2   2.2   3.4   3.7   4     4.7
0.92  1.02  2.1   2.4   2.7   2.9   3.1   3.4
0     0     1     4.5   9     10    10.5        35
TF    thick Margin /shield  transition, East Siberia, 7.5 km seds.
3.81  1.5   2.5   4.4   6     6.6   7.2   8.2
1.94  0     1.2   2.5   3.4   3.7   4     4.7
0.92  1.02  2.1   2.5   2.7   2.9   3.1   3.4
0     0     1.5   6     9     9     9.5         35
TG    thick Margin /shield  transition, East Siberia, 10 km seds.
3.81  1.5   2.5   4.9   6     6.6   7.2   8.2
1.94  0     1.2   2.8   3.4   3.7   4     4.7
0.92  1.02  2.1   2.6   2.7   2.9   3.1   3.4
0     0     1.5   8.5   8     8     9           35
TH    Margin /shield  transition, 0.5 km seds.
3.81  1.5   2.5   4     6     6.6   7.2   8.2
1.94  0     1.2   2.1   3.4   3.7   4     4.7
0.92  1.02  2.1   2.4   2.7   2.9   3.1   3.4
0     0     0.5     0   10    11    10.5        32
TJ    thin Margin /shield  transition, 0 km seds.
3.81  1.5   2.5   4     6     6.6   7.2   8.2
1.94  0     1.2   2.1   3.4   3.7   4     4.7
0.92  1.02  2.1   2.4   2.7   2.9   3.1   3.4
0     0     0.0     0   8     8     8           24
U2    Margin/Shield 0.5 km ice, 2 km seds.
3.81  1.5   3.8   4     6     6.6   7.2   8.2
1.94  0     2.1   2.1   3.4   3.7   4     4.7
0.92  1.02  2.3   2.4   2.7   2.9   3.1   3.4
0.5   0     1     1     9     8     8           27.5
U3    Margin/Shield 1.5 km ice, 1 km seds.
3.81  1.5   3.8   4.1   6     6.6   7.2   8.2
1.94  0     2.1   2.2   3.4   3.7   4     4.7
0.92  1.02  2.3   2.5   2.7   2.9   3.1   3.4
1.5   0     0.5   0.5   10    10    10.5        33
U5    Margin/Shield 0.5 km ice, 1 km seds.
3.81  1.5   3.8   4.2   6     6.6   7.2   8.2
1.94  0     2.1   2.4   3.4   3.7   4     4.7
0.92  1.02  2.3   2.4   2.7   2.9   3.1   3.4
0.5   0     0.5     0.5 9     8.5   8           27.
U6    Margin/Shield 0.5 km ice, 3.5 km seds.
3.81  1.5   3.8   4     6     6.6   7.2   8.2
1.94  0     2.1   2.1   3.4   3.7   4     4.7
0.92  1.02  2.3   2.4   2.7   2.9   3.1   3.4
0.5   0     0.5   3.0   7.5   7.5   8           27.
U7    Margin/Shield 1 km ice, 1 km seds.
3.81  1.5   3.8   4.2   6     6.6   7.2   8.2
1.94  0     2.1   2.4   3.4   3.7   4     4.7
0.92  1.02  2.3   2.4   2.7   2.9   3.1   3.4
1.0   0     0.5       0.5     8.5   8.5   8           27.
U8    Margin/Shield 0.5 km ice, 2.5 km seds.
3.81  1.5   3.8   4     6     6.6   7.2   8.2
1.94  0     2.1   2.1   3.4   3.7   4     4.7
0.92  1.02  2.3   2.4   2.7   2.9   3.1   3.4
0.5   0     0.5   2.0   8.    8.    8           27.
U9    Margin/Shield 0.5 km ice, 0.5 km seds.
3.81  1.5   3.8   4.2   6     6.6   7.2   8.2
1.94  0     2.1   2.4   3.4   3.7   4     4.7
0.92  1.02  2.3   2.4   2.7   2.9   3.1   3.4
0.5   0     0.5       0.      8.5   8.5   9           27.
UA    Margin/Shield 1. km ice, 0.5 km seds.
3.81  1.5   3.8   4.2   6     6.6   7.2   8.2
1.94  0     2.1   2.4   3.4   3.7   4     4.7
0.92  1.02  2.3   2.4   2.7   2.9   3.1   3.4
1.0   0     0.5       0.      8.5   8.    9.0         27.
UB    Margin/Shield 0.5 km ice, 1 km seds.
3.81  1.5   3.8   4.1   6     6.6   7.2   8.2
1.94  0     2.1   2.2   3.4   3.7   4     4.7
0.92  1.02  2.3   2.5   2.7   2.9   3.1   3.4
0.5   0     0.5   0.5   10    10    10.5        32
UC    Margin/Shield 1 km ice, 1 km seds.
3.81  1.5   3.8   4.1   6     6.6   7.2   8.2
1.94  0     2.1   2.2   3.4   3.7   4     4.7
0.92  1.02  2.3   2.5   2.7   2.9   3.1   3.4
1.0   0     0.5   0.5   10    10    10.         32
X1    Rift, Rio Grande, Baikal, 2km sediments
3.81  1.5   2.5   4     6     6.6   7.2   8
1.94  0     1.2   2.1   3.5   3.7   4     4.5
0.92  1.02  2.1   2.4   2.7   2.9   3.1   3.3
0     0     1     1     12    9     10          33
X2    Rift, Rio Grande, Baikal, 0.5km sediments
3.81  1.5   2.5   4     6     6.6   7.2   8
1.94  0     1.2   2.1   3.5   3.7   4     4.5
0.92  1.02  2.1   2.4   2.7   2.9   3.1   3.3
0     0     0.5   0     12    10.5  10          33
X3    thin Rift, Rio Grande, Baikal, 0.25km sediments
3.81  1.5   2.5   4     6     6.6   7.2   8
1.94  0     1.2   2.1   3.5   3.7   4     4.5
0.92  1.02  2.1   2.4   2.7   2.9   3.1   3.3
0     0     0.25  0     9     8.75  9           27
X4    very thin Afar Rift 0.75 km sediments
3.81  1.5   2.5   4     6     6.6   7.2   8
1.94  0     1.2   2.1   3.5   3.7   4     4.5
0.92  1.02  2.1   2.4   2.7   2.9   3.1   3.3
0     0     0.75  0     6.25  5     5           17
X5    thick Rift 0.25 km sediments
3.81  1.5   2.5   4     6     6.6   7.2   8
1.94  0     1.2   2.1   3.5   3.7   4     4.5
0.92  1.02  2.1   2.4   2.7   2.9   3.1   3.3
0     0     0.25  0     12    12    13.75       38
X6    thick Rift 2 km sediments
3.81  1.5   2.5   4     6     6.6   7.2   8
1.94  0     1.2   2.1   3.5   3.7   4     4.5
0.92  1.02  2.1   2.4   2.7   2.9   3.1   3.3
0     0     1     1     12    12    12          38
X7    Rift, Rio Grande, Baikal, 3km sediments
3.81  1.5   2.5   4     6     6.6   7.2   8
1.94  0     1.2   2.1   3.5   3.7   4     4.5
0.92  1.02  2.1   2.4   2.7   2.9   3.1   3.3
0     0     1     2     11    9     10          33
Z1    Phanerozoic, 1 km seds.
3.81  1.5   2.5   4     6.1   6.6   7.2   8
1.94  0     1.2   2.1   3.5   3.7   4     4.6
0.92  1.02  2.1   2.4   2.75  2.9   3.1   3.3
0     0     1.0   0     12    12    12          37
Z2    Phanerozoic, 0.5 km seds.
3.81  1.5   2.5   4     6.1   6.6   7.2   8
1.94  0     1.2   2.1   3.5   3.7   4     4.6
0.92  1.02  2.1   2.4   2.75  2.9   3.1   3.3
0     0     0.5   0.    12    12    12          36.5
Z3    Phanerozoic, 2 km seds.
3.81  1.5   2.5   4     6.1   6.6   7.2   8
1.94  0     1.2   2.1   3.5   3.7   4     4.6
0.92  1.02  2.1   2.4   2.75  2.9   3.1   3.35
0     0     1     1     12    12    12          38
Z4    Phanerozoic, 4 km seds.
3.81  1.5   2.5   4.1   6.1   6.6   7.2   8
1.94  0     1.2   2.2   3.5   3.7   4     4.6
0.92  1.02  2.1   2.4   2.75  2.9   3.1   3.3
0     0     1     3     11    11    11          37
Z5    Phanerozoic, 5.5 km seds.
3.81  1.5   2.5   4.2   6.1   6.6   7.2   8
1.94  0     1.2   2.3   3.5   3.7   4     4.6
0.92  1.02  2.1   2.4   2.75  2.9   3.1   3.3
0     0     1.5         4     10.5  11    11          38
Z6    thick Phanerozoic, 1 km seds.
3.81  1.5   2.5   4     6.1   6.6   7.2   8
1.94  0     1.2   2.1   3.5   3.7   4     4.6
0.92  1.02  2.1   2.4   2.75  2.9   3.1   3.3
0     0     1.0   0     13    14    14          42
Z7    thin Phanerozoic, 1.0 km seds.
3.81  1.5   2.5   4     6.1   6.6   7.2   8
1.94  0     1.2   2.1   3.5   3.7   4     4.6
0.92  1.02  2.1   2.4   2.75  2.9   3.1   3.3
0     0     1.0   0.    10    10    9           30.
Z8    thick Phanerozoic, 0.0 km seds.
3.81  1.5   2.5   4     6.1   6.6   7.2   8
1.94  0     1.2   2.1   3.5   3.7   4     4.6
0.92  1.02  2.1   2.4   2.75  2.9   3.1   3.3
0     0     0.0   0.0   15    15    15          45.
Z9    thin Phanerozoic, 2.0 km seds.
3.81  1.5   2.5   4     6.1   6.6   7.2   8
1.94  0     1.2   2.1   3.5   3.7   4     4.6
0.92  1.02  2.1   2.4   2.75  2.9   3.1   3.3
0     0     1.0   1.    10    9     9           30.
ZA    thick Phanerozoic, 0.5 km seds.
3.81  1.5   2.5   4     6.1   6.6   7.2   8
1.94  0     1.2   2.1   3.5   3.7   4     4.6
0.92  1.02  2.1   2.4   2.75  2.9   3.1   3.3
0     0     0.5   0     13.5  14    14          42
ZB    Phanerozoic, 2 km seds.
3.81  1.5   2.5   4     6.1   6.6   7.2   8
1.94  0     1.2   2.1   3.5   3.7   4     4.6
0.92  1.02  2.1   2.4   2.75  2.9   3.1   3.35
0     0     1     1     11    11    10          34
ZC    Phanerozoic, 3 km seds.
3.81  1.5   2.5   4     6.1   6.6   7.2   8
1.94  0     1.2   2.1   3.5   3.7   4     4.6
0.92  1.02  2.1   2.4   2.75  2.9   3.1   3.35
0     0     1     2     11    12    11          37
A0    normal oceanic, 0.15 km seds.
3.81  1.5   1.8   3.2   5.0   6.6   7.1   8.15
1.94  0     0.8   1.6   2.5   3.65  3.9   4.65
0.92  1.02  1.7   2.3   2.6   2.9   3.05  3.35
0     5     0.15  0     1.7   2.3   2.5         11.65
A1    normal oceanic 0.5 km seds.
3.81  1.5   1.9   3.2   5.0   6.6   7.1   8.15
1.94  0     0.9   1.6   2.5   3.65  3.9   4.65
0.92  1.02  1.9   2.3   2.6   2.9   3.05  3.35
0     5     0.5   0     1.7   2.3   2.5         12
A2    normal oceanic 1 km seds.
3.81  1.5   2.1   3.2   5.0   6.6   7.1   8.15
1.94  0     1.0   1.6   2.5   3.65  3.9   4.65
0.92  1.02  2.1   2.3   2.6   2.9   3.05  3.35
0     5     1     0     1.7   2.3   2.5         12.5
A3    normal oceanic 2 km seds.
3.81  1.5   2.3   3.2   5.0   6.6   7.1   8.15
1.94  0     1.1   1.6   2.5   3.65  3.9   4.65
0.92  1.02  2.2   2.3   2.6   2.9   3.05  3.35
0     5     1.5   0.5   1.7   2.3   2.5         13.5
A4    normal oceanic 3 km seds.
3.81  1.5   2.3   3.2   5.0   6.6   7.1   8.15
1.94  0     1.1   1.6   2.5   3.65  3.9   4.65
0.92  1.02  2.2   2.3   2.6   2.9   3.05  3.35
0     5     1.5   1.5   1.7   2.3   2.5         14.5
A5    normal oceanic 4 km seds.
3.81  1.5   2.3   3.3   5.0   6.6   7.1   8.15
1.94  0     1.1   1.7   2.5   3.65  3.9   4.65
0.92  1.02  2.2   2.3   2.6   2.9   3.05  3.35
0     5     1.5   2.5   1.7   2.3   2.5         15.5
A6    normal oceanic 5 km seds.
3.81  1.5   2.3   3.5   5.0   6.6   7.1   8.15
1.94  0     1.2   1.8   2.5   3.65  3.9   4.65
0.92  1.02  2.2   2.3   2.6   2.9   3.05  3.35
0     5     1.5   3.5   1.7   2.3   2.5         16.5
A7    normal oceanic 6 km seds.
3.81  1.5   2.3   3.8   5.0   6.6   7.1   8.15
1.94  0     1.2   2.0   2.5   3.65  3.9   4.65
0.92  1.02  2.2   2.4   2.6   2.9   3.05  3.35
0     5     1.5   4.5   1.7   2.3   2.5         17.5
A8    normal oceanic 7 km seds.
3.81  1.5   2.3   4.1   5.0   6.6   7.1   8.15
1.94  0     1.2   2.2   2.5   3.65  3.9   4.65
0.92  1.02  2.2   2.5   2.6   2.9   3.05  3.35
0     5     1.5   5.5   1.7   2.3   2.5         18.5
A9    normal oceanic 9 km seds.
3.81  1.5   2.3   4.5   5.0   6.6   7.1   8.15
1.94  0     1.2   2.5   2.5   3.65  3.9   4.65
0.92  1.02  2.2   2.6   2.6   2.9   3.05  3.35
0     5     1.5   7.5   1.7   2.3   2.5         20.5
AA    normal oceanic 10 km seds.
3.81  1.5   2.3   4.7   5.0   6.6   7.1   8.15
1.94  0     1.2   2.6   2.5   3.65  3.9   4.65
0.92  1.02  2.2   2.6   2.6   2.9   3.05  3.35
0     5     1.5   8.5   1.7   2.3   2.5         21.5
AB    normal oceanic 13 km seds.
3.81  1.5   2.3   4.9   5.0   6.6   7.1   8.15
1.94  0     1.2   2.7   2.5   3.65  3.9   4.65
0.92  1.02  2.2   2.6   2.6   2.9   3.05  3.35
0     5     1.5   11.5  1.7   2.3   2.5         24.5
AC    normal oceanic 8 km seds.
3.81  1.5   2.3   4.3   5.0   6.6   7.1   8.15
1.94  0     1.2   2.3   2.5   3.65  3.9   4.65
0.92  1.02  2.2   2.5   2.6   2.9   3.05  3.35
0     5     1.5   6.5   1.7   2.3   2.5         19.5
B0    melt affected o.c. and oceanic plateaus, 0.20 km seds.
3.81  1.5   1.8   3.2   5.0   6.6   7.1   8.15
1.94  0     0.8   1.6   2.5   3.65  3.9   4.65
0.92  1.02  1.7   2.3   2.6   2.9   3.05  3.35
0     5     0.20  0     2.7   3.3   4.5         15.70
B1    melt affected o.c. and oceanic plateaus, 0.5 km seds.
3.81  1.5   1.9   3.2   5.0   6.6   7.1   8.15
1.94  0     0.9   1.6   2.5   3.65  3.9   4.65
0.92  1.02  1.9   2.3   2.6   2.9   3.05  3.35
0     5     0.5   0     2.7   3.3   4.5         16
B2    melt affected o.c. and oceanic plateaus, 1 km seds.
3.81  1.5   2.2   3.2   5.0   6.6   7.1   8.15
1.94  0     1.1   1.6   2.5   3.65  3.9   4.65
0.92  1.02  2.2   2.3   2.6   2.9   3.05  3.35
0     5     1     0     2.7   3.3   4.5         16.5
B3    melt affected o.c. and oceanic plateaus, 2 km seds.
3.81  1.5   2.3   3.2   5.0   6.6   7.1   8.15
1.94  0     1.2   1.6   2.5   3.65  3.9   4.65
0.92  1.02  2.2   2.3   2.6   2.9   3.05  3.35
0     5     1.5   0.5   2.7   3.3   4.5         17.5
B4    melt affected o.c. and oceanic plateaus, 3.5 km seds.
3.81  1.5   2.3   3.2   5.0   6.6   7.1   8.15
1.94  0     1.2   1.6   2.5   3.65  3.9   4.65
0.92  1.02  2.2   2.3   2.6   2.9   3.05  3.35
0     5     1.5   2.0   2.7   3.3   4.5         19
B5    thick melt affected o.c., no seds.
3.81  1.5   1.8   3.2   5.0   6.6   7.1   8.15
1.94  0     0.8   1.6   2.5   3.65  3.9   4.65
0.92  1.02  1.7   2.3   2.6   2.9   3.05  3.35
0     5     0     0     5.7   6.3   6.5         23.5
B6    thick melt affected o.c., 0.5 km seds.
3.81  1.5   1.9   3.2   5.0   6.6   7.1   8.15
1.94  0     0.9   1.6   2.5   3.65  3.9   4.65
0.92  1.02  1.9   2.3   2.6   2.9   3.05  3.35
0     5     0.5   0     5.7   6.3   6.5         24
B7    thick melt affected o.c., 1 km seds.
3.81  1.5   2.2   3.2   5.0   6.6   7.1   8.15
1.94  0     1.1   1.6   2.5   3.65  3.9   4.65
0.92  1.02  2.2   2.3   2.6   2.9   3.05  3.35
0     5     1     0     5.7   6.3   6.5         24.5
B8    melt affected o.c. and oceanic plateaus, 4.5 km seds.
3.81  1.5   2.3   3.4   5.0   6.6   7.1   8.15
1.94  0     1.2   1.8   2.5   3.65  3.9   4.65
0.92  1.02  2.2   2.3   2.6   2.9   3.05  3.35
0     2     1.5   3.0   3.7   4.3   5.5         20
B9    melt affected o.c. and oceanic plateaus, 7.0 km seds.
3.81  1.5   2.3   4.1   5.0   6.6   7.1   8.15
1.94  0     1.2   2.2   2.5   3.65  3.9   4.65
0.92  1.02  2.2   2.5   2.6   2.9   3.05  3.35
0     2     1.5   5.5   3.0   4.0   5.0         21
BA    melt affected o.c. and oceanic plateaus, 9.0 km seds.
3.81  1.5   2.3   4.3   5.0   6.6   7.1   8.15
1.94  0     1.2   2.4   2.5   3.65  3.9   4.65
0.92  1.02  2.2   2.6   2.6   2.9   3.05  3.35
0     2     1.5   7.5   3.0   4.0   5.0         23
BB    melt affected o.c. and oceanic plateaus, 3 km seds.
3.81  1.5   2.3   3.2   5.0   6.6   7.1   8.15
1.94  0     1.2   1.6   2.5   3.65  3.9   4.65
0.92  1.02  2.2   2.3   2.6   2.9   3.05  3.35
0     2     1.0   2.0   6.    6.5   7.          24.5
BC    melt affected o.c. and oceanic plateaus, 5.5 km seds.
3.81  1.5   2.3   3.5   5.0   6.6   7.1   8.15
1.94  0     1.2   1.8   2.5   3.65  3.9   4.65
0.92  1.02  2.2   2.3   2.6   2.9   3.05  3.35
0     2     1.5   4.0   3.7   4.3   5.5         21
BD    thick melt affected o.c. and oceanic plateaus, 2 km seds.
3.81  1.5   2.3   3.2   5.0   6.6   7.1   8.15
1.94  0     1.2   1.6   2.5   3.65  3.9   4.65
0.92  1.02  2.2   2.3   2.6   2.9   3.05  3.35
0     5     1.5   0.5   4.5   5.0   5.          21.5
C0    continental shelf, 0.25 km seds.
3.81  1.5   1.8   3.2   6.0   6.6   7.2   8.2
1.94  0     0.8   1.6   3.4   3.7   4.0   4.7
0.92  1.02  1.7   2.3   2.7   2.9   3.1   3.4
0     1     0.25  0     10    10    8           29.25
C1    continental shelf, 0.5 km seds.
3.81  1.5   1.9   3.2   6.0   6.6   7.2   8.2
1.94  0     0.9   1.6   3.4   3.7   4.0   4.7
0.92  1.02  1.9   2.3   2.7   2.9   3.1   3.4
0     1     0.5   0     10    10    8           29.5
C2    continental shelf, 1 km seds.
3.81  1.5   2.1   3.2   6.0   6.6   7.2   8.2
1.94  0     1.0   1.6   3.4   3.7   4.0   4.7
0.92  1.02  2.1   2.3   2.7   2.9   3.1   3.4
0     1     1     0     10    10    8           30
C3    continental shelf, 2 km seds.
3.81  1.5   2.3   3.2   6.0   6.6   7.2   8.2
1.94  0     1.2   1.6   3.4   3.7   4.0   4.7
0.92  1.02  2.2   2.3   2.7   2.9   3.1   3.4
0     1     1.5   0.5   10    10    8           31
C4    continental shelf, 3.5 km seds.
3.81  1.5   2.3   3.2   6.0   6.6   7.2   8.2
1.94  0     1.2   1.6   3.4   3.7   4.0   4.7
0.92  1.02  2.2   2.3   2.7   2.9   3.1   3.4
0     1     1.5   2.0   10    9.5   8           32
C5    continental shelf, 5.5 km seds.
3.81  1.5   2.3   3.6   6.0   6.6   7.2   8.2
1.94  0     1.2   1.9   3.4   3.7   4.0   4.7
0.92  1.02  2.2   2.4   2.7   2.9   3.1   3.4
0     1     1.5   4.0   9     8.5   8           32
C6    continental shelf, 7.5 km seds.
3.81  1.5   2.3   4.1   6.0   6.6   7.2   8.2
1.94  0     1.2   2.2   3.4   3.7   4.0   4.7
0.92  1.02  2.2   2.5   2.7   2.9   3.1   3.4
0     1     1.5   6     7.5   8     8           32
C7    continental shelf, 6.5 km seds.
3.81  1.5   2.3   3.9   6.0   6.6   7.2   8.2
1.94  0     1.2   2.1   3.4   3.7   4.0   4.7
0.92  1.02  2.2   2.4   2.7   2.9   3.1   3.4
0     1     1.5   5.0   8     8.5   8           32
C8    continental shelf, 10 km seds.
3.81  1.5   2.3   4.7   6.0   6.6   7.2   8.2
1.94  0     1.2   2.6   3.4   3.7   4.0   4.7
0.92  1.02  2.2   2.6   2.7   2.9   3.1   3.4
0     1     1.5   8.5   7     8     6.5         32.5
C9    continental shelf, 12 km seds.
3.81  1.5   2.3   4.8   6.0   6.6   7.2   8.2
1.94  0     1.2   2.6   3.4   3.7   4.0   4.7
0.92  1.02  2.2   2.6   2.7   2.9   3.1   3.4
0     1     1.5   10.5  6.    7.0   7           33
CA    continental shelf, 9 km seds.
3.81  1.5   2.3   4.5   6.0   6.6   7.2   8.2
1.94  0     1.2   2.5   3.4   3.7   4.0   4.7
0.92  1.02  2.2   2.6   2.7   2.9   3.1   3.4
0     1     1.5   7.5   7.5   8     7           32.5
CB    continental shelf, 4.5 km seds.
3.81  1.5   2.3   3.3   6.0   6.6   7.2   8.2
1.94  0     1.2   1.7   3.4   3.7   4.0   4.7
0.92  1.02  2.2   2.3   2.7   2.9   3.1   3.4
0     1     1.5   3.0   9.5   9     8           32
CC    continental shelf, 11 km seds.
3.81  1.5   2.3   4.4   6.0   6.6   7.2   8.2
1.94  0     1.2   2.5   3.4   3.7   4.0   4.7
0.92  1.02  2.2   2.6   2.7   2.9   3.1   3.4
0     1     1.5   9.5   5     5.5   5.5         28
S0    continental slope, margin, transition 0.25 km seds.
3.81  1.5   2.1   3.2   6.0   6.6   7.2   8.2
1.94  0     1.0   1.6   3.4   3.7   4.0   4.7
0.92  1.02  2.1   2.3   2.7   2.9   3.05  3.4
0     1     0.25  0     7     7     7           22.25
S1    continental slope, margin, transition 1 km seds.
3.81  1.5   2.1   3.2   6.0   6.6   7.2   8.2
1.94  0     1.0   1.6   3.4   3.7   4.0   4.7
0.92  1.02  2.1   2.3   2.7   2.9   3.05  3.4
0     1     1     0     7     7     7           23
S2    continental slope, margin, transition 2 km seds.
3.81  1.5   2.3   3.2   6.0   6.6   7.2   8.2
1.94  0     1.1   1.6   3.4   3.7   4.0   4.7
0.92  1.02  2.2   2.3   2.7   2.9   3.05  3.4
0     1     1.5   0.5   7     7     7           24
S3    continental slope, margin, transition 3.5 km seds.
3.81  1.5   2.3   3.2   6.0   6.6   7.2   8.2
1.94  0     1.1   1.6   3.4   3.7   4.0   4.7
0.92  1.02  2.2   2.3   2.7   2.9   3.05  3.4
0     1     1.5   2.0   7     7     7           25.5
S4    continental slope, margin, transition 5.5 km seds.
3.81  1.5   2.2   3.6   6.0   6.6   7.2   8.2
1.94  0     1.0   1.9   3.4   3.7   4.0   4.7
0.92  1.02  2.2   2.4   2.7   2.9   3.05  3.4
0     1     1.5   4.0   7     7     7           27.5
S5    continental slope, margin, transition 8 km seds.
3.81  1.5   2.2   4.3   6.0   6.6   7.2   8.2
1.94  0     1.0   2.3   3.4   3.7   4.0   4.7
0.92  1.02  2.2   2.6   2.7   2.9   3.05  3.4
0     1     1.5   6.5   7     6     6           28
S6    continental slope, margin, transition 4.5 km seds.
3.81  1.5   2.3   3.3   6.0   6.6   7.2   8.2
1.94  0     1.1   1.7   3.4   3.7   4.0   4.7
0.92  1.02  2.2   2.3   2.7   2.9   3.05  3.4
0     1     1.5   3.0   6     7     7           25.5
S7    continental slope, margin, transition 7 km seds.
3.81  1.5   2.2   4.1   6.0   6.6   7.2   8.2
1.94  0     1.1   2.2   3.4   3.7   4.0   4.7
0.92  1.02  2.2   2.5   2.7   2.9   3.05  3.4
0     1     1.5   5.5   6     7     6           27
S8      continental slope, margin, transition 9 km seds.
3.81    1.5     2.2     4.3     6.0     6.6     7.2     8.2
1.94    0       1.1     2.3     3.4     3.7     4.0     4.7
0.92    1.02    2.2     2.5     2.7     2.9     3.05    3.4
0       1       1.5     7.5      5       6       6           27
S9      continental slope, margin, transition 10.5 km seds.
3.81    1.5     2.2     4.5     6.1     6.6     7.2     8.2
1.94    0       1.1     2.6     3.5     3.7     4.0     4.7
0.92    1.02    2.2     2.5     2.7     2.9     3.05    3.4
0       1       1.5     9.0     4.5      5     6             27
SA      continental slope, margin, transition 12.5 km seds.
3.81    1.5     2.2     4.8     6.2     6.6     7.2     8.2
1.94    0       1.1     2.7     3.5     3.7     4.0     4.7
0.92    1.02    2.2     2.5     2.8     2.9     3.05    3.4
0       1       1.5    11.0    4.     4.5       5           27
SB      continental slope, margin, transition 15 km seds.
3.81    1.5     2.2     5.0     6.2     6.6     7.2     8.2
1.94    0       1.1     2.9     3.5     3.7     4.0     4.7
0.92    1.02    2.2     2.6     2.8     2.9     3.05    3.4
0       1       1.5    13.5    3.5       3.5       4           27
SC      continental slope, margin, transition 11.5 km seds.
3.81    1.5     2.2     4.9     6.2     6.6     7.2     8.2
1.94    0       1.1     2.7     3.5     3.7     4.0     4.7
0.92    1.02    2.2     2.5     2.8     2.9     3.05    3.4
0       1       1.5     10.    4.5     5.0       5           27
J1    island arc, Japan, Antarctic, 1 km seds.
3.81  1.5   2.5   4.0   6.0   6.6   7.2   8.1
1.94  0     1.2   2.1   3.4   3.7   4.0   4.6
0.92  1.02  2.1   2.4   2.7   2.9   3.1   3.35
0     0     1     0     10    10    10          31
J2    island arc, 3.5 km seds.
3.81  1.5   2.5   4.1   6.0   6.6   7.2   8.1
1.94  0     1.2   2.1   3.4   3.7   4.0   4.6
0.92  1.02  2.1   2.4   2.7   2.9   3.1   3.35
0     0     1     2.5   10    10    10          33.5
J3    island arc, 2.5 km seds.
3.81  1.5   2.5   4.0   6.0   6.6   7.2   8.1
1.94  0     1.2   2.1   3.4   3.7   4.0   4.6
0.92  1.02  2.1   2.4   2.7   2.9   3.1   3.35
0     0     1     1.5   11    10    10          33.5
J4    island arc, 5.0 km seds.
3.81  1.5   2.5   4.1   6.0   6.6   7.2   8.1
1.94  0     1.2   2.2   3.4   3.7   4.0   4.6
0.92  1.02  2.1   2.4   2.7   2.9   3.1   3.35
0     0     1     4     9.5   9.5   9.5         33.5
J5    island arc, Caribbean, 1 km seds.
3.81  1.5   2.5   4.0   6.0   6.6   7.2   8.1
1.94  0     1.2   2.1   3.4   3.7   4.0   4.6
0.92  1.02  2.1   2.4   2.7   2.9   3.1   3.35
0     0     1     0     7     7     8           23
J7    island arc, Caribbean, 3.5 km seds.
3.81  1.5   2.5   4.0   6.0   6.6   7.2   8.1
1.94  0     1.2   2.1   3.4   3.7   4.0   4.6
0.92  1.02  2.1   2.4   2.7   2.9   3.1   3.35
0     0     1     2.5   7     7     7           24.5
W1    oceanic plateau with cont. crust, 0.25 km seds.
3.81  1.5   2.3   3.2   6.0   6.6   7.2   8.15
1.94  0     1.1   1.6   3.4   3.7   4.0   4.6
0.92  1.02  2.2   2.3   2.7   2.9   3.05  3.35
0     1     0.25  0     6     6     6.5         19.75
W2    oceanic plateau with cont. crust, 1 km seds.
3.81  1.5   2.3   3.2   6.0   6.6   7.2   8.15
1.94  0     1.1   1.6   3.4   3.7   4.0   4.6
0.92  1.02  2.2   2.3   2.7   2.9   3.05  3.35
0     1     1     0     6     6     6.5         20.5
W3    oceanic plateau with cont. crust, 2 km seds.
3.81  1.5   2.3   3.2   6.0   6.6   7.2   8.15
1.94  0     1.1   1.6   3.4   3.7   4.0   4.6
0.92  1.02  2.2   2.3   2.7   2.9   3.05  3.35
0     1     1.5   0.5   6     6     6.5         21.5
W4    oceanic plateau with cont. crust, 4 km seds.
3.81  1.5   2.3   3.3   6.0   6.6   7.2   8.15
1.94  0     1.1   1.7   3.4   3.7   4.0   4.6
0.92  1.02  2.2   2.3   2.7   2.9   3.05  3.35
0     1     1.5   2.5   6     6     6.5         23.5
W5    oceanic plateau with cont. crust, 5 km seds.
3.81  1.5   2.3   3.5   6.0   6.6   7.2   8.15
1.94  0     1.1   1.8   3.4   3.7   4.0   4.6
0.92  1.02  2.2   2.3   2.7   2.9   3.05  3.35
0     1     1.5   3.5   5     6     6.5         23.5
W6    oceanic plateau with cont. crust, 3 km seds.
3.81  1.5   2.3   3.2   6.0   6.6   7.2   8.15
1.94  0     1.1   1.6   3.4   3.7   4.0   4.6
0.92  1.02  2.2   2.3   2.7   2.9   3.05  3.35
0     1     1.5   1.5   6     6     6.5         22.5
WY    inactive ridge 1 km seds., Alpha Ridge
3.81  1.5   2.3   3.2   5.0   6.6   7.1   8.15
1.94  0     1.1   1.6   2.5   3.7   3.9   4.6
0.92  1.02  2.2   2.3   2.6   2.9   3.05  3.35
0     5     1     0     5      9    10          30
WZ    inactive ridge 2.5 km seds., Alpha Ridge
3.81  1.5   2.3   3.2   5.0   6.6   7.1   8.15
1.94  0     1.1   1.6   2.5   3.7   3.9   4.6
0.92  1.02  2.2   2.3   2.6   2.9   3.05  3.35
0     5     1     1.5   5.5    8     9          30
Y0    thinned cont. crust, Red Sea, 1 km seds
3.81  1.5   2.5   4.0   6.0   6.6   7.2   8.15
1.94  0     1.2   2.1   3.4   3.7   4.0   4.6
0.92  1.02  2.1   2.4   2.7   2.9   3.05  3.35
0     0     1     0     5     5     5           16
Y1    extremely thinned cont. crust, Red Sea, 2.5 km seds
3.81  1.5   2.5   4.0   6.0   6.6   7.2   8.15
1.94  0     1.2   2.1   3.4   3.7   4.0   4.6
0.92  1.02  2.1   2.4   2.7   2.9   3.05  3.35
0     0     1     1.5   4     4     4           14.5
Y2    thinned cont. crust, Red Sea
3.81  1.5   2.5   4.0   6.0   6.6   7.2   8.15
1.94  0     1.2   2.1   3.4   3.7   4.0   4.6
0.92  1.02  2.1   2.4   2.7   2.9   3.05  3.35
0     0     1     1.5   5     6     6           19.5
Y3    thinned cont. crust, Red Sea
3.81  1.5   2.5   4.0   6.0   6.6   7.2   8.15
1.94  0     1.2   2.1   3.4   3.7   4.0   4.6
0.92  1.02  2.1   2.4   2.7   2.9   3.05  3.35
0     0     1     2.5   5     5     6           19.5
YA    intermed. cont./oc. crust, Black Sea, 6km sediments
3.81  1.5   2.5   4.2   6.0   6.6   7.2   8.15
1.94  0     1.2   2.4   3.4   3.7   4.0   4.6
0.92  1.02  2.1   2.4   2.7   2.9   3.05  3.35
0     0     1.5   4.5   9     10    10          35
YB    intermed. cont./oc. crust, Black Sea, 10.5km sediments
3.81  1.5   2.5   4.9   6.0   6.6   7.2   8.15
1.94  0     1.2   2.9   3.4   3.7   4.0   4.6
0.92  1.02  2.1   2.6   2.7   2.9   3.05  3.35
0     0     1.5   9     5.5   5.5   5.5         27
YC    intermed. cont./oc. crust, Black Sea, 13km sediments
3.81  1.5   2.5   5.1   6.0   6.6   7.2   8.15
1.94  0     1.2   2.9   3.4   3.7   4.0   4.6
0.92  1.02  2.1   2.6   2.7   2.9   3.05  3.35
0     0     1.5   11.5  5     5     5           28
YE    intermed. cont./oc. crust, Black Sea, 8km sediments
3.81  1.5   2.5   4.5   6.0   6.6   7.2   8.15
1.94  0     1.2   2.6   3.4   3.7   4.0   4.6
0.92  1.02  2.1   2.5   2.7   2.9   3.05  3.35
0     0     1.5   6.5   6     6     7           27
YF    intermed. cont./oc. crust, Black Sea, 11.5km sediments
3.81  1.5   2.5   4.9   6.0   6.6   7.2   8.15
1.94  0     1.2   2.9   3.4   3.7   4.0   4.6
0.92  1.02  2.1   2.6   2.7   2.9   3.05  3.35
0     0     1.5   10    5.    5.    5.5         27
YK      Caspian depression, 12 km seds.
3.81  1.5   2.5   5.0   6.0   6.6   7.1   8.15
1.94  0     1.2   2.9   3.4   3.7   3.9   4.6
0.92  1.02  2.1   2.6   2.7   2.9   3.05  3.35
0     0     1.5   10.5  0     12    12          36
YL      Caspian depression, 10 km seds.
3.81  1.5   2.5   4.9   6.0   6.6   7.1   8.15
1.94  0     1.2   2.8   3.4   3.7   3.9   4.6
0.92  1.02  2.1   2.5   2.7   2.9   3.05  3.35
0     0     1.5   8.5   0     14    14          38
YM      Caspian depression, 16 km seds.
3.81  1.5   2.5   5.3   6.0   6.6   7.1   8.15
1.94  0     1.2   3.0   3.4   3.7   3.9   4.6
0.92  1.02  2.1   2.6   2.7   2.9   3.05  3.35
0     0     1.5   14.5  0     9     10          35
YN      Caspian depression, 19 km seds.
3.81  1.5   2.5   5.5   6.0   6.6   7.1   8.15
1.94  0     1.2   3.1   3.4   3.7   3.9   4.6
0.92  1.02  2.1   2.6   2.7   2.9   3.05  3.35
0     0     1.5   17.5  0     7     8           34
YP      Caspian depression, 14 km seds.
3.81  1.5   2.5   5.3   6.0   6.6   7.1   8.15
1.94  0     1.2   3.0   3.4   3.7   3.9   4.6
0.92  1.02  2.1   2.6   2.7   2.9   3.05  3.35
0     0     1.5   12.5  0     11    11          36
