    51    63    ! datadis
  27.90  30.00  30.33  30.66  31.00  31.33  31.66  32.00  32.33  32.66
  33.00  33.33  33.66  34.00  34.33  34.66  35.00  35.33  35.66  36.00
  36.33  36.66  37.00  37.33  37.66  38.00  38.33  38.66  39.00  39.33
  39.66  40.00  40.33  40.66  41.00  41.33  41.66  42.00  42.33  42.66
  43.00  43.33  43.66  44.00  44.33  44.66  45.00  45.33  45.66  46.00
  48.10
 126.00 128.00 128.33 128.66 129.00 129.33 129.66 130.00 130.33 130.66
 131.00 131.33 131.66 132.00 132.33 132.66 133.00 133.33 133.66 134.00
 134.33 134.66 135.00 135.33 135.66 136.00 136.33 136.66 137.00 137.33
 137.66 138.00 138.33 138.66 139.00 139.33 139.66 140.00 140.33 140.66
 141.00 141.33 141.66 142.00 142.33 142.66 143.00 143.33 143.66 144.00
 144.33 144.66 145.00 145.33 145.66 146.00 146.33 146.66 147.00 147.33
 147.66 148.00 150.00
   12.0   12.0   12.0   12.0   12.0   12.0   12.0   12.0   12.0   12.0
   12.0   12.0   12.0   12.0   12.0   12.0   12.0   12.0   12.0   12.0
   12.0   12.0   12.0   12.0   12.0   12.0   12.0   12.0   12.0   12.0
   12.0   12.0   12.0   12.0   12.0   12.0   12.0   12.0   12.0   12.0
   12.0   12.0   12.0   12.0   12.0   12.0   12.0   12.0   12.0   12.0
   12.0   12.0   12.0   12.0   12.0   12.0   12.0   12.0   12.0   12.0
   12.0   12.0   12.0
   12.0   12.0   12.0   12.0   12.0   12.0   12.0   12.0   12.0   12.0
   12.0   12.0   12.0   12.0   12.0   12.0   12.0   12.0   12.0   12.0
   12.0   12.0   12.0   12.0   12.0   12.0   12.0   12.0   12.0   12.0
   12.0   12.0   12.0   12.0   12.0   12.0   12.0   12.0   12.0   12.0
   12.0   12.0   12.0   12.0   12.0   12.0   12.0   12.0   12.0   12.0
   12.0   12.0   12.0   12.0   12.0   12.0   12.0   12.0   12.0   12.0
   12.0   12.0   12.0
   12.0   12.0   12.0   12.0   12.0   12.0   12.0   12.0   12.0   12.0
   12.0   12.0   12.0   12.0   12.0   12.0   12.0   12.0   12.0   12.0
   12.0   12.0   12.0   12.0   12.0   12.0   12.0   12.0   12.0   12.0
   12.0   12.0   12.0   12.0   12.0   12.0   12.0   12.0   12.0   12.0
   12.0   12.0   12.0   12.0   12.0   12.0   12.0   12.0   12.0   12.0
   12.0   12.0   12.0   12.0   12.0   12.0   12.0   12.0   12.0   12.0
   12.0   12.0   12.0
   12.0   12.0   12.0   12.0   12.0   12.0   12.0   12.0   12.0   12.0
   12.0   12.0   12.0   12.0   12.0   12.0   12.0   12.0   12.0   12.0
   12.0   12.0   12.0   12.0   12.0   12.0   12.0   12.0   12.0   12.0
   12.0   12.0   12.0   12.0   12.0   12.0   12.0   12.0   12.0   12.0
   12.0   12.0   13.0   13.0   12.0   12.0   12.0   12.0   12.0   12.0
   12.0   12.0   12.0   12.0   12.0   12.0   12.0   12.0   12.0   12.0
   12.0   12.0   12.0
   12.0   12.0   12.0   12.0   12.0   12.0   12.0   12.0   12.0   12.0
   12.0   12.0   12.0   12.0   12.0   12.0   12.0   12.0   12.0   12.0
   12.0   12.0   12.0   12.0   12.0   12.0   12.0   12.0   12.0   12.0
   12.0   12.0   12.0   12.0   12.0   12.0   12.0   12.0   12.0   12.0
   12.0   12.0   13.0   14.0   13.0   12.0   12.0   12.0   12.0   12.0
   12.0   12.0   12.0   12.0   12.0   12.0   12.0   12.0   12.0   12.0
   12.0   12.0   12.0
   12.0   12.0   12.0   12.0   12.0   12.0   12.0   12.0   12.0   12.0
   12.0   12.0   12.0   12.0   12.0   12.0   12.0   12.0   12.0   12.0
   12.0   12.0   12.0   12.0   12.0   12.0   12.0   12.0   12.0   12.0
   12.0   12.0   12.0   12.0   12.0   12.0   12.0   12.0   12.0   12.0
   12.0   12.0   13.0   14.0   14.0   13.0   12.0   12.0   12.0   12.0
   12.0   12.0   12.0   12.0   12.0   12.0   12.0   12.0   12.0   12.0
   12.0   12.0   12.0
   12.0   12.0   12.0   12.0   12.0   12.0   12.0   12.0   12.0   12.0
   12.0   12.0   12.0   12.0   12.0   12.0   12.0   12.0   12.0   12.0
   12.0   12.0   12.0   12.0   12.0   12.0   12.0   12.0   12.0   12.0
   12.0   12.0   12.0   12.0   12.0   12.0   12.0   12.0   12.0   12.0
   12.0   12.0   13.0   14.0   15.0   14.0   13.0   12.0   12.0   12.0
   12.0   12.0   12.0   12.0   12.0   12.0   12.0   12.0   12.0   12.0
   12.0   12.0   12.0
   12.0   12.0   12.0   12.0   12.0   12.0   12.0   12.0   12.0   12.0
   12.0   12.0   12.0   12.0   12.0   12.0   12.0   12.0   12.0   12.0
   12.0   12.0   12.0   12.0   12.0   12.0   12.0   12.0   12.0   12.0
   12.0   12.0   12.0   12.0   12.0   12.0   12.0   12.0   12.0   12.0
   12.0   12.0   13.0   14.0   15.0   15.0   15.0   14.0   13.0   12.0
   12.0   12.0   12.0   12.0   12.0   12.0   12.0   12.0   12.0   12.0
   12.0   12.0   12.0
   12.0   12.0   12.0   12.0   12.0   12.0   12.0   12.0   12.0   12.0
   12.0   12.0   12.0   12.0   12.0   12.0   12.0   12.0   12.0   12.0
   12.0   12.0   12.0   12.0   12.0   12.0   12.0   12.0   12.0   12.0
   12.0   12.0   12.0   12.0   12.0   12.0   12.0   12.0   12.0   12.0
   13.0   14.0   16.0   18.0   18.0   19.0   20.0   19.5   18.4   17.2
   15.6   13.0   12.0   12.0   12.0   12.0   12.0   12.0   12.0   12.0
   12.0   12.0   12.0
   12.0   12.0   12.0   12.0   12.0   12.0   12.0   12.0   12.0   12.0
   12.0   12.0   12.0   12.0   12.0   12.0   12.0   12.0   12.0   12.0
   12.0   12.0   12.0   12.0   12.0   12.0   12.0   12.0   12.0   12.0
   12.0   12.0   12.0   12.0   12.0   12.0   12.0   12.0   12.0   15.0
   20.0   20.0   20.0   20.0   19.7   19.3   18.6   17.5   16.6   15.0
   13.3   12.0   12.0   12.0   12.0   12.0   12.0   12.0   12.0   12.0
   12.0   12.0   12.0
   12.0   12.0   12.0   12.0   12.0   12.0   12.0   12.0   12.0   12.0
   12.0   12.0   12.0   12.0   12.0   12.0   12.0   12.0   12.0   12.0
   12.0   12.0   12.0   12.0   12.0   12.0   12.0   12.0   12.0   12.0
   12.0   12.0   12.0   12.0   12.0   12.0   12.0   17.0   19.5   19.5
   19.5   19.5   19.3   19.0   18.5   17.8   17.1   16.4   15.3   13.7
   12.2   12.0   12.0   12.0   12.0   12.0   12.0   12.0   12.0   12.0
   12.0   12.0   12.0
   12.0   12.0   12.0   12.0   12.0   12.0   12.0   12.0   12.0   12.0
   12.0   12.0   12.0   12.0   12.0   12.0   12.0   12.0   12.0   12.0
   12.0   12.0   12.0   12.0   12.0   12.0   12.0   12.0   12.0   12.0
   12.0   12.0   12.0   12.0   12.0   12.0   16.0   18.6   19.0   19.0
   18.7   18.5   18.1   17.7   17.3   16.7   16.0   15.0   14.0   12.5
   12.0   12.0   12.0   12.0   12.0   12.0   12.0   12.0   12.0   12.0
   12.0   12.0   12.0
   12.0   12.0   12.0   12.0   12.0   12.0   12.0   12.0   12.0   12.0
   12.0   12.0   12.0   12.0   12.0   12.0   12.0   12.0   12.0   12.0
   12.0   12.0   12.0   12.0   12.0   12.0   12.0   12.0   12.0   12.0
   12.0   12.0   12.0   12.0   12.0   13.0   16.0   18.1   18.2   18.2
   17.8   17.5   17.3   16.8   16.5   16.2   15.5   14.5   13.5   12.6
   12.0   12.0   12.0   12.0   12.0   12.0   12.0   12.0   12.0   12.0
   12.0   12.0   12.0
   12.0   12.0   12.0   12.0   12.0   12.0   12.0   12.0   12.0   12.0
   12.0   12.0   12.0   12.0   12.0   12.0   12.0   12.0   12.0   12.0
   12.0   12.0   12.0   12.0   12.0   12.0   12.0   12.0   12.0   12.0
   12.0   12.0   12.0   12.0   13.0   15.0   15.7   16.7   17.0   16.9
   16.9   16.9   16.8   16.7   16.5   16.2   15.8   15.1   14.5   14.0
   12.0   12.0   12.0   12.0   12.0   12.0   12.0   12.0   12.0   12.0
   12.0   12.0   12.0
   12.0   12.0   12.0   12.0   12.0   12.0   12.0   12.0   12.0   12.0
   12.0   12.0   12.0   12.0   12.0   12.0   12.0   12.0   12.0   12.0
   12.0   12.0   12.0   12.0   12.0   12.0   12.0   12.0   12.0   12.0
   12.0   12.0   12.0   12.0   13.0   14.0   15.0   16.3   16.3   16.5
   16.5   16.6   16.4   16.4   16.3   16.3   16.3   16.5   14.0   13.0
   12.0   12.0   12.0   12.0   12.0   12.0   12.0   12.0   12.0   12.0
   12.0   12.0   12.0
   12.0   12.0   12.0   12.0   12.0   12.0   12.0   12.0   12.0   12.0
   12.0   12.0   12.0   12.0   12.0   12.0   12.0   12.0   12.0   12.0
   12.0   12.0   12.0   12.0   12.0   12.0   12.0   12.0   12.0   12.0
   12.0   12.0   12.0   12.0   13.0   16.0   16.0   20.3   18.2   17.9
   17.9   16.8   16.0   16.0   15.6   15.4   15.0   14.0   13.0   12.0
   12.0   12.0   12.0   12.0   12.0   12.0   12.0   12.0   12.0   12.0
   12.0   12.0   12.0
   12.0   12.0   12.0   12.0   12.0   12.0   12.0   12.0   12.0   12.0
   12.0   12.0   12.0   12.0   12.0   12.0   12.0   12.0   12.0   12.0
   12.0   12.0   12.0   12.0   12.0   12.0   12.0   12.0   12.0   12.0
   12.0   12.0   12.0   12.0   13.0   16.0   16.0   19.0   17.9   18.1
   17.9   16.5   14.0   12.0   12.0   13.0   13.0   12.0   12.0   12.0
   12.0   12.0   12.0   12.0   12.0   12.0   12.0   12.0   12.0   12.0
   12.0   12.0   12.0
   12.0   12.0   12.0   12.0   12.0   12.0   12.0   12.0   12.0   12.0
   12.0   12.0   12.0   12.0   12.0   12.0   12.0   12.0   12.0   12.0
   12.0   12.0   12.0   12.0   12.0   12.0   12.0   12.0   12.0   12.0
   12.0   12.0   12.0   12.0   13.0   16.0   16.0   18.3   18.1   18.6
   18.6   17.4   15.1   14.2   14.0   14.0   13.0   12.0   12.0   12.0
   12.0   12.0   12.0   12.0   12.0   12.0   12.0   12.0   12.0   12.0
   12.0   12.0   12.0
   12.0   12.0   12.0   12.0   12.0   12.0   12.0   12.0   12.0   12.0
   12.0   12.0   12.0   12.0   12.0   12.0   12.0   12.0   12.0   12.0
   12.0   12.0   12.0   12.0   12.0   12.0   12.0   12.0   12.0   12.0
   12.0   12.0   12.0   12.0   13.0   16.0   16.0   17.6   18.0   18.8
   19.1   18.3   16.5   14.1   13.0   13.0   12.0   12.0   12.0   12.0
   12.0   12.0   12.0   12.0   12.0   12.0   12.0   12.0   12.0   12.0
   12.0   12.0   12.0
   12.0   12.0   12.0   12.0   12.0   12.0   12.0   12.0   12.0   12.0
   12.0   12.0   12.0   12.0   12.0   12.0   12.0   12.0   12.0   12.0
   12.0   12.0   12.0   12.0   12.0   12.0   12.0   12.0   12.0   12.0
   12.0   12.0   12.0   12.0   13.0   16.0   16.0   16.9   17.6   18.7
   19.3   18.8   17.5   15.7   13.5   13.0   12.0   12.0   12.0   12.0
   12.0   12.0   12.0   12.0   12.0   12.0   12.0   12.0   12.0   12.0
   12.0   12.0   12.0
   12.0   12.0   12.0   12.0   12.0   12.0   12.0   12.0   12.0   12.0
   12.0   12.0   12.0   12.0   12.0   12.0   12.0   12.0   12.0   12.0
   12.0   12.0   12.0   12.0   12.0   12.0   12.0   12.0   12.0   12.0
   12.0   12.0   12.0   12.0   13.0   16.0   16.0   16.1   17.2   18.3
   19.0   18.8   17.9   16.6   14.6   12.0   12.0   12.0   12.0   12.0
   12.0   12.0   12.0   12.0   12.0   12.0   12.0   12.0   12.0   12.0
   12.0   12.0   12.0
   12.0   12.0   12.0   12.0   12.0   12.0   12.0   12.0   12.0   12.0
   12.0   12.0   12.0   12.0   12.0   12.0   12.0   12.0   12.0   12.0
   12.0   12.0   12.0   12.0   12.0   12.0   12.0   12.0   12.0   12.0
   12.0   12.0   12.0   12.0   13.0   15.9   15.3   15.7   16.8   17.9
   18.4   18.3   17.7   16.8   15.0   12.0   12.0   12.0   12.0   12.0
   12.0   12.0   12.0   12.0   12.0   12.0   12.0   12.0   12.0   12.0
   12.0   12.0   12.0
   12.0   12.0   12.0   12.0   12.0   12.0   12.0   12.0   12.0   12.0
   12.0   12.0   12.0   12.0   12.0   12.0   12.0   12.0   12.0   12.0
   12.0   12.0   12.0   12.0   12.0   12.0   12.0   12.0   12.0   12.0
   12.0   12.0   12.0   12.0   13.0   15.3   15.1   15.7   16.8   17.6
   17.8   17.5   17.0   16.6   15.4   13.0   12.0   12.0   12.0   12.0
   12.0   12.0   12.0   12.0   12.0   12.0   12.0   12.0   12.0   12.0
   12.0   12.0   12.0
   12.0   12.0   12.0   12.0   12.0   12.0   12.0   12.0   12.0   12.0
   12.0   12.0   12.0   12.0   12.0   12.0   12.0   12.0   12.0   12.0
   12.0   12.0   12.0   12.0   12.0   12.0   12.0   12.0   12.0   12.0
   12.0   12.0   12.0   13.0   13.8   15.3   15.4   16.2   17.1   17.4
   17.2   16.7   16.5   16.0   16.0   13.0   12.0   12.0   12.0   12.0
   12.0   12.0   12.0   12.0   12.0   12.0   12.0   12.0   12.0   12.0
   12.0   12.0   12.0
   12.0   12.0   12.0   12.0   12.0   12.0   12.0   12.0   12.0   12.0
   12.0   12.0   12.0   12.0   12.0   12.0   12.0   12.0   12.0   12.0
   12.0   12.0   12.0   12.0   12.0   12.0   12.0   12.0   12.0   12.0
   12.0   12.0   12.0   13.6   14.3   15.7   16.1   17.0   17.5   17.4
   16.7   16.2   16.8   16.0   16.0   12.0   12.0   12.0   12.0   12.0
   12.0   12.0   12.0   12.0   12.0   12.0   12.0   12.0   12.0   12.0
   12.0   12.0   12.0
   12.0   12.0   12.0   12.0   12.0   12.0   12.0   12.0   12.0   12.0
   12.0   12.0   12.0   12.0   12.0   12.0   12.0   12.0   12.0   12.0
   12.0   12.0   12.0   12.0   12.0   12.0   12.0   12.0   12.0   12.0
   12.0   12.0   13.0   14.2   14.7   16.1   16.8   17.7   17.9   17.4
   16.5   16.6   16.0   16.0   12.0   12.0   12.0   12.0   12.0   12.0
   12.0   12.0   12.0   12.0   12.0   12.0   12.0   12.0   12.0   12.0
   12.0   12.0   12.0
   12.0   12.0   12.0   12.0   12.0   12.0   12.0   12.0   12.0   12.0
   12.0   12.0   12.0   12.0   12.0   12.0   12.0   12.0   12.0   12.0
   12.0   12.0   12.0   12.0   12.0   12.0   12.0   12.0   12.0   12.0
   12.0   13.7   14.4   14.8   15.5   16.3   17.3   18.1   18.1   17.5
   17.1   18.8   16.0   16.0   12.0   12.0   12.0   12.0   12.0   12.0
   12.0   12.0   12.0   12.0   12.0   12.0   12.0   12.0   12.0   12.0
   12.0   12.0   12.0
   12.0   12.0   12.0   12.0   12.0   12.0   12.0   12.0   12.0   12.0
   12.0   12.0   12.0   12.0   12.0   12.0   12.0   12.0   12.0   12.0
   12.0   12.0   12.0   12.0   12.0   12.0   12.0   12.0   12.0   13.0
   14.0   14.5   15.2   15.8   16.5   16.2   17.2   18.0   18.1   17.9
   19.2   16.0   16.0   12.0   12.0   12.0   12.0   12.0   12.0   12.0
   12.0   12.0   12.0   12.0   12.0   12.0   12.0   12.0   12.0   12.0
   12.0   12.0   12.0
   12.0   12.0   12.0   12.0   12.0   12.0   12.0   12.0   12.0   12.0
   12.0   12.0   12.0   12.0   12.0   12.0   12.0   12.0   12.0   12.0
   12.0   12.0   12.0   12.0   12.0   12.0   12.0   12.0   14.1   14.4
   15.0   15.5   16.1   16.8   17.4   17.6   17.6   17.4   17.0   16.5
   16.0   14.9   14.0   12.0   12.0   12.0   12.0   12.0   12.0   12.0
   12.0   12.0   12.0   12.0   12.0   12.0   12.0   12.0   12.0   12.0
   12.0   12.0   12.0
   12.0   12.0   12.0   12.0   12.0   12.0   12.0   12.0   12.0   12.0
   12.0   12.0   12.0   12.0   12.0   12.0   12.0   12.0   12.0   12.0
   12.0   12.0   12.0   12.0   12.0   12.0   13.8   14.4   15.0   15.4
   16.0   16.5   17.5   18.0   18.2   18.2   17.6   17.1   16.6   16.2
   15.6   14.6   13.0   12.0   12.0   12.0   12.0   12.0   12.0   12.0
   12.0   12.0   12.0   12.0   12.0   12.0   12.0   12.0   12.0   12.0
   12.0   12.0   12.0
   12.0   12.0   12.0   12.0   12.0   12.0   12.0   12.0   12.0   12.0
   12.0   12.0   12.0   12.0   12.0   12.0   12.0   12.0   12.0   12.0
   12.0   12.0   12.0   12.0   13.0   14.4   15.0   15.5   15.9   16.4
   17.0   18.1   19.1   19.2   18.5   17.8   17.2   16.7   16.3   15.8
   15.2   14.3   13.0   12.0   12.0   12.0   12.0   12.0   12.0   12.0
   12.0   12.0   12.0   12.0   12.0   12.0   12.0   12.0   12.0   12.0
   12.0   12.0   12.0
   12.0   12.0   12.0   12.0   12.0   12.0   12.0   12.0   12.0   12.0
   12.0   12.0   12.0   12.0   12.0   12.0   12.0   12.0   12.0   12.0
   12.0   12.8   13.5   14.2   14.9   15.4   15.7   16.3   16.9   17.8
   18.8   19.3   19.3   18.5   17.6   17.1   16.6   16.2   15.6   15.3
   14.5   13.0   12.0   12.0   12.0   12.0   12.0   12.0   12.0   12.0
   12.0   12.0   12.0   12.0   12.0   12.0   12.0   12.0   12.0   12.0
   12.0   12.0   12.0
   12.0   12.0   12.0   12.0   12.0   12.0   12.0   12.0   12.0   12.0
   12.0   12.0   12.0   12.0   12.0   12.0   12.0   12.0   12.0   13.0
   13.5   14.2   14.6   15.0   15.4   15.8   16.5   17.2   17.7   18.2
   18.5   18.5   17.9   17.4   16.8   16.3   15.8   15.5   15.1   14.5
   14.0   12.0   12.0   12.0   12.0   12.0   12.0   12.0   12.0   12.0
   12.0   12.0   12.0   12.0   12.0   12.0   12.0   12.0   12.0   12.0
   12.0   12.0   12.0
   12.0   12.0   12.0   12.0   12.0   12.0   12.0   12.0   12.0   12.0
   12.0   12.0   12.0   12.0   12.0   12.0   12.8   13.5   14.0   14.5
   14.7   15.0   15.3   15.5   15.8   16.4   17.0   17.3   17.7   17.7
   17.7   17.4   17.0   17.3   16.8   16.5   16.3   15.8   15.2   14.5
   13.0   12.0   12.0   12.0   12.0   12.0   12.0   12.0   12.0   12.0
   12.0   12.0   12.0   12.0   12.0   12.0   12.0   12.0   12.0   12.0
   12.0   12.0   12.0
   12.0   12.0   12.0   12.0   12.0   12.0   12.0   12.0   12.0   12.0
   12.0   12.0   12.0   12.0   13.0   14.0   14.5   14.8   15.1   15.2
   15.3   15.5   15.7   15.8   16.2   16.5   16.8   16.9   17.0   16.8
   16.5   16.0   15.7   15.4   15.0   14.6   14.3   13.7   13.2   12.0
   12.0   12.0   12.0   12.0   12.0   12.0   12.0   12.0   12.0   12.0
   12.0   12.0   12.0   12.0   12.0   12.0   12.0   12.0   12.0   12.0
   12.0   12.0   12.0
   12.0   12.0   12.0   12.0   12.0   12.0   12.0   12.0   12.0   12.0
   12.0   12.0   12.0   14.0   14.6   15.3   15.7   15.9   16.0   15.9
   15.8   15.7   15.6   15.5   16.1   16.2   16.3   16.2   16.0   15.8
   15.6   15.3   14.8   14.5   14.0   13.6   13.0   12.0   12.0   12.0
   12.0   12.0   12.0   12.0   12.0   12.0   12.0   12.0   12.0   12.0
   12.0   12.0   12.0   12.0   12.0   12.0   12.0   12.0   12.0   12.0
   12.0   12.0   12.0
   12.0   12.0   12.0   12.0   12.0   12.0   12.0   12.0   12.0   12.0
   12.0   13.0   14.5   15.5   16.3   17.0   17.2   17.2   17.0   16.8
   16.5   16.4   15.9   15.4   15.6   15.7   15.7   15.7   15.5   15.4
   15.0   14.5   13.9   13.5   13.0   12.0   12.0   12.0   12.0   12.0
   12.0   12.0   12.0   12.0   12.0   12.0   12.0   12.0   12.0   12.0
   12.0   12.0   12.0   12.0   12.0   12.0   12.0   12.0   12.0   12.0
   12.0   12.0   12.0
   12.0   12.0   12.0   12.0   12.0   12.0   12.0   12.0   12.0   12.0
   13.0   14.6   16.0   17.0   17.8   18.2   18.4   18.4   18.0   17.6
   17.3   16.9   16.5   16.2   15.7   15.6   15.5   15.4   15.2   14.7
   14.2   13.7   13.0   12.0   12.0   12.0   12.0   12.0   12.0   12.0
   12.0   12.0   12.0   12.0   12.0   12.0   12.0   12.0   12.0   12.0
   12.0   12.0   12.0   12.0   12.0   12.0   12.0   12.0   12.0   12.0
   12.0   12.0   12.0
   12.0   12.0   12.0   12.0   12.0   12.0   12.0   12.0   12.0   13.0
   14.6   16.2   17.6   19.0   19.5   19.7   19.7   19.5   19.3   18.7
   18.3   17.6   17.0   16.5   16.2   15.7   15.5   15.2   14.7   14.2
   13.0   12.0   12.0   12.0   12.0   12.0   12.0   12.0   12.0   12.0
   12.0   12.0   12.0   12.0   12.0   12.0   12.0   12.0   12.0   12.0
   12.0   12.0   12.0   12.0   12.0   12.0   12.0   12.0   12.0   12.0
   12.0   12.0   12.0
   12.0   12.0   12.0   12.0   12.0   12.0   12.0   12.0   12.0   14.0
   16.0   18.0   19.5   20.6   21.3   21.3   21.0   20.5   20.1   19.5
   19.0   18.5   17.8   17.0   16.5   14.0   13.5   13.0   12.0   12.0
   12.0   12.0   12.0   12.0   12.0   12.0   12.0   12.0   12.0   12.0
   12.0   12.0   12.0   12.0   12.0   12.0   12.0   12.0   12.0   12.0
   12.0   12.0   12.0   12.0   12.0   12.0   12.0   12.0   12.0   12.0
   12.0   12.0   12.0
   12.0   12.0   12.0   12.0   12.0   12.0   12.0   12.0   13.0   15.5
   18.0   20.0   20.5   22.0   22.0   22.0   20.0   18.0   16.0   16.0
   15.0   15.0   15.0   15.0   13.0   12.0   12.0   12.0   12.0   12.0
   12.0   12.0   12.0   12.0   12.0   12.0   12.0   12.0   12.0   12.0
   12.0   12.0   12.0   12.0   12.0   12.0   12.0   12.0   12.0   12.0
   12.0   12.0   12.0   12.0   12.0   12.0   12.0   12.0   12.0   12.0
   12.0   12.0   12.0
   12.0   12.0   12.0   12.0   12.0   12.0   12.0   12.0   13.0   18.0
   20.0   21.0   22.0   22.0   18.0   18.0   18.0   17.0   15.0   13.0
   12.0   12.0   12.0   12.0   12.0   12.0   12.0   12.0   12.0   12.0
   12.0   12.0   12.0   12.0   12.0   12.0   12.0   12.0   12.0   12.0
   12.0   12.0   12.0   12.0   12.0   12.0   12.0   12.0   12.0   12.0
   12.0   12.0   12.0   12.0   12.0   12.0   12.0   12.0   12.0   12.0
   12.0   12.0   12.0
   12.0   12.0   12.0   12.0   12.0   12.0   12.0   12.0   14.0   18.0
   20.0   22.0   20.0   17.0   13.0   12.0   12.0   12.0   12.0   12.0
   12.0   12.0   12.0   12.0   12.0   12.0   12.0   12.0   12.0   12.0
   12.0   12.0   12.0   12.0   12.0   12.0   12.0   12.0   12.0   12.0
   12.0   12.0   12.0   12.0   12.0   12.0   12.0   12.0   12.0   12.0
   12.0   12.0   12.0   12.0   12.0   12.0   12.0   12.0   12.0   12.0
   12.0   12.0   12.0
   12.0   12.0   12.0   12.0   12.0   12.0   12.0   12.0   14.0   17.0
   20.0   22.0   19.0   16.0   13.0   12.0   12.0   12.0   12.0   12.0
   12.0   12.0   12.0   12.0   12.0   12.0   12.0   12.0   12.0   12.0
   12.0   12.0   12.0   12.0   12.0   12.0   12.0   12.0   12.0   12.0
   12.0   12.0   12.0   12.0   12.0   12.0   12.0   12.0   12.0   12.0
   12.0   12.0   12.0   12.0   12.0   12.0   12.0   12.0   12.0   12.0
   12.0   12.0   12.0
   12.0   12.0   12.0   12.0   12.0   12.0   12.0   12.0   14.0   17.0
   20.0   22.0   19.0   16.0   13.0   12.0   12.0   12.0   12.0   12.0
   12.0   12.0   12.0   12.0   12.0   12.0   12.0   12.0   12.0   12.0
   12.0   12.0   12.0   12.0   12.0   12.0   12.0   12.0   12.0   12.0
   12.0   12.0   12.0   12.0   12.0   12.0   12.0   12.0   12.0   12.0
   12.0   12.0   12.0   12.0   12.0   12.0   12.0   12.0   12.0   12.0
   12.0   12.0   12.0
   12.0   12.0   12.0   12.0   12.0   12.0   12.0   12.0   14.0   17.0
   20.0   22.0   19.0   16.0   13.0   12.0   12.0   12.0   12.0   12.0
   12.0   12.0   12.0   12.0   12.0   12.0   12.0   12.0   12.0   12.0
   12.0   12.0   12.0   12.0   12.0   12.0   12.0   12.0   12.0   12.0
   12.0   12.0   12.0   12.0   12.0   12.0   12.0   12.0   12.0   12.0
   12.0   12.0   12.0   12.0   12.0   12.0   12.0   12.0   12.0   12.0
   12.0   12.0   12.0
   12.0   12.0   12.0   12.0   12.0   12.0   12.0   12.0   13.0   16.0
   18.0   19.0   16.0   13.0   12.0   12.0   12.0   12.0   12.0   12.0
   12.0   12.0   12.0   12.0   12.0   12.0   12.0   12.0   12.0   12.0
   12.0   12.0   12.0   12.0   12.0   12.0   12.0   12.0   12.0   12.0
   12.0   12.0   12.0   12.0   12.0   12.0   12.0   12.0   12.0   12.0
   12.0   12.0   12.0   12.0   12.0   12.0   12.0   12.0   12.0   12.0
   12.0   12.0   12.0
   12.0   12.0   12.0   12.0   12.0   12.0   12.0   12.0   12.0   14.0
   15.0   16.0   13.0   12.0   12.0   12.0   12.0   12.0   12.0   12.0
   12.0   12.0   12.0   12.0   12.0   12.0   12.0   12.0   12.0   12.0
   12.0   12.0   12.0   12.0   12.0   12.0   12.0   12.0   12.0   12.0
   12.0   12.0   12.0   12.0   12.0   12.0   12.0   12.0   12.0   12.0
   12.0   12.0   12.0   12.0   12.0   12.0   12.0   12.0   12.0   12.0
   12.0   12.0   12.0
   12.0   12.0   12.0   12.0   12.0   12.0   12.0   12.0   12.0   12.0
   12.0   14.0   12.0   12.0   12.0   12.0   12.0   12.0   12.0   12.0
   12.0   12.0   12.0   12.0   12.0   12.0   12.0   12.0   12.0   12.0
   12.0   12.0   12.0   12.0   12.0   12.0   12.0   12.0   12.0   12.0
   12.0   12.0   12.0   12.0   12.0   12.0   12.0   12.0   12.0   12.0
   12.0   12.0   12.0   12.0   12.0   12.0   12.0   12.0   12.0   12.0
   12.0   12.0   12.0
   12.0   12.0   12.0   12.0   12.0   12.0   12.0   12.0   12.0   12.0
   12.0   12.0   12.0   12.0   12.0   12.0   12.0   12.0   12.0   12.0
   12.0   12.0   12.0   12.0   12.0   12.0   12.0   12.0   12.0   12.0
   12.0   12.0   12.0   12.0   12.0   12.0   12.0   12.0   12.0   12.0
   12.0   12.0   12.0   12.0   12.0   12.0   12.0   12.0   12.0   12.0
   12.0   12.0   12.0   12.0   12.0   12.0   12.0   12.0   12.0   12.0
   12.0   12.0   12.0
   12.0   12.0   12.0   12.0   12.0   12.0   12.0   12.0   12.0   12.0
   12.0   12.0   12.0   12.0   12.0   12.0   12.0   12.0   12.0   12.0
   12.0   12.0   12.0   12.0   12.0   12.0   12.0   12.0   12.0   12.0
   12.0   12.0   12.0   12.0   12.0   12.0   12.0   12.0   12.0   12.0
   12.0   12.0   12.0   12.0   12.0   12.0   12.0   12.0   12.0   12.0
   12.0   12.0   12.0   12.0   12.0   12.0   12.0   12.0   12.0   12.0
   12.0   12.0   12.0
   26.0   26.0   26.0   26.0   26.0   26.0   26.0   26.0   26.0   26.0
   26.0   26.0   26.0   26.0   26.0   26.0   26.0   26.0   26.0   26.0
   26.0   26.0   26.0   26.0   26.0   26.0   26.0   26.0   26.0   26.0
   26.0   26.0   26.0   26.0   26.0   26.0   26.0   26.0   26.0   26.0
   26.0   26.0   26.0   26.0   26.0   26.0   26.0   26.0   26.0   26.0
   26.0   26.0   26.0   26.0   26.0   26.0   26.0   26.0   26.0   26.0
   26.0   26.0   26.0
   26.0   26.0   26.0   26.0   26.0   26.0   26.0   26.0   26.0   26.0
   26.0   26.0   26.0   26.0   26.0   26.0   26.0   26.0   26.0   26.0
   26.0   26.0   26.0   26.0   26.0   26.0   26.0   26.0   26.0   26.0
   26.0   26.0   26.0   26.0   26.0   26.0   26.0   26.0   26.0   26.0
   26.0   26.0   26.0   26.0   26.0   26.0   26.0   26.0   26.0   26.0
   26.0   26.0   26.0   26.0   26.0   26.0   26.0   26.0   26.0   26.0
   26.0   26.0   26.0
   26.0   26.0   26.0   26.0   26.0   26.0   26.0   26.0   26.0   26.0
   26.0   26.0   26.0   26.0   26.0   26.0   26.0   26.0   26.0   26.0
   26.0   26.0   26.0   26.0   26.0   26.0   26.0   26.0   26.0   26.0
   26.0   26.0   26.0   26.0   26.0   26.0   26.0   26.0   26.0   26.0
   26.0   26.0   26.0   26.0   26.0   26.0   26.0   26.0   26.0   26.0
   26.0   26.0   26.0   26.0   26.0   26.0   26.0   26.0   26.0   26.0
   26.0   26.0   26.0
   26.0   26.0   26.0   26.0   26.0   26.0   26.0   26.0   26.0   26.0
   26.0   26.0   26.0   26.0   26.0   26.0   26.0   26.0   26.0   26.0
   26.0   26.0   26.0   26.0   26.0   26.0   26.0   26.0   26.0   26.0
   26.0   26.0   26.0   26.0   26.0   26.0   26.0   26.0   26.0   26.0
   26.0   26.0   26.0   26.0   26.0   26.0   26.0   26.0   26.0   26.0
   26.0   26.0   26.0   26.0   26.0   26.0   26.0   26.0   26.0   26.0
   26.0   26.0   26.0
   26.0   26.0   26.0   26.0   26.0   26.0   26.0   26.0   26.0   26.0
   26.0   26.0   26.0   26.0   26.0   26.0   26.0   26.0   26.0   26.0
   26.0   26.0   26.0   26.0   26.0   26.0   26.0   26.0   26.0   26.0
   26.0   26.0   26.0   26.0   26.0   26.0   26.0   26.0   26.0   26.0
   26.0   26.0   26.0   27.0   27.0   26.0   26.0   26.0   26.0   26.0
   26.0   26.0   26.0   26.0   26.0   26.0   26.0   26.0   26.0   26.0
   26.0   26.0   26.0
   26.0   26.0   26.0   26.0   26.0   26.0   26.0   26.0   26.0   26.0
   26.0   26.0   26.0   26.0   26.0   26.0   26.0   26.0   26.0   26.0
   26.0   26.0   26.0   26.0   26.0   26.0   26.0   26.0   26.0   26.0
   26.0   26.0   26.0   26.0   26.0   26.0   26.0   26.0   26.0   26.0
   26.0   26.0   27.0   28.0   28.0   26.0   26.0   26.0   26.0   26.0
   26.0   26.0   26.0   26.0   26.0   26.0   26.0   26.0   26.0   26.0
   26.0   26.0   26.0
   26.0   26.0   26.0   26.0   26.0   26.0   26.0   26.0   26.0   26.0
   26.0   26.0   26.0   26.0   26.0   26.0   26.0   26.0   26.0   26.0
   26.0   26.0   26.0   26.0   26.0   26.0   26.0   26.0   26.0   26.0
   26.0   26.0   26.0   26.0   26.0   26.0   26.0   26.0   26.0   26.0
   26.0   26.0   28.0   30.5   30.5   30.0   28.0   26.5   26.0   26.0
   26.0   26.0   26.0   26.0   26.0   26.0   26.0   26.0   26.0   26.0
   26.0   26.0   26.0
   26.0   26.0   26.0   26.0   26.0   26.0   26.0   26.0   26.0   26.0
   26.0   26.0   26.0   26.0   26.0   26.0   26.0   26.0   26.0   26.0
   26.0   26.0   26.0   26.0   26.0   26.0   26.0   26.0   26.0   26.0
   26.0   26.0   26.0   26.0   26.0   26.0   26.0   26.0   26.0   26.0
   27.0   30.0   31.5   32.2   32.2   31.5   31.0   29.5   27.0   26.5
   26.0   26.0   26.0   26.0   26.0   26.0   26.0   26.0   26.0   26.0
   26.0   26.0   26.0
   26.0   26.0   26.0   26.0   26.0   26.0   26.0   26.0   26.0   26.0
   26.0   26.0   26.0   26.0   26.0   26.0   26.0   26.0   26.0   26.0
   26.0   26.0   26.0   26.0   26.0   26.0   26.0   26.0   26.0   26.0
   26.0   26.0   26.0   26.0   26.0   26.0   26.0   26.0   26.0   28.0
   30.5   32.0   33.0   33.7   33.5   32.8   31.8   31.1   30.0   29.0
   28.0   27.0   26.0   26.0   26.0   26.0   26.0   26.0   26.0   26.0
   26.0   26.0   26.0
   26.0   26.0   26.0   26.0   26.0   26.0   26.0   26.0   26.0   26.0
   26.0   26.0   26.0   26.0   26.0   26.0   26.0   26.0   26.0   26.0
   26.0   26.0   26.0   26.0   26.0   26.0   26.0   26.0   26.0   26.0
   26.0   26.0   26.0   26.0   26.0   26.0   26.0   26.0   27.0   28.0
   30.0   32.0   34.3   35.4   35.0   33.8   32.5   31.5   30.7   29.5
   28.2   27.0   26.0   26.0   26.0   26.0   26.0   26.0   26.0   26.0
   26.0   26.0   26.0
   26.0   26.0   26.0   26.0   26.0   26.0   26.0   26.0   26.0   26.0
   26.0   26.0   26.0   26.0   26.0   26.0   26.0   26.0   26.0   26.0
   26.0   26.0   26.0   26.0   26.0   26.0   26.0   26.0   26.0   26.0
   26.0   26.0   26.0   26.0   26.0   26.0   26.0   26.0   27.0   28.5
   30.5   32.4   34.8   37.0   35.0   33.5   32.2   31.2   30.3   29.0
   27.7   27.0   26.0   26.0   26.0   26.0   26.0   26.0   26.0   26.0
   26.0   26.0   26.0
   26.0   26.0   26.0   26.0   26.0   26.0   26.0   26.0   26.0   26.0
   26.0   26.0   26.0   26.0   26.0   26.0   26.0   26.0   26.0   26.0
   26.0   26.0   26.0   26.0   26.0   26.0   26.0   26.0   26.0   26.0
   26.0   26.0   26.0   26.0   26.0   26.0   26.0   26.0   27.0   28.4
   30.4   32.5   34.5   35.0   33.6   32.2   31.0   29.4   28.5   27.5
   26.5   26.0   26.0   26.0   26.0   26.0   26.0   26.0   26.0   26.0
   26.0   26.0   26.0
   26.0   26.0   26.0   26.0   26.0   26.0   26.0   26.0   26.0   26.0
   26.0   26.0   26.0   26.0   26.0   26.0   26.0   26.0   26.0   26.0
   26.0   26.0   26.0   26.0   26.0   26.0   26.0   26.0   26.0   26.0
   26.0   26.0   26.0   26.0   26.0   26.0   26.0   26.0   27.0   28.3
   29.4   30.0   30.5   31.0   31.2   30.4   28.5   27.7   26.9   26.0
   26.0   26.0   26.0   26.0   26.0   26.0   26.0   26.0   26.0   26.0
   26.0   26.0   26.0
   26.0   26.0   26.0   26.0   26.0   26.0   26.0   26.0   26.0   26.0
   26.0   26.0   26.0   26.0   26.0   26.0   26.0   26.0   26.0   26.0
   26.0   26.0   26.0   26.0   26.0   26.0   26.0   26.0   26.0   26.0
   26.0   26.0   26.0   26.0   26.0   26.0   26.0   26.5   27.4   28.7
   28.6   28.6   28.5   28.5   28.5   28.0   27.0   26.5   26.0   26.0
   26.0   26.0   26.0   26.0   26.0   26.0   26.0   26.0   26.0   26.0
   26.0   26.0   26.0
   26.0   26.0   26.0   26.0   26.0   26.0   26.0   26.0   26.0   26.0
   26.0   26.0   26.0   26.0   26.0   26.0   26.0   26.0   26.0   26.0
   26.0   26.0   26.0   26.0   26.0   26.0   26.0   26.0   26.0   26.0
   26.0   26.0   26.0   26.0   26.0   26.0   26.0   26.2   28.0   28.7
   28.6   28.5   27.8   27.0   26.7   26.2   26.0   26.0   26.0   26.0
   26.0   26.0   26.0   26.0   26.0   26.0   26.0   26.0   26.0   26.0
   26.0   26.0   26.0
   26.0   26.0   26.0   26.0   26.0   26.0   26.0   26.0   26.0   26.0
   26.0   26.0   26.0   26.0   26.0   26.0   26.0   26.0   26.0   26.0
   26.0   26.0   26.0   26.0   26.0   26.0   26.0   26.0   26.0   26.0
   26.0   26.0   26.0   26.0   26.0   28.0   28.0   32.9   34.5   34.2
   30.4   25.0   25.0   25.0   26.4   26.0   26.0   26.0   26.0   26.0
   26.0   26.0   26.0   26.0   26.0   26.0   26.0   26.0   26.0   26.0
   26.0   26.0   26.0
   26.0   26.0   26.0   26.0   26.0   26.0   26.0   26.0   26.0   26.0
   26.0   26.0   26.0   26.0   26.0   26.0   26.0   26.0   26.0   26.0
   26.0   26.0   26.0   26.0   26.0   26.0   26.0   26.0   26.0   26.0
   26.0   26.0   26.0   26.0   26.0   28.0   28.0   33.1   36.0   36.0
   34.2   29.0   25.0   25.0   25.0   26.0   26.0   26.0   26.0   26.0
   26.0   26.0   26.0   26.0   26.0   26.0   26.0   26.0   26.0   26.0
   26.0   26.0   26.0
   26.0   26.0   26.0   26.0   26.0   26.0   26.0   26.0   26.0   26.0
   26.0   26.0   26.0   26.0   26.0   26.0   26.0   26.0   26.0   26.0
   26.0   26.0   26.0   26.0   26.0   26.0   26.0   26.0   26.0   26.0
   26.0   26.0   26.0   26.0   26.0   25.0   27.4   32.4   35.9   36.0
   35.8   32.6   26.5   25.0   25.0   26.0   26.0   26.0   26.0   26.0
   26.0   26.0   26.0   26.0   26.0   26.0   26.0   26.0   26.0   26.0
   26.0   26.0   26.0
   26.0   26.0   26.0   26.0   26.0   26.0   26.0   26.0   26.0   26.0
   26.0   26.0   26.0   26.0   26.0   26.0   26.0   26.0   26.0   26.0
   26.0   26.0   26.0   26.0   26.0   26.0   26.0   26.0   26.0   26.0
   26.0   26.0   26.0   26.0   26.0   25.0   25.6   31.4   35.1   36.0
   35.9   34.2   30.5   25.0   25.0   26.0   26.0   26.0   26.0   26.0
   26.0   26.0   26.0   26.0   26.0   26.0   26.0   26.0   26.0   26.0
   26.0   26.0   26.0
   26.0   26.0   26.0   26.0   26.0   26.0   26.0   26.0   26.0   26.0
   26.0   26.0   26.0   26.0   26.0   26.0   26.0   26.0   26.0   26.0
   26.0   26.0   26.0   26.0   26.0   26.0   26.0   26.0   26.0   26.0
   26.0   26.0   26.0   26.0   26.0   25.0   25.0   30.6   34.2   35.4
   35.4   34.9   32.6   25.0   25.0   26.0   26.0   26.0   26.0   26.0
   26.0   26.0   26.0   26.0   26.0   26.0   26.0   26.0   26.0   26.0
   26.0   26.0   26.0
   26.0   26.0   26.0   26.0   26.0   26.0   26.0   26.0   26.0   26.0
   26.0   26.0   26.0   26.0   26.0   26.0   26.0   26.0   26.0   26.0
   26.0   26.0   26.0   26.0   26.0   26.0   26.0   26.0   26.0   26.0
   26.0   26.0   26.0   26.0   26.0   25.0   25.0   30.2   33.3   34.5
   34.8   35.0   33.6   26.0   25.0   25.0   26.0   26.0   26.0   26.0
   26.0   26.0   26.0   26.0   26.0   26.0   26.0   26.0   26.0   26.0
   26.0   26.0   26.0
   26.0   26.0   26.0   26.0   26.0   26.0   26.0   26.0   26.0   26.0
   26.0   26.0   26.0   26.0   26.0   26.0   26.0   26.0   26.0   26.0
   26.0   26.0   26.0   26.0   26.0   26.0   26.0   26.0   26.0   26.0
   26.0   26.0   26.0   26.0   26.0   25.0   25.0   30.3   32.9   33.9
   34.4   34.9   33.5   25.0   25.0   25.0   26.0   26.0   26.0   26.0
   26.0   26.0   26.0   26.0   26.0   26.0   26.0   26.0   26.0   26.0
   26.0   26.0   26.0
   26.0   26.0   26.0   26.0   26.0   26.0   26.0   26.0   26.0   26.0
   26.0   26.0   26.0   26.0   26.0   26.0   26.0   26.0   26.0   26.0
   26.0   26.0   26.0   26.0   26.0   26.0   26.0   26.0   26.0   26.0
   26.0   26.0   26.0   26.0   27.0   25.0   26.2   30.9   33.0   33.8
   34.4   34.7   32.5   25.0   25.0   26.0   26.0   26.0   26.0   26.0
   26.0   26.0   26.0   26.0   26.0   26.0   26.0   26.0   26.0   26.0
   26.0   26.0   26.0
   26.0   26.0   26.0   26.0   26.0   26.0   26.0   26.0   26.0   26.0
   26.0   26.0   26.0   26.0   26.0   26.0   26.0   26.0   26.0   26.0
   26.0   26.0   26.0   26.0   26.0   26.0   26.0   26.0   26.0   26.0
   26.0   26.0   26.0   26.0   27.5   25.0   28.1   32.0   33.6   34.2
   34.7   34.4   30.4   25.0   25.0   26.0   26.0   26.0   26.0   26.0
   26.0   26.0   26.0   26.0   26.0   26.0   26.0   26.0   26.0   26.0
   26.0   26.0   26.0
   26.0   26.0   26.0   26.0   26.0   26.0   26.0   26.0   26.0   26.0
   26.0   26.0   26.0   26.0   26.0   26.0   26.0   26.0   26.0   26.0
   26.0   26.0   26.0   26.0   26.0   26.0   26.0   26.0   26.0   26.0
   26.0   26.0   26.0   26.0   28.6   25.5   30.3   33.3   34.5   35.0
   35.1   33.7   26.8   25.0   25.0   26.0   26.0   26.0   26.0   26.0
   26.0   26.0   26.0   26.0   26.0   26.0   26.0   26.0   26.0   26.0
   26.0   26.0   26.0
   26.0   26.0   26.0   26.0   26.0   26.0   26.0   26.0   26.0   26.0
   26.0   26.0   26.0   26.0   26.0   26.0   26.0   26.0   26.0   26.0
   26.0   26.0   26.0   26.0   26.0   26.0   26.0   26.0   26.0   26.0
   26.0   26.0   26.0   28.5   30.5   28.9   32.4   34.6   35.5   35.8
   35.4   32.2   25.0   25.0   26.0   26.0   26.0   26.0   26.0   26.0
   26.0   26.0   26.0   26.0   26.0   26.0   26.0   26.0   26.0   26.0
   26.0   26.0   26.0
   26.0   26.0   26.0   26.0   26.0   26.0   26.0   26.0   26.0   26.0
   26.0   26.0   26.0   26.0   26.0   26.0   26.0   26.0   26.0   26.0
   26.0   26.0   26.0   26.0   26.0   26.0   26.0   26.0   26.0   26.0
   26.0   28.0   29.0   30.5   32.0   32.2   34.2   35.6   36.0   36.0
   35.1   29.4   25.0   25.0   26.0   26.0   26.0   26.0   26.0   26.0
   26.0   26.0   26.0   26.0   26.0   26.0   26.0   26.0   26.0   26.0
   26.0   26.0   26.0
   26.0   26.0   26.0   26.0   26.0   26.0   26.0   26.0   26.0   26.0
   26.0   26.0   26.0   26.0   26.0   26.0   26.0   26.0   26.0   26.0
   26.0   26.0   26.0   26.0   26.0   26.0   26.0   26.0   28.0   29.7
   29.5   29.5   30.5   32.0   33.8   34.8   35.3   36.0   36.0   36.0
   33.8   25.0   25.0   26.0   26.0   26.0   26.0   26.0   26.0   26.0
   26.0   26.0   26.0   26.0   26.0   26.0   26.0   26.0   26.0   26.0
   26.0   26.0   26.0
   26.0   26.0   26.0   26.0   26.0   26.0   26.0   26.0   26.0   26.0
   26.0   26.0   26.0   26.0   26.0   26.0   26.0   26.0   26.0   26.0
   26.0   26.0   26.0   26.0   27.0   30.0   32.0   35.0   32.5   31.0
   30.5   30.6   32.0   34.0   35.5   37.0   37.6   36.6   34.0   31.7
   29.5   27.0   26.0   26.0   26.0   26.0   26.0   26.0   26.0   26.0
   26.0   26.0   26.0   26.0   26.0   26.0   26.0   26.0   26.0   26.0
   26.0   26.0   26.0
   26.0   26.0   26.0   26.0   26.0   26.0   26.0   26.0   26.0   26.0
   26.0   26.0   26.0   26.0   26.0   26.0   26.0   26.0   26.0   26.0
   26.0   26.0   27.0   30.0   33.0   34.5   36.0   36.0   34.0   32.6
   31.8   32.5   34.2   35.5   37.0   38.4   38.2   35.7   33.0   30.7
   28.6   26.0   26.0   26.0   26.0   26.0   26.0   26.0   26.0   26.0
   26.0   26.0   26.0   26.0   26.0   26.0   26.0   26.0   26.0   26.0
   26.0   26.0   26.0
   26.0   26.0   26.0   26.0   26.0   26.0   26.0   26.0   26.0   26.0
   26.0   26.0   26.0   26.0   26.0   26.0   26.0   26.0   26.0   26.0
   26.0   26.0   27.0   30.0   32.0   34.0   35.4   36.2   34.5   35.2
   35.3   34.5   35.6   37.0   39.1   39.2   37.3   34.5   32.0   30.0
   28.0   26.0   26.0   26.0   26.0   26.0   26.0   26.0   26.0   26.0
   26.0   26.0   26.0   26.0   26.0   26.0   26.0   26.0   26.0   26.0
   26.0   26.0   26.0
   26.0   26.0   26.0   26.0   26.0   26.0   26.0   26.0   26.0   26.0
   26.0   26.0   26.0   26.0   26.0   26.0   26.0   26.0   26.0   26.0
   27.0   28.0   30.7   31.7   32.8   34.0   34.8   35.5   34.4   34.5
   34.6   35.6   37.0   39.4   41.0   38.0   35.5   33.0   31.0   29.0
   27.0   26.0   26.0   26.0   26.0   26.0   26.0   26.0   26.0   26.0
   26.0   26.0   26.0   26.0   26.0   26.0   26.0   26.0   26.0   26.0
   26.0   26.0   26.0
   26.0   26.0   26.0   26.0   26.0   26.0   26.0   26.0   26.0   26.0
   26.0   26.0   26.0   26.0   26.0   26.0   26.0   26.0   27.0   28.0
   29.6   30.8   31.7   32.5   33.3   34.3   34.5   34.6   34.6   34.8
   35.7   37.3   38.5   39.3   38.5   35.6   33.5   31.5   29.6   28.0
   26.0   26.0   26.0   26.0   26.0   26.0   26.0   26.0   26.0   26.0
   26.0   26.0   26.0   26.0   26.0   26.0   26.0   26.0   26.0   26.0
   26.0   26.0   26.0
   26.0   26.0   26.0   26.0   26.0   26.0   26.0   26.0   26.0   26.0
   26.0   26.0   26.0   26.0   26.0   26.0   27.0   28.5   29.5   30.5
   31.3   32.0   32.8   33.3   34.0   34.5   34.9   35.1   35.4   35.8
   36.5   37.3   37.5   37.0   35.0   33.5   31.8   30.0   28.0   26.0
   26.0   26.0   26.0   26.0   26.0   26.0   26.0   26.0   26.0   26.0
   26.0   26.0   26.0   26.0   26.0   26.0   26.0   26.0   26.0   26.0
   26.0   26.0   26.0
   26.0   26.0   26.0   26.0   26.0   26.0   26.0   26.0   26.0   26.0
   26.0   26.0   26.0   26.0   27.6   29.0   29.6   30.5   31.4   32.3
   32.5   33.5   34.1   34.5   35.0   35.2   35.3   35.6   35.6   35.5
   35.5   35.4   35.0   34.0   32.6   31.0   29.0   27.0   26.0   26.0
   26.0   26.0   26.0   26.0   26.0   26.0   26.0   26.0   26.0   26.0
   26.0   26.0   26.0   26.0   26.0   26.0   26.0   26.0   26.0   26.0
   26.0   26.0   26.0
   26.0   26.0   26.0   26.0   26.0   26.0   26.0   26.0   26.0   26.0
   26.0   26.0   26.0   28.5   29.5   30.5   31.4   32.1   33.0   33.7
   34.4   34.5   34.6   34.8   35.2   35.3   35.3   35.0   34.5   34.0
   33.5   33.0   32.0   31.0   29.0   27.0   26.0   26.0   26.0   26.0
   26.0   26.0   26.0   26.0   26.0   26.0   26.0   26.0   26.0   26.0
   26.0   26.0   26.0   26.0   26.0   26.0   26.0   26.0   26.0   26.0
   26.0   26.0   26.0
   26.0   26.0   26.0   26.0   26.0   26.0   26.0   26.0   26.0   26.0
   27.0   29.0   29.6   30.3   31.0   32.0   33.2   34.1   34.7   35.3
   35.3   34.7   34.5   34.5   34.5   34.2   33.7   33.2   32.5   31.8
   31.2   30.0   28.0   27.0   26.0   26.0   26.0   26.0   26.0   26.0
   26.0   26.0   26.0   26.0   26.0   26.0   26.0   26.0   26.0   26.0
   26.0   26.0   26.0   26.0   26.0   26.0   26.0   26.0   26.0   26.0
   26.0   26.0   26.0
   26.0   26.0   26.0   26.0   26.0   26.0   26.0   26.0   26.0   26.0
   28.0   30.2   30.8   31.7   33.0   34.2   35.0   36.0   36.4   35.5
   34.7   34.2   33.5   33.0   32.5   31.8   31.4   30.7   30.4   29.0
   28.0   27.0   26.0   26.0   26.0   26.0   26.0   26.0   26.0   26.0
   26.0   26.0   26.0   26.0   26.0   26.0   26.0   26.0   26.0   26.0
   26.0   26.0   26.0   26.0   26.0   26.0   26.0   26.0   26.0   26.0
   26.0   26.0   26.0
   26.0   26.0   26.0   26.0   26.0   26.0   26.0   26.0   27.0   29.0
   30.5   31.5   32.5   34.0   35.0   36.3   37.0   36.5   35.4   34.3
   33.4   32.3   31.6   31.0   30.6   30.0   29.5   29.0   28.0   26.0
   26.0   26.0   26.0   26.0   26.0   26.0   26.0   26.0   26.0   26.0
   26.0   26.0   26.0   26.0   26.0   26.0   26.0   26.0   26.0   26.0
   26.0   26.0   26.0   26.0   26.0   26.0   26.0   26.0   26.0   26.0
   26.0   26.0   26.0
   26.0   26.0   26.0   26.0   26.0   26.0   26.0   27.0   28.0   30.9
   32.0   32.8   34.3   35.5   37.0   37.7   36.9   34.0   33.7   32.5
   31.5   30.4   30.0   29.4   28.5   27.0   26.0   26.0   26.0   26.0
   26.0   26.0   26.0   26.0   26.0   26.0   26.0   26.0   26.0   26.0
   26.0   26.0   26.0   26.0   26.0   26.0   26.0   26.0   26.0   26.0
   26.0   26.0   26.0   26.0   26.0   26.0   26.0   26.0   26.0   26.0
   26.0   26.0   26.0
   26.0   26.0   26.0   26.0   26.0   26.0   26.0   28.0   30.0   32.3
   33.3   34.6   36.0   38.0   38.4   36.5   34.7   33.4   32.0   30.8
   30.0   29.2   27.0   26.0   26.0   26.0   26.0   26.0   26.0   26.0
   26.0   26.0   26.0   26.0   26.0   26.0   26.0   26.0   26.0   26.0
   26.0   26.0   26.0   26.0   26.0   26.0   26.0   26.0   26.0   26.0
   26.0   26.0   26.0   26.0   26.0   26.0   26.0   26.0   26.0   26.0
   26.0   26.0   26.0
   26.0   26.0   26.0   26.0   26.0   26.0   27.0   29.0   32.0   34.0
   35.4   36.7   38.5   37.8   36.2   34.4   33.0   31.7   30.5   29.0
   27.0   26.0   26.0   26.0   26.0   26.0   26.0   26.0   26.0   26.0
   26.0   26.0   26.0   26.0   26.0   26.0   26.0   26.0   26.0   26.0
   26.0   26.0   26.0   26.0   26.0   26.0   26.0   26.0   26.0   26.0
   26.0   26.0   26.0   26.0   26.0   26.0   26.0   26.0   26.0   26.0
   26.0   26.0   26.0
   26.0   26.0   26.0   26.0   26.0   26.0   27.0   29.0   32.0   34.0
   36.0   38.0   38.0   36.0   34.0   32.0   30.0   29.0   28.0   26.0
   26.0   26.0   26.0   26.0   26.0   26.0   26.0   26.0   26.0   26.0
   26.0   26.0   26.0   26.0   26.0   26.0   26.0   26.0   26.0   26.0
   26.0   26.0   26.0   26.0   26.0   26.0   26.0   26.0   26.0   26.0
   26.0   26.0   26.0   26.0   26.0   26.0   26.0   26.0   26.0   26.0
   26.0   26.0   26.0
   26.0   26.0   26.0   26.0   26.0   26.0   27.0   29.0   32.0   34.0
   36.0   38.0   38.0   36.0   34.0   32.0   30.0   28.0   26.0   26.0
   26.0   26.0   26.0   26.0   26.0   26.0   26.0   26.0   26.0   26.0
   26.0   26.0   26.0   26.0   26.0   26.0   26.0   26.0   26.0   26.0
   26.0   26.0   26.0   26.0   26.0   26.0   26.0   26.0   26.0   26.0
   26.0   26.0   26.0   26.0   26.0   26.0   26.0   26.0   26.0   26.0
   26.0   26.0   26.0
   26.0   26.0   26.0   26.0   26.0   26.0   27.0   29.0   32.0   34.0
   36.0   38.0   38.0   36.0   33.0   31.0   29.0   26.0   26.0   26.0
   26.0   26.0   26.0   26.0   26.0   26.0   26.0   26.0   26.0   26.0
   26.0   26.0   26.0   26.0   26.0   26.0   26.0   26.0   26.0   26.0
   26.0   26.0   26.0   26.0   26.0   26.0   26.0   26.0   26.0   26.0
   26.0   26.0   26.0   26.0   26.0   26.0   26.0   26.0   26.0   26.0
   26.0   26.0   26.0
   26.0   26.0   26.0   26.0   26.0   26.0   27.0   29.0   32.0   34.0
   36.0   38.0   36.0   35.0   32.0   29.0   27.0   26.0   26.0   26.0
   26.0   26.0   26.0   26.0   26.0   26.0   26.0   26.0   26.0   26.0
   26.0   26.0   26.0   26.0   26.0   26.0   26.0   26.0   26.0   26.0
   26.0   26.0   26.0   26.0   26.0   26.0   26.0   26.0   26.0   26.0
   26.0   26.0   26.0   26.0   26.0   26.0   26.0   26.0   26.0   26.0
   26.0   26.0   26.0
   26.0   26.0   26.0   26.0   26.0   26.0   27.0   29.0   32.0   34.0
   36.0   36.0   33.0   30.0   27.0   26.0   26.0   26.0   26.0   26.0
   26.0   26.0   26.0   26.0   26.0   26.0   26.0   26.0   26.0   26.0
   26.0   26.0   26.0   26.0   26.0   26.0   26.0   26.0   26.0   26.0
   26.0   26.0   26.0   26.0   26.0   26.0   26.0   26.0   26.0   26.0
   26.0   26.0   26.0   26.0   26.0   26.0   26.0   26.0   26.0   26.0
   26.0   26.0   26.0
   26.0   26.0   26.0   26.0   26.0   26.0   27.0   29.0   30.0   31.0
   32.0   32.0   29.0   27.0   26.0   26.0   26.0   26.0   26.0   26.0
   26.0   26.0   26.0   26.0   26.0   26.0   26.0   26.0   26.0   26.0
   26.0   26.0   26.0   26.0   26.0   26.0   26.0   26.0   26.0   26.0
   26.0   26.0   26.0   26.0   26.0   26.0   26.0   26.0   26.0   26.0
   26.0   26.0   26.0   26.0   26.0   26.0   26.0   26.0   26.0   26.0
   26.0   26.0   26.0
   26.0   26.0   26.0   26.0   26.0   26.0   26.0   27.0   28.0   28.0
   29.0   29.0   27.0   26.0   26.0   26.0   26.0   26.0   26.0   26.0
   26.0   26.0   26.0   26.0   26.0   26.0   26.0   26.0   26.0   26.0
   26.0   26.0   26.0   26.0   26.0   26.0   26.0   26.0   26.0   26.0
   26.0   26.0   26.0   26.0   26.0   26.0   26.0   26.0   26.0   26.0
   26.0   26.0   26.0   26.0   26.0   26.0   26.0   26.0   26.0   26.0
   26.0   26.0   26.0
   26.0   26.0   26.0   26.0   26.0   26.0   26.0   26.0   26.0   27.0
   27.0   27.0   26.0   26.0   26.0   26.0   26.0   26.0   26.0   26.0
   26.0   26.0   26.0   26.0   26.0   26.0   26.0   26.0   26.0   26.0
   26.0   26.0   26.0   26.0   26.0   26.0   26.0   26.0   26.0   26.0
   26.0   26.0   26.0   26.0   26.0   26.0   26.0   26.0   26.0   26.0
   26.0   26.0   26.0   26.0   26.0   26.0   26.0   26.0   26.0   26.0
   26.0   26.0   26.0
   26.0   26.0   26.0   26.0   26.0   26.0   26.0   26.0   26.0   26.0
   26.0   26.0   26.0   26.0   26.0   26.0   26.0   26.0   26.0   26.0
   26.0   26.0   26.0   26.0   26.0   26.0   26.0   26.0   26.0   26.0
   26.0   26.0   26.0   26.0   26.0   26.0   26.0   26.0   26.0   26.0
   26.0   26.0   26.0   26.0   26.0   26.0   26.0   26.0   26.0   26.0
   26.0   26.0   26.0   26.0   26.0   26.0   26.0   26.0   26.0   26.0
   26.0   26.0   26.0
  700.0  677.1  669.5  661.9  654.1  646.5  639.0  631.2  623.6  616.0
  608.2  600.7  597.4  594.5  591.7  588.9  586.0  583.2  580.4  577.5
  574.7  571.9  569.0  566.2  563.4  560.5  557.7  554.9  552.0  549.2
  546.4  543.5  540.7  537.9  535.0  532.2  529.4  526.5  523.7  520.9
  518.0  515.2  512.4  509.5  506.7  503.8  501.0  495.2  488.0  480.6
  473.4  466.2  458.8  451.6  444.4  437.0  429.7  422.5  415.1  407.9
  400.7  383.0  275.6
  700.0  650.0  633.5  617.0  600.0  588.8  577.6  566.0  554.8  543.6
  532.0  520.8  509.6  497.8  484.7  471.7  458.3  445.3  432.3  418.9
  405.9  398.4  395.3  392.2  389.2  386.1  383.1  380.1  377.0  374.0
  371.0  367.9  364.9  361.9  358.8  355.8  352.8  349.7  346.7  343.6
  340.5  337.5  334.5  331.4  328.4  325.4  322.3  319.3  316.3  313.2
  310.2  307.2  304.1  301.1  292.3  280.1  268.2  256.4  244.2  232.3
  220.5  208.3  133.6
  700.0  650.0  633.5  617.0  600.0  588.7  577.4  565.8  554.5  543.2
  531.6  520.3  509.0  497.0  484.0  470.9  457.5  444.4  431.4  417.9
  404.9  397.8  394.1  390.6  387.1  383.4  379.9  376.3  372.7  369.2
  365.6  362.0  358.4  354.9  351.2  347.7  344.2  340.5  337.0  333.4
  329.8  326.3  322.7  319.1  315.5  312.0  308.4  304.8  301.3  294.1
  285.2  276.3  267.2  258.4  249.5  240.4  231.5  222.7  213.5  204.7
  194.5  182.5  111.9
  700.0  650.0  633.5  617.0  600.0  588.6  577.3  565.6  554.2  542.9
  531.2  519.8  508.5  496.3  483.2  470.1  456.6  443.5  430.5  417.0
  403.9  396.7  391.8  387.1  382.3  377.5  372.7  368.0  363.1  358.4
  353.7  348.8  344.0  339.3  334.4  329.7  325.0  320.1  315.4  310.6
  305.8  301.0  295.2  288.8  282.6  276.4  270.0  263.8  257.7  251.3
  245.1  238.9  232.5  226.3  220.2  213.8  207.6  201.4  191.3  180.4
  169.5  158.4   88.9
  700.0  650.0  633.5  617.0  600.0  588.6  577.2  565.4  554.0  542.5
  530.8  519.3  507.9  495.6  482.4  469.3  455.8  442.7  429.5  416.0
  402.9  391.0  379.1  367.6  356.1  344.3  332.8  321.2  309.4  299.3
  295.5  291.5  287.7  283.9  279.9  276.1  272.3  268.3  264.5  260.7
  256.7  252.9  249.1  245.2  241.3  237.5  233.6  229.7  225.9  222.0
  218.1  214.3  210.4  206.5  202.7  196.8  186.8  176.7  166.4  156.4
  146.3  136.0   60.5
  700.0  650.0  633.5  617.0  600.0  588.5  577.0  565.2  553.7  542.2
  530.3  518.8  507.3  494.8  481.6  468.5  454.9  441.7  428.6  415.0
  401.8  390.2  378.5  367.2  355.9  344.2  332.9  321.5  309.9  299.4
  295.1  290.7  286.4  282.1  277.6  273.3  269.0  264.6  260.3  256.0
  251.5  247.2  242.9  238.5  234.1  229.8  225.4  221.1  216.8  212.3
  208.0  203.7  198.5  189.3  180.2  170.8  161.6  152.5  143.1  133.9
  124.8  115.3   38.9
  700.0  650.0  633.5  617.0  600.0  588.4  576.9  564.9  553.4  541.8
  529.9  518.3  506.7  494.1  480.9  467.6  454.0  440.8  427.6  414.0
  400.8  389.5  377.9  366.7  355.5  344.0  332.7  321.5  310.0  299.5
  294.5  289.4  284.4  279.4  274.3  269.3  264.4  259.2  254.3  249.3
  244.2  239.2  234.2  229.1  224.1  219.2  214.1  209.1  204.1  198.3
  190.0  181.7  173.2  164.9  156.6  148.1  139.8  131.5  123.0  114.7
  106.4   96.1   30.0
  700.0  650.0  633.5  617.0  600.0  588.4  576.7  564.7  553.1  541.4
  529.4  517.8  506.1  493.3  480.1  466.8  453.2  439.9  426.7  413.0
  399.8  388.7  377.2  366.1  355.0  343.5  332.4  321.3  309.9  299.3
  293.4  287.2  281.2  275.3  269.1  263.1  257.2  251.0  245.1  239.1
  232.9  227.0  221.0  214.9  208.9  202.9  196.0  188.5  181.1  173.4
  166.0  158.5  150.8  143.4  135.9  128.3  120.8  113.4  105.7   96.5
   81.6   66.2   30.0
  700.0  650.0  633.5  617.0  600.0  588.3  576.6  564.5  552.8  541.0
  529.0  517.2  505.5  492.6  479.3  466.0  452.3  439.0  425.7  412.0
  398.9  387.9  376.5  365.4  354.3  342.9  331.9  320.8  309.4  298.9
  291.2  283.2  275.5  267.8  259.9  252.2  244.4  236.5  228.8  221.1
  213.1  205.4  198.0  191.2  184.6  178.0  171.1  164.5  157.9  151.0
  144.4  137.8  130.9  124.3  117.7  110.9  104.2   94.8   80.0   65.6
   51.3   42.3   30.0
  700.0  650.0  633.5  617.0  600.0  588.2  576.4  564.3  552.5  540.7
  528.5  516.7  504.9  491.8  478.5  465.1  451.4  438.1  424.7  411.0
  398.1  387.0  375.7  364.6  353.6  342.2  331.2  320.2  308.8  297.7
  286.6  275.1  263.9  252.7  241.2  230.1  218.9  207.4  198.0  192.1
  186.0  180.2  174.3  168.2  162.3  156.4  150.4  144.5  138.6  132.5
  126.6  120.7  114.7  108.8  102.9   92.6   78.9   65.2   51.0   42.7
   34.9   30.0   30.0
  700.0  650.0  633.5  617.0  600.0  588.1  576.3  564.0  552.2  540.3
  528.0  516.2  504.3  491.1  477.7  464.3  450.5  437.1  423.8  410.0
  397.2  386.2  374.8  363.8  352.7  341.4  330.3  319.3  307.9  295.9
  281.4  266.3  251.8  237.2  222.2  207.6  197.2  191.1  185.1  179.2
  173.1  167.2  161.3  155.2  149.2  143.3  137.2  131.3  125.4  119.3
  113.4  107.4  101.3   89.9   77.0   63.6   50.6   42.9   35.2   30.0
   30.0   30.0   30.0
  700.0  650.0  633.5  617.0  600.0  588.0  576.1  563.8  551.8  539.9
  527.6  515.6  503.7  490.3  476.9  463.4  449.6  436.2  422.8  408.9
  396.3  385.2  373.8  362.8  351.7  340.3  329.3  318.2  306.8  294.5
  280.3  265.5  251.3  237.0  222.3  208.0  196.9  189.8  182.9  175.9
  168.8  161.8  154.9  147.8  140.8  133.9  126.7  119.8  112.9  105.7
   97.9   85.8   73.3   61.2   49.4   42.1   35.0   30.0   30.0   30.0
   30.0   30.0   30.0
  700.0  650.0  633.5  617.0  600.0  588.0  575.9  563.5  551.5  539.5
  527.1  515.1  503.0  489.5  476.1  462.6  448.7  435.2  421.8  407.9
  395.4  384.3  372.9  361.7  350.6  339.2  328.1  317.0  305.5  293.0
  279.0  264.5  250.5  236.5  222.1  208.1  196.5  187.8  179.5  171.1
  162.5  154.1  145.7  137.1  128.7  120.4  111.8  103.4   93.3   81.7
   70.5   59.2   48.6   41.8   35.1   30.0   30.0   30.0   30.0   30.0
   30.0   30.0   30.0
  700.0  650.0  633.5  617.0  600.0  587.9  575.8  563.3  551.2  539.1
  526.6  514.5  502.4  488.7  475.2  461.7  447.8  434.3  420.8  406.9
  394.5  383.3  371.8  360.6  349.4  337.9  326.7  315.6  304.0  291.2
  277.5  263.3  249.5  235.8  221.6  207.9  195.4  184.5  173.9  163.2
  152.3  141.7  131.0  120.1  109.4   98.8   88.2   77.9   67.5   56.9
   47.8   41.4   34.8   30.0   30.0   30.0   30.0   30.0   30.0   30.0
   30.0   30.0   30.0
  700.0  650.0  633.5  617.0  600.0  587.8  575.6  563.1  550.9  538.7
  526.1  513.9  501.7  487.9  474.4  460.8  446.9  433.3  419.8  405.8
  393.6  382.3  370.7  359.4  348.1  336.5  325.2  313.9  302.3  289.2
  275.7  261.8  248.2  234.7  220.8  207.3  193.1  177.8  162.9  148.0
  132.7  117.8  102.9   92.1   82.7   73.3   63.6   54.2   46.7   40.4
   34.3   30.0   30.0   30.0   30.0   30.0   30.0   30.0   30.0   30.0
   30.0   30.0   30.0
  700.0  650.0  633.5  617.0  600.0  587.7  575.5  562.8  550.5  538.3
  525.6  513.3  501.1  487.2  473.6  460.0  446.0  432.4  418.8  404.8
  392.6  381.2  369.5  358.1  346.7  334.9  323.5  312.1  300.4  287.1
  273.8  260.1  246.7  233.4  219.7  206.3  190.3  171.2  152.6  134.1
  114.9   97.8   86.8   75.3   64.3   53.2   45.7   39.9   34.1   30.0
   30.0   30.0   30.0   30.0   30.0   30.0   30.0   30.0   30.0   30.0
   30.0   30.0   30.0
  700.0  650.0  633.5  617.0  600.0  587.6  575.3  562.6  550.2  537.8
  525.1  512.7  500.4  486.4  472.7  459.1  445.1  431.4  417.8  403.7
  391.6  380.1  368.2  356.7  345.1  333.2  321.7  310.2  298.0  284.9
  271.7  258.1  244.9  231.8  218.2  205.0  188.8  170.1  151.9  133.8
  115.1   96.7   77.5   57.6   46.5   40.8   34.9   30.0   30.0   30.0
   30.0   30.0   30.0   30.0   30.0   30.0   30.0   30.0   30.0   30.0
   30.0   30.0   30.0
  700.0  650.0  633.5  617.0  600.0  587.6  575.1  562.3  549.8  537.4
  524.6  512.1  499.7  485.6  471.9  458.2  444.1  430.4  416.7  402.6
  390.6  378.9  366.8  355.1  343.4  331.4  319.7  308.0  295.4  282.4
  269.3  255.8  242.8  229.7  216.3  203.2  186.5  168.0  150.1  132.3
  113.8   95.2   73.9   52.1   44.2   37.8   31.2   30.0   30.0   30.0
   30.0   30.0   30.0   30.0   30.0   30.0   30.0   30.0   30.0   30.0
   30.0   30.0   30.0
  700.0  650.0  633.5  617.0  600.0  587.5  574.9  562.0  549.5  537.0
  524.1  511.5  498.9  484.8  471.0  457.3  443.2  429.4  415.7  401.6
  389.5  377.6  365.4  353.5  341.6  329.4  317.5  305.7  292.8  279.8
  266.8  253.4  240.4  227.3  213.9  200.9  183.5  165.2  147.4  129.6
  111.3   92.3   71.2   49.8   43.3   36.8   30.1   30.0   30.0   30.0
   30.0   30.0   30.0   30.0   30.0   30.0   30.0   30.0   30.0   30.0
   30.0   30.0   30.0
  700.0  650.0  633.5  617.0  600.0  587.4  574.8  561.8  549.2  536.5
  523.5  510.9  498.2  484.0  470.2  456.4  442.2  428.5  414.7  400.5
  388.4  376.3  363.9  351.8  339.7  327.3  315.3  303.2  290.0  277.0
  264.0  250.6  237.5  224.5  211.1  197.4  179.7  161.4  143.6  125.9
  107.6   88.8   69.1   49.6   42.9   36.3   30.0   30.0   30.0   30.0
   30.0   30.0   30.0   30.0   30.0   30.0   30.0   30.0   30.0   30.0
   30.0   30.0   30.0
  700.0  650.0  633.5  617.0  600.0  587.3  574.6  561.5  548.8  536.1
  523.0  510.3  497.4  483.1  469.3  455.5  441.3  427.4  413.6  399.5
  387.2  374.9  362.2  350.0  337.7  325.0  312.7  300.5  287.0  273.9
  260.8  247.3  234.2  221.1  207.6  192.5  174.8  156.5  138.7  121.0
  102.7   84.9   67.1   49.6   42.7   35.9   30.0   30.0   30.0   30.0
   30.0   30.0   30.0   30.0   30.0   30.0   30.0   30.0   30.0   30.0
   30.0   30.0   30.0
  700.0  650.0  633.5  617.0  600.0  587.2  574.4  561.2  548.4  535.6
  522.5  509.7  496.6  482.3  468.5  454.6  440.3  426.5  412.6  398.5
  386.0  373.5  360.6  348.1  335.6  322.7  310.2  297.5  283.8  270.6
  257.3  243.7  230.4  217.1  203.5  186.9  169.1  150.7  132.9  115.1
   97.1   81.1   65.1   49.4   42.4   35.4   30.0   30.0   30.0   30.0
   30.0   30.0   30.0   30.0   30.0   30.0   30.0   30.0   30.0   30.0
   30.0   30.0   30.0
  700.0  650.0  633.5  617.0  600.0  587.1  574.2  561.0  548.1  535.2
  521.9  509.0  495.8  481.5  467.6  453.7  439.4  425.5  411.5  397.5
  384.7  372.0  358.8  346.1  333.3  320.2  307.4  294.4  280.4  266.9
  253.4  239.5  226.0  212.4  198.1  180.2  162.4  144.0  126.1  108.3
   91.7   77.2   62.6   48.8   41.7   34.5   30.0   30.0   30.0   30.0
   30.0   30.0   30.0   30.0   30.0   30.0   30.0   30.0   30.0   30.0
   30.0   30.0   30.0
  700.0  650.0  633.5  617.0  600.0  587.0  574.0  560.7  547.7  534.7
  521.4  508.4  495.1  480.7  466.7  452.8  438.4  424.4  410.5  396.4
  383.3  370.3  356.9  343.9  330.9  317.5  304.5  290.9  276.6  262.7
  248.8  234.4  220.5  206.6  190.1  172.3  154.4  136.0  118.2  100.3
   86.3   72.8   59.3   47.5   40.3   33.0   30.0   30.0   30.0   30.0
   30.0   30.0   30.0   30.0   30.0   30.0   30.0   30.0   30.0   30.0
   30.0   30.0   30.0
  700.0  650.0  633.5  617.0  600.0  586.9  573.9  560.4  547.3  534.3
  520.8  507.7  494.3  479.8  465.8  451.8  437.4  423.4  409.4  395.2
  382.0  368.7  355.0  341.7  328.5  314.8  301.5  287.2  272.3  257.9
  243.5  228.6  214.2  199.7  181.4  163.6  145.8  127.5  109.7   94.2
   81.0   68.2   55.4   45.5   38.2   30.8   30.0   30.0   30.0   30.0
   30.0   30.0   30.0   30.0   30.0   30.0   30.0   30.0   30.0   30.0
   30.0   30.0   30.0
  700.0  650.0  633.5  617.0  600.0  586.8  573.7  560.1  546.9  533.8
  520.2  507.1  493.5  479.0  465.0  450.9  436.4  422.4  408.3  394.1
  380.5  367.0  353.0  339.5  325.9  312.0  298.2  283.1  267.5  252.3
  237.2  221.6  206.5  189.9  171.7  154.0  136.4  118.2  100.6   88.1
   75.3   63.0   50.6   42.7   35.3   30.0   30.0   30.0   30.0   30.0
   30.0   30.0   30.0   30.0   30.0   30.0   30.0   30.0   30.0   30.0
   30.0   30.0   30.0
  700.0  650.0  633.5  617.0  600.0  586.7  573.5  559.8  546.6  533.3
  519.6  506.4  492.7  478.2  464.1  450.0  435.4  421.3  407.2  392.8
  379.0  365.2  350.9  337.1  323.2  308.9  294.3  278.1  261.5  245.4
  229.2  212.6  196.2  178.8  160.9  143.5  126.2  108.3   93.6   81.5
   69.0   56.9   46.8   39.1   31.6   30.0   30.0   30.0   30.0   30.0
   30.0   30.0   30.0   30.0   30.0   30.0   30.0   30.0   30.0   30.0
   30.0   30.0   30.0
  700.0  650.0  633.5  617.0  600.0  586.6  573.3  559.5  546.2  532.8
  519.0  505.7  491.9  477.3  463.2  449.0  434.4  420.3  406.2  391.6
  377.5  363.3  348.8  334.6  320.5  306.0  289.9  272.4  254.4  236.9
  219.4  201.4  184.4  167.4  149.9  133.0  116.0   98.9   86.8   74.7
   62.2   50.1   42.6   34.9   30.0   30.0   30.0   30.0   30.0   30.0
   30.0   30.0   30.0   30.0   30.0   30.0   30.0   30.0   30.0   30.0
   30.0   30.0   30.0
  700.0  650.0  633.5  617.0  600.0  586.5  573.1  559.2  545.8  532.3
  518.5  505.0  491.1  476.5  462.3  448.1  433.5  419.3  405.1  390.3
  375.9  361.5  346.6  332.2  317.8  302.9  284.5  265.2  245.2  225.8
  206.4  188.5  172.1  155.7  138.8  122.4  105.9   91.8   79.7   67.5
   54.9   45.5   38.0   30.2   30.0   30.0   30.0   30.0   30.0   30.0
   30.0   30.0   30.0   30.0   30.0   30.0   30.0   30.0   30.0   30.0
   30.0   30.0   30.0
  700.0  650.0  633.5  617.0  600.0  586.4  572.9  558.9  545.4  531.8
  517.8  504.3  490.2  475.6  461.3  447.1  432.4  418.2  403.9  389.2
  375.0  360.7  346.0  331.7  317.4  302.7  283.6  263.5  242.7  222.6
  202.4  184.0  166.4  148.9  130.8  113.2   96.9   84.3   72.0   59.8
   48.2   40.6   33.0   30.0   30.0   30.0   30.0   30.0   30.0   30.0
   30.0   30.0   30.0   30.0   30.0   30.0   30.0   30.0   30.0   30.0
   30.0   30.0   30.0
  700.0  650.0  633.5  617.0  600.0  586.3  572.7  558.6  544.9  531.3
  517.2  503.6  489.4  474.7  460.4  446.1  431.4  417.1  402.8  389.5
  377.0  364.4  351.4  338.9  326.3  313.3  300.7  280.3  258.8  237.9
  217.0  195.1  172.4  149.6  126.2  103.4   89.6   77.0   64.8   52.6
   43.7   35.9   30.0   30.0   30.0   30.0   30.0   30.0   30.0   30.0
   30.0   30.0   30.0   30.0   30.0   30.0   30.0   30.0   30.0   30.0
   30.0   30.0   30.0
  700.0  650.0  633.5  617.0  600.0  585.6  571.1  556.3  541.8  527.4
  512.5  498.2  484.5  470.4  456.8  443.1  429.0  415.4  401.7  389.7
  378.4  367.1  355.4  344.1  332.7  321.1  309.7  296.9  274.6  252.9
  231.1  208.8  185.6  161.5  136.6  112.5   92.5   76.7   61.3   47.9
   39.6   31.6   30.0   30.0   30.0   30.0   30.0   30.0   30.0   30.0
   30.0   30.0   30.0   30.0   30.0   30.0   30.0   30.0   30.0   30.0
   30.0   30.0   30.0
  700.0  651.6  635.6  619.7  603.2  590.2  578.0  565.4  553.1  540.9
  528.3  516.1  503.8  489.8  475.5  461.2  446.5  432.2  418.0  403.3
  390.9  379.0  366.8  355.0  343.2  331.0  319.1  307.3  290.6  268.0
  245.4  222.1  199.4  173.8  147.4  121.8   97.2   77.3   58.1   45.1
   36.3   30.0   30.0   30.0   30.0   30.0   30.0   30.0   30.0   30.0
   30.0   30.0   30.0   30.0   30.0   30.0   30.0   30.0   30.0   30.0
   30.0   30.0   30.0
  700.0  663.5  651.5  639.4  627.0  615.0  603.0  589.5  576.2  562.9
  549.2  535.8  522.5  508.8  494.9  480.0  464.7  449.8  434.9  419.6
  404.7  391.5  378.7  366.2  353.8  341.0  328.5  316.1  303.3  282.7
  259.0  234.7  211.1  185.8  158.1  131.3  104.4   80.8   58.6   44.3
   34.7   30.0   30.0   30.0   30.0   30.0   30.0   30.0   30.0   30.0
   30.0   30.0   30.0   30.0   30.0   30.0   30.0   30.0   30.0   30.0
   30.0   30.0   30.0
  700.0  673.0  663.0  652.9  642.5  632.4  622.3  611.9  601.9  588.2
  573.2  558.7  544.1  529.2  514.6  500.1  484.1  468.6  453.0  437.0
  421.5  405.9  391.5  378.3  365.2  351.6  338.5  325.3  311.8  297.4
  272.8  247.3  222.7  197.7  168.9  140.9  112.9   86.9   63.7   45.7
   34.8   30.0   30.0   30.0   30.0   30.0   30.0   30.0   30.0   30.0
   30.0   30.0   30.0   30.0   30.0   30.0   30.0   30.0   30.0   30.0
   30.0   30.0   30.0
  700.0  700.0  690.1  679.1  667.8  656.8  645.8  634.5  623.5  612.5
  601.2  585.8  569.9  553.5  537.6  521.7  505.4  489.2  473.0  456.2
  440.0  423.8  407.0  392.0  378.0  363.6  349.6  335.5  321.1  307.1
  287.2  260.5  234.6  208.7  179.8  150.8  121.8   93.3   69.0   47.5
   35.5   30.0   30.0   30.0   30.0   30.0   30.0   30.0   30.0   30.0
   30.0   30.0   30.0   30.0   30.0   30.0   30.0   30.0   30.0   30.0
   30.0   30.0   30.0
  700.0  700.0  700.0  700.0  695.7  683.7  671.7  659.4  647.4  635.4
  623.1  611.1  598.7  580.8  563.5  546.1  528.2  510.9  493.7  476.2
  459.2  442.3  424.8  407.8  391.9  376.4  361.4  346.4  330.9  315.9
  300.9  273.6  246.3  219.1  190.2  160.4  130.5   99.8   74.3   49.4
   36.9   30.0   30.0   30.0   30.0   30.0   30.0   30.0   30.0   30.0
   30.0   30.0   30.0   30.0   30.0   30.0   30.0   30.0   30.0   30.0
   30.0   30.0   30.0
  700.0  700.0  700.0  700.0  700.0  700.0  700.0  687.6  674.5  661.4
  648.0  634.9  621.9  608.4  593.3  574.3  554.8  535.8  516.8  497.5
  479.7  462.0  443.7  426.0  408.3  390.9  374.7  358.5  341.8  325.6
  309.4  287.2  258.5  229.9  200.4  169.8  139.2  107.6   79.8   52.9
   38.3   30.0   30.0   30.0   30.0   30.0   30.0   30.0   30.0   30.0
   30.0   30.0   30.0   30.0   30.0   30.0   30.0   30.0   30.0   30.0
   30.0   30.0   30.0
  700.0  700.0  700.0  700.0  700.0  700.0  700.0  700.0  700.0  691.9
  677.2  662.9  648.6  633.9  619.6  605.3  586.3  565.6  544.8  523.4
  502.6  483.7  464.6  446.1  427.5  408.4  390.3  372.7  354.6  337.0
  319.4  301.2  271.8  241.5  210.3  179.3  147.9  115.6   85.7   57.2
   39.8   30.0   30.0   30.0   30.0   30.0   30.0   30.0   30.0   30.0
   30.0   30.0   30.0   30.0   30.0   30.0   30.0   30.0   30.0   30.0
   30.0   30.0   30.0
  700.0  700.0  700.0  700.0  700.0  700.0  700.0  700.0  700.0  700.0
  700.0  693.8  678.2  662.1  646.5  630.9  614.8  598.8  576.1  552.7
  530.0  507.3  486.2  466.8  447.4  427.4  408.0  388.7  368.8  349.6
  330.4  310.6  285.6  253.5  220.4  188.4  156.4  123.4   91.8   61.5
   41.2   30.0   30.0   30.0   30.0   30.0   30.0   30.0   30.0   30.0
   30.0   30.0   30.0   30.0   30.0   30.0   30.0   30.0   30.0   30.0
   30.0   30.0   30.0
  700.0  700.0  700.0  700.0  700.0  700.0  700.0  700.0  700.0  700.0
  700.0  700.0  700.0  694.1  677.1  660.0  642.4  625.4  608.3  586.5
  561.7  536.9  511.3  488.9  468.6  447.7  427.3  407.0  385.5  364.4
  343.2  321.5  300.3  266.5  231.4  197.5  164.7  131.0   98.3   66.0
   42.5   30.0   30.0   30.0   30.0   30.0   30.0   30.0   30.0   30.0
   30.0   30.0   30.0   30.0   30.0   30.0   30.0   30.0   30.0   30.0
   30.0   30.0   30.0
  700.0  700.0  700.0  700.0  700.0  700.0  700.0  700.0  700.0  700.0
  700.0  700.0  700.0  700.0  700.0  694.1  674.9  656.2  637.4  618.2
  599.2  572.0  544.0  516.9  491.9  469.9  448.6  427.3  405.3  382.4
  358.9  334.8  311.3  281.2  243.8  207.5  173.4  138.9  105.5   71.0
   43.9   30.0   30.0   30.0   30.0   30.0   30.0   30.0   30.0   30.0
   30.0   30.0   30.0   30.0   30.0   30.0   30.0   30.0   30.0   30.0
   30.0   30.0   30.0
  700.0  700.0  700.0  700.0  700.0  700.0  700.0  700.0  700.0  700.0
  700.0  700.0  700.0  700.0  700.0  700.0  700.0  690.1  669.7  648.6
  628.1  607.7  580.6  550.9  521.2  493.0  470.6  448.3  425.2  402.9
  377.2  350.3  324.2  297.1  257.2  218.4  182.0  146.7  112.4   76.2
   45.2   30.2   30.0   30.0   30.0   30.0   30.0   30.0   30.0   30.0
   30.0   30.0   30.0   30.0   30.0   30.0   30.0   30.0   30.0   30.0
   30.0   30.0   30.0
  700.0  700.0  700.0  700.0  700.0  700.0  700.0  700.0  700.0  700.0
  700.0  700.0  700.0  700.0  700.0  700.0  700.0  700.0  700.0  683.1
  660.7  638.3  615.3  589.8  557.4  524.1  494.1  470.6  446.4  423.0
  399.4  369.2  339.9  310.6  272.3  230.8  190.9  154.6  119.3   81.9
   46.4   31.1   30.0   30.0   30.0   30.0   30.0   30.0   30.0   30.0
   30.0   30.0   30.0   30.0   30.0   30.0   30.0   30.0   30.0   30.0
   30.0   30.0   30.0
  700.0  700.0  700.0  700.0  700.0  700.0  700.0  700.0  700.0  700.0
  700.0  700.0  700.0  700.0  700.0  700.0  700.0  700.0  700.0  700.0
  698.7  674.2  648.9  624.4  599.9  563.6  528.3  495.1  469.7  445.0
  420.3  393.1  359.9  326.7  290.0  245.4  200.8  163.1  126.7   88.4
   47.7   31.9   30.0   30.0   30.0   30.0   30.0   30.0   30.0   30.0
   30.0   30.0   30.0   30.0   30.0   30.0   30.0   30.0   30.0   30.0
   30.0   30.0   30.0
  700.0  700.0  700.0  700.0  700.0  700.0  700.0  700.0  700.0  700.0
  700.0  700.0  700.0  700.0  700.0  700.0  700.0  700.0  700.0  700.0
  700.0  700.0  685.8  659.1  632.3  604.8  568.5  530.2  493.8  467.8
  441.8  415.0  384.1  346.4  307.6  261.7  213.7  171.8  134.1   95.4
   48.9   32.8   30.0   30.0   30.0   30.0   30.0   30.0   30.0   30.0
   30.0   30.0   30.0   30.0   30.0   30.0   30.0   30.0   30.0   30.0
   30.0   30.0   30.0
  700.0  700.0  700.0  700.0  700.0  700.0  700.0  700.0  700.0  700.0
  700.0  700.0  700.0  700.0  700.0  700.0  700.0  700.0  700.0  700.0
  700.0  700.0  700.0  697.9  668.8  638.7  609.6  572.1  529.4  492.0
  464.7  436.5  409.1  371.3  327.0  280.7  228.8  181.3  141.9  102.5
   50.4   33.6   30.0   30.0   30.0   30.0   30.0   30.0   30.0   30.0
   30.0   30.0   30.0   30.0   30.0   30.0   30.0   30.0   30.0   30.0
   30.0   30.0   30.0
  700.0  700.0  700.0  700.0  700.0  700.0  700.0  700.0  700.0  700.0
  700.0  700.0  700.0  700.0  700.0  700.0  700.0  700.0  700.0  700.0
  700.0  700.0  700.0  700.0  700.0  677.9  646.1  614.3  573.9  529.1
  489.8  460.0  431.0  402.1  352.5  303.0  247.1  192.0  150.6  109.2
   54.6   34.4   30.0   30.0   30.0   30.0   30.0   30.0   30.0   30.0
   30.0   30.0   30.0   30.0   30.0   30.0   30.0   30.0   30.0   30.0
   30.0   30.0   30.0
  700.0  700.0  700.0  700.0  700.0  700.0  700.0  700.0  700.0  700.0
  700.0  700.0  700.0  700.0  700.0  700.0  700.0  700.0  700.0  700.0
  700.0  700.0  700.0  700.0  700.0  700.0  685.6  651.1  615.5  573.4
  525.1  484.3  453.7  423.1  384.2  327.3  268.1  205.1  159.9  116.1
   59.4   35.3   30.0   30.0   30.0   30.0   30.0   30.0   30.0   30.0
   30.0   30.0   30.0   30.0   30.0   30.0   30.0   30.0   30.0   30.0
   30.0   30.0   30.0
  700.0  700.0  700.0  700.0  700.0  700.0  700.0  700.0  700.0  700.0
  700.0  700.0  700.0  700.0  700.0  700.0  700.0  700.0  700.0  700.0
  700.0  700.0  700.0  700.0  700.0  700.0  700.0  691.6  653.1  615.7
  570.0  516.6  477.9  445.4  412.0  358.6  292.8  224.2  170.3  123.7
   65.0   36.2   30.0   30.0   30.0   30.0   30.0   30.0   30.0   30.0
   30.0   30.0   30.0   30.0   30.0   30.0   30.0   30.0   30.0   30.0
   30.0   30.0   30.0
  700.0  700.0  700.0  700.0  700.0  700.0  700.0  700.0  700.0  700.0
  700.0  700.0  700.0  700.0  700.0  700.0  700.0  700.0  700.0  700.0
  700.0  700.0  700.0  700.0  700.0  700.0  700.0  700.0  700.0  700.0
  700.0  700.0  700.0  661.8  604.8  531.3  470.8  419.1  318.8  203.2
  117.7   43.6   30.0   30.0   30.0   30.0   30.0   30.0   30.0   30.0
   30.0   30.0   30.0   30.0   30.0   30.0   30.0   30.0   30.0   30.0
   30.0   30.0   30.0


